1.000000000000000000000000000000000000000000000000000000000000000000000000000000000000000000000000000000000000000000000000000000000000000000000000000000000000000000000000000000000000000000000000000000000000000000000000000000000000000000000000000000000000000000000000000000000000000000000000000000000000e+01 3.567243083061880413690612014640879675266605845344411109748398834704546242471876641561011440756960229629047440070594278042936008890091671148595142855314515386881416108076271500299995637567077277434786360216237260989142152630319111493160382158503369218169370604490912030411531832279069615232300000000000e-08
3.000000000000000000000000000000000000000000000000000000000000000000000000000000000000000000000000000000000000000000000000000000000000000000000000000000000000000000000000000000000000000000000000000000000000000000000000000000000000000000000000000000000000000000000000000000000000000000000000000000000000e+01 3.492240671789638524437153746439321726514963231619986012938117445603701880388905899858635877216480712160250160452237396714229118382986612132026855940882071112530516682602193925264789301126896727794409873903031856815730959915052987914828385076929784507260422650667577965815182482550673941314200000000000e-08
9.000000000000000000000000000000000000000000000000000000000000000000000000000000000000000000000000000000000000000000000000000000000000000000000000000000000000000000000000000000000000000000000000000000000000000000000000000000000000000000000000000000000000000000000000000000000000000000000000000000000000e+01 4.579272041761437663309329629215731393411861787881397264179296859547465489727447174597739644206781563349637359865162689912497262622618735693771564901177712145284302792369027144048249627056500300895115745575898984290215520689296912475022115657430377143002040436048833874936464798775256764605200000000000e-08
2.700000000000000000000000000000000000000000000000000000000000000000000000000000000000000000000000000000000000000000000000000000000000000000000000000000000000000000000000000000000000000000000000000000000000000000000000000000000000000000000000000000000000000000000000000000000000000000000000000000000000e+02 5.422312129571632113546903325262201708112100609419102290990814146039796837203123056172254296457793400308554095153994678477753329679621224317082469647353080096228353109197456124573928547080301072505325657627548312008030100134046513127579934322460049365933535187980645688214722382837246068513100000000000e-08
8.100000000000000000000000000000000000000000000000000000000000000000000000000000000000000000000000000000000000000000000000000000000000000000000000000000000000000000000000000000000000000000000000000000000000000000000000000000000000000000000000000000000000000000000000000000000000000000000000000000000000e+02 4.654455171010256122329591409192608706859302783718754019563415898683115584792963717899322612182859643070692644248580075749171365948489926708104147185341678932477290160210210456478113975497653400743309266306043922635198925561663208714120997166248163191106309904035597878726126943014239952970200000000000e-08
2.430000000000000000000000000000000000000000000000000000000000000000000000000000000000000000000000000000000000000000000000000000000000000000000000000000000000000000000000000000000000000000000000000000000000000000000000000000000000000000000000000000000000000000000000000000000000000000000000000000000000e+03 3.336589582971436181693284124284976638677656761190759145850489429051923015068540870051081313405483124318763765444035469282559700592399105125000188823874688923024018845960848365167038460572846843513861269277271491380126535939830124038328301991643197573343961906728125276482069233747594682501000000000000e-08
7.290000000000000000000000000000000000000000000000000000000000000000000000000000000000000000000000000000000000000000000000000000000000000000000000000000000000000000000000000000000000000000000000000000000000000000000000000000000000000000000000000000000000000000000000000000000000000000000000000000000000e+03 4.462093133484593027336800985272636799840473223391261113515359354795704122527744345322954273060619020569138688603879973942019961281616044096752038319603228015717097813376521482771892980932326576314133810307700625171739540541645251478685923429758309745200126507575822712919021095936077265954500000000000e-08
2.187000000000000000000000000000000000000000000000000000000000000000000000000000000000000000000000000000000000000000000000000000000000000000000000000000000000000000000000000000000000000000000000000000000000000000000000000000000000000000000000000000000000000000000000000000000000000000000000000000000000e+04 3.757507976008158820291447060409503047752478345863009950478527706962837297481645595058197073850299550130523071678577697104014715311962218855775629293565153097131226972034436631029959444903273802999923766786111923550473893619156331702028186483138182878672799627573481327166998130091967125782500000000000e-08
6.561000000000000000000000000000000000000000000000000000000000000000000000000000000000000000000000000000000000000000000000000000000000000000000000000000000000000000000000000000000000000000000000000000000000000000000000000000000000000000000000000000000000000000000000000000000000000000000000000000000000e+04 8.968582652477036544291311337487368859611115303797533224714947033543164930114447414880397154990198125399698667370646183304697196105477060384133920396388282071855333851649976391809474717869271436693163012666313845553802547923572869126789510478573270284130084377038273777751045529683175123028400000000000e-08
1.968300000000000000000000000000000000000000000000000000000000000000000000000000000000000000000000000000000000000000000000000000000000000000000000000000000000000000000000000000000000000000000000000000000000000000000000000000000000000000000000000000000000000000000000000000000000000000000000000000000000e+05 3.077385059798443807182890385467860299647545315579250147337538595765697307546737124162213085376967177018770136094200610865740506579636683889944167786400111607191550650325185528337055615194050329982325342953925973015719916101958009169865737443242392592852532203025325397828497108537409689846200000000000e-07
5.904900000000000000000000000000000000000000000000000000000000000000000000000000000000000000000000000000000000000000000000000000000000000000000000000000000000000000000000000000000000000000000000000000000000000000000000000000000000000000000000000000000000000000000000000000000000000000000000000000000000e+05 6.970847955453010377006599571916203633338510623548620750633303762818777699229708703512585679798412697265407329078105731460164087043464313338025373105377527829983858021916780500807682419059146356974166792856378928750993092684873892196535138740045848630896433024634383953801701102724860269179700000000000e-07
1.771470000000000000000000000000000000000000000000000000000000000000000000000000000000000000000000000000000000000000000000000000000000000000000000000000000000000000000000000000000000000000000000000000000000000000000000000000000000000000000000000000000000000000000000000000000000000000000000000000000000e+06 3.331100905310158119962747940206596399638912757827663989901100592106560872441479314111447459610481596557302895393842264495185574226912865464304829604703739634358801424865503966358912699730628850086090975521575133399592634973301137193973430543263956077108848257095447148219854809425015145022500000000000e-06
5.314410000000000000000000000000000000000000000000000000000000000000000000000000000000000000000000000000000000000000000000000000000000000000000000000000000000000000000000000000000000000000000000000000000000000000000000000000000000000000000000000000000000000000000000000000000000000000000000000000000000e+06 3.869554193370924723263405252071838458867102019506753608388906565961970486674360229641768211877381340570140670424096584955394741930135332267821110040175806336123479650725829671903336097578592633615637223766835206180325279724525215423950871156631541421164578358614225288804390178893995805107900000000000e-05
1.594323000000000000000000000000000000000000000000000000000000000000000000000000000000000000000000000000000000000000000000000000000000000000000000000000000000000000000000000000000000000000000000000000000000000000000000000000000000000000000000000000000000000000000000000000000000000000000000000000000000e+07 3.749188841125324518181077460244332879443574273651427729240996020264531303168245593561271570731258125273811127258377492469179977549332482625757254520860614437574978693313392094281292686667702336357735918143111696118280975413725171881617511205560606190224517796880375183755914713340548656997900000000000e-04
4.782969000000000000000000000000000000000000000000000000000000000000000000000000000000000000000000000000000000000000000000000000000000000000000000000000000000000000000000000000000000000000000000000000000000000000000000000000000000000000000000000000000000000000000000000000000000000000000000000000000000e+07 1.350967208387091099344468649008438350045366247632491866094021231069847399769608760720863444106360698378647503608383078854335907779355217794791808556183880114351438723841668017998087342186738816253917311376291342782461161397422145989077226105107423591053988100660345563018264718280334269336300000000000e-04
1.434890700000000000000000000000000000000000000000000000000000000000000000000000000000000000000000000000000000000000000000000000000000000000000000000000000000000000000000000000000000000000000000000000000000000000000000000000000000000000000000000000000000000000000000000000000000000000000000000000000000e+08 2.066158889625534858562954495672292709001406922273162315503966765032256731001105707545284306859921423780879060861999648555653419080150832733806284655328619048435566865387147577399051325351045553116675361683693572168595759544725499694323325871087928344567958447682583999356478709616889458048900000000000e-04
4.304672100000000000000000000000000000000000000000000000000000000000000000000000000000000000000000000000000000000000000000000000000000000000000000000000000000000000000000000000000000000000000000000000000000000000000000000000000000000000000000000000000000000000000000000000000000000000000000000000000000e+08 1.852227346489045231382674360913201758160164512349572880147204195379532994392395520633663902557554919231190570150021171485298984051656769756409152316251454350066518605236572916795377638899122915789113313969553433309511120336026979212369119873897118721232492240238340103486974121016663907603800000000000e-04
1.291401630000000000000000000000000000000000000000000000000000000000000000000000000000000000000000000000000000000000000000000000000000000000000000000000000000000000000000000000000000000000000000000000000000000000000000000000000000000000000000000000000000000000000000000000000000000000000000000000000000e+09 1.072547587304159185826259733841344038662978126549925243279619038095587929497120416454951911519353461595531468127534688624179336560224902536633065278096665711115286558613432891370635998037459228808399764569850802692214362791208579428016998033880949681309039155338574801112607310566593846635800000000000e-03
3.874204890000000000000000000000000000000000000000000000000000000000000000000000000000000000000000000000000000000000000000000000000000000000000000000000000000000000000000000000000000000000000000000000000000000000000000000000000000000000000000000000000000000000000000000000000000000000000000000000000000e+09 6.516286688859897348650661526161809182405527543869184737174142461367122669534137826281050679840949501482455411801885277915617193657758888847732954907627225398400985774909060971433688872937162440210316547746000696107833919484814198662929743423591631737489598896473274235913996405441290585590900000000000e-04
1.162261467000000000000000000000000000000000000000000000000000000000000000000000000000000000000000000000000000000000000000000000000000000000000000000000000000000000000000000000000000000000000000000000000000000000000000000000000000000000000000000000000000000000000000000000000000000000000000000000000000e+10 1.123692332028357608271141716805753019287219384632735293022931603753554224963779831607000614692205119572747490148411963460188102877974307098762489596141418055516842770103390073094635829632566761537801714843737161164670719817600848497064274254305914862216622983629513979061296171647475841050500000000000e-04
3.486784401000000000000000000000000000000000000000000000000000000000000000000000000000000000000000000000000000000000000000000000000000000000000000000000000000000000000000000000000000000000000000000000000000000000000000000000000000000000000000000000000000000000000000000000000000000000000000000000000000e+10 3.500095782082479210165608980006683676444669447876536071808465786706319464454680751443268204849013893284306136941268774060398417836700004177626246101603980366252647201578942716572878618981861888456576381237102114752628771391090391630257210756952969372362695700188879076660304627796366141764900000000000e-04
1.046035320300000000000000000000000000000000000000000000000000000000000000000000000000000000000000000000000000000000000000000000000000000000000000000000000000000000000000000000000000000000000000000000000000000000000000000000000000000000000000000000000000000000000000000000000000000000000000000000000000e+11 4.002189917332320244560121254480144832076504322829997461867960151803347265515094804575435093773630843224739118931217030160120976586248516408644376262147712448378556382082539658303834996217514409463926375397851508122115244577907311057649145937756197232915474166753741171189310772505099749403800000000000e-04
3.138105960900000000000000000000000000000000000000000000000000000000000000000000000000000000000000000000000000000000000000000000000000000000000000000000000000000000000000000000000000000000000000000000000000000000000000000000000000000000000000000000000000000000000000000000000000000000000000000000000000e+11 1.998919604381728386064767709119552105037147032276521687386641882865058870362199992275316184493917948092060388950166053071322994880797475009385953239113935681275021574353098142551450169319912730090724895406327764743741334387983320794672045910236371977513441381451996679156928937250129412156400000000000e-05
9.414317882700000000000000000000000000000000000000000000000000000000000000000000000000000000000000000000000000000000000000000000000000000000000000000000000000000000000000000000000000000000000000000000000000000000000000000000000000000000000000000000000000000000000000000000000000000000000000000000000000e+11 4.597410564748724658814545397192327872875060018899232041848712781364980877920977576267340408026337504376800697285446910168955421303134661105078472207911303378323986978241246549677367674985822030914719062470321773121710634583889107710374170449618699916300145483736164230305964301315048979889400000000000e-04
2.824295364810000000000000000000000000000000000000000000000000000000000000000000000000000000000000000000000000000000000000000000000000000000000000000000000000000000000000000000000000000000000000000000000000000000000000000000000000000000000000000000000000000000000000000000000000000000000000000000000000e+12 1.728352932082282654236057676316542644854760114501463316298714362762823372766056024521118957317060714507391775022838653767778519613810322664462677658967483370174414634588638628554309181454988192902114409132409024168223215466201945639265555374834244243658048181824803807563547051543044501757700000000000e-04
8.472886094430000000000000000000000000000000000000000000000000000000000000000000000000000000000000000000000000000000000000000000000000000000000000000000000000000000000000000000000000000000000000000000000000000000000000000000000000000000000000000000000000000000000000000000000000000000000000000000000000e+12 7.919510687464422649252839279558975971778722457204112571311363530124656367185177219385146257441494020033364799063130891945189386241763765017236805640591908021392742393313021861527190297208695478253822268355427782136576985627230820233394920776820106656364764255146519855560939369973213597133400000000000e-05
2.541865828329000000000000000000000000000000000000000000000000000000000000000000000000000000000000000000000000000000000000000000000000000000000000000000000000000000000000000000000000000000000000000000000000000000000000000000000000000000000000000000000000000000000000000000000000000000000000000000000000e+13 1.521273752054716244991931374706315173227826254242470109141413445526061494334938583295554494029907101531318691327516189575469973720307343037710736933073464996512198973193048782864335623624246797420567325659404415053440918146891390786409985014736202105718956414320047610558632839098079767378200000000000e-03
7.625597484987000000000000000000000000000000000000000000000000000000000000000000000000000000000000000000000000000000000000000000000000000000000000000000000000000000000000000000000000000000000000000000000000000000000000000000000000000000000000000000000000000000000000000000000000000000000000000000000000e+13 9.611322116477431873387800623171386476768424291514362746713502717154849370967586201331891478449688174568540006964960145517098038978742685069680410119979075167420284007914081755242571723167920099826488794995280633743692954181877355119523169070653022532631731956421616635704847469396831064676200000000000e-05
2.287679245496100000000000000000000000000000000000000000000000000000000000000000000000000000000000000000000000000000000000000000000000000000000000000000000000000000000000000000000000000000000000000000000000000000000000000000000000000000000000000000000000000000000000000000000000000000000000000000000000e+14 4.049616027141031944517719866894970729490428990140982672377906187047329639676424108740344265135601386553243441238602256490502682388382805029673519050838133473936324804478715282186934911049365692463988348624023838687742373906557657846933271726364921071741508278659748311518221039471557065280100000000000e-05
6.863037736488300000000000000000000000000000000000000000000000000000000000000000000000000000000000000000000000000000000000000000000000000000000000000000000000000000000000000000000000000000000000000000000000000000000000000000000000000000000000000000000000000000000000000000000000000000000000000000000000e+14 4.324784962615958402118681300618173351380189830733644016630372697003785346966083856335682056301488446294678225536349042268202418398585114349854829200301772731271203457459174144094752119745700856548186988702310553764722470930207390083626351649607242498438512244289107478635214565869755723536100000000000e-04
2.058911320946490000000000000000000000000000000000000000000000000000000000000000000000000000000000000000000000000000000000000000000000000000000000000000000000000000000000000000000000000000000000000000000000000000000000000000000000000000000000000000000000000000000000000000000000000000000000000000000000e+15 5.098937686107476532519312353542070391819728436062973738944281706055204383270853226422253007125574622805250740606459453164888360973916503855941571859737300459447855180001999888662029389226255536282593354679583598988712623867823942901495099691034096334172185200877859886850820320376853545053500000000000e-04
6.176733962839470000000000000000000000000000000000000000000000000000000000000000000000000000000000000000000000000000000000000000000000000000000000000000000000000000000000000000000000000000000000000000000000000000000000000000000000000000000000000000000000000000000000000000000000000000000000000000000000e+15 4.936416659801294272285685986520443679775082100759645796121046297816484556210470123717247977443031274889847859751698275043567244377717441767423909160292457250846608420428888861853023278672530889612423604404012973268384235739979446753900382230099870349028061014306788261591002069905944478937200000000000e-05
