1.000000000000000000000000000000000000000000000000000000000000000000000000000000000000000000000000000000000000000000000000000000000000000000000000000000000000000000000000000000000000000000000000000000000000000000000000000000000000000000000000000000000000000000000000000000000000000000000000000000000000e+01 1.007956717643108448680236484630283828557791129210794190987202980652224067719593688468858342626042623264744673837648387737748047034292989626287085712075008413182007191745650525398829458402674051668988182325959160479354701190178442119638183824911449171641239622398448358183428746905793710720000000000000e-57
3.000000000000000000000000000000000000000000000000000000000000000000000000000000000000000000000000000000000000000000000000000000000000000000000000000000000000000000000000000000000000000000000000000000000000000000000000000000000000000000000000000000000000000000000000000000000000000000000000000000000000e+01 4.749653550146337147188456326444963986362509817352210663733332306365210746545911579973041174773115508847894626710959176072225297445439077928695391716455538700864205159284631879831471427367591740611984901987494746858861044961115441531531510727360202756658298370463941323923973052054498119986200000000000e-58
9.000000000000000000000000000000000000000000000000000000000000000000000000000000000000000000000000000000000000000000000000000000000000000000000000000000000000000000000000000000000000000000000000000000000000000000000000000000000000000000000000000000000000000000000000000000000000000000000000000000000000e+01 6.010340995844811685279566929071127961209593428018111251266305037847740193729224578016556230172244061658699891229763092401979676383590058019645953180093048176063619180935980704229979297700459496324484194072953648399381251088575061371415827281028968644633770400368696314759584264415382981084000000000000e-58
2.700000000000000000000000000000000000000000000000000000000000000000000000000000000000000000000000000000000000000000000000000000000000000000000000000000000000000000000000000000000000000000000000000000000000000000000000000000000000000000000000000000000000000000000000000000000000000000000000000000000000e+02 1.771046421383105388417036925991253568986830148614697207157508095035301090734475018953925744511605874819222052637260798272729237662319600971754122780616984756830735655518677013027539390640228002831276379300339702826601000647079191720219927404278727205943967987286820648734466816095610769440000000000000e-57
8.100000000000000000000000000000000000000000000000000000000000000000000000000000000000000000000000000000000000000000000000000000000000000000000000000000000000000000000000000000000000000000000000000000000000000000000000000000000000000000000000000000000000000000000000000000000000000000000000000000000000e+02 1.651936168507444534314683399644061263403312473062997690905354135193323911003859268960763145038070277373197555770131962811803702421206901746898610816463070540448170660191714545294920961269190922682816114537297930915212956099024947394971847662200036322257195654824376500696564926394565774217800000000000e-56
2.430000000000000000000000000000000000000000000000000000000000000000000000000000000000000000000000000000000000000000000000000000000000000000000000000000000000000000000000000000000000000000000000000000000000000000000000000000000000000000000000000000000000000000000000000000000000000000000000000000000000e+03 3.239436715823832771387308935344839871763907171436827763238479460707589176668718623705229693342080598430960116743246206044517645340444079458276816183545942133330513407583643533230572115493865206098660488043406679121055971897601756845653335052999666567774532907564829387638770458013119487910400000000000e-56
7.290000000000000000000000000000000000000000000000000000000000000000000000000000000000000000000000000000000000000000000000000000000000000000000000000000000000000000000000000000000000000000000000000000000000000000000000000000000000000000000000000000000000000000000000000000000000000000000000000000000000e+03 1.732661239586851285809906643722937004955442069172309061242455002358580672316166679202207665311996349558775546367943957947302221799046430551863095593565051554494923957141405287460198146192102714821238477795851622869223524224744698829325876604112995505252602935088559111742396618656366863817000000000000e-54
2.187000000000000000000000000000000000000000000000000000000000000000000000000000000000000000000000000000000000000000000000000000000000000000000000000000000000000000000000000000000000000000000000000000000000000000000000000000000000000000000000000000000000000000000000000000000000000000000000000000000000e+04 1.243222994877989327374187833975509245435643101579628818118568367776300992664718551283142742452135700135523128276540134770051920981741427329387680806932615161253419647633454383920014680267808847344335133625790185762935342964191281032754542400153217255866762073724399777317479104421749381323800000000000e-54
6.561000000000000000000000000000000000000000000000000000000000000000000000000000000000000000000000000000000000000000000000000000000000000000000000000000000000000000000000000000000000000000000000000000000000000000000000000000000000000000000000000000000000000000000000000000000000000000000000000000000000e+04 7.857508277086599630158762113942375427174748730190750192844957700456235783806776272047618085713369519073416979207576042606389155185187433450686991937146439873667921670595631592547002772935332962677857840305921752583241101861694165438426288387126568532269594839314908486562903303907444715319500000000000e-55
1.968300000000000000000000000000000000000000000000000000000000000000000000000000000000000000000000000000000000000000000000000000000000000000000000000000000000000000000000000000000000000000000000000000000000000000000000000000000000000000000000000000000000000000000000000000000000000000000000000000000000e+05 1.320442636780997405230760609161650824208526253779285009724927961614603976869284079880937392326263552787816626969579213000936050258073302331013207321744223267405922609584520086631195194053182752888317619243801964918614110234667855351765618325440171258850551557125377671549662665466323163929000000000000e-54
5.904900000000000000000000000000000000000000000000000000000000000000000000000000000000000000000000000000000000000000000000000000000000000000000000000000000000000000000000000000000000000000000000000000000000000000000000000000000000000000000000000000000000000000000000000000000000000000000000000000000000e+05 6.506959266075890104657822774904116505018578319600908952046615538906301673759894025057436336821259611714007212896396870810533011689097832938875656888977866873478704166687435575821652146609305571321381360013654180197296198617252253260034794072836557175758793183749635907835132995430434170973000000000000e-54
1.771470000000000000000000000000000000000000000000000000000000000000000000000000000000000000000000000000000000000000000000000000000000000000000000000000000000000000000000000000000000000000000000000000000000000000000000000000000000000000000000000000000000000000000000000000000000000000000000000000000000e+06 2.069561485851964620018667413075296226171231021387226039118541982761429116378728876429419208975272443508116963804837665043536694488940836495150263886218721440959216636761914936003901581825355132454196852607447095722623278802879566206344707963161359181632076363620367220133648822399399054979500000000000e-54
5.314410000000000000000000000000000000000000000000000000000000000000000000000000000000000000000000000000000000000000000000000000000000000000000000000000000000000000000000000000000000000000000000000000000000000000000000000000000000000000000000000000000000000000000000000000000000000000000000000000000000e+06 1.735741112281740181974884626188634514886500192943766763134749091068594398907485097680360951032109797074225127790600190830937856199768979586180865580574336171560542411241085567970159555111763444497534055871609173641317631925733954052698387437997015238671310046819238039460174309559409588106600000000000e-55
1.594323000000000000000000000000000000000000000000000000000000000000000000000000000000000000000000000000000000000000000000000000000000000000000000000000000000000000000000000000000000000000000000000000000000000000000000000000000000000000000000000000000000000000000000000000000000000000000000000000000000e+07 2.250648086020788659585536312708296452148892261167196397443271973820385228714080874204778341049734299153181334848632438672548255085448808188310873619829461383350010191300400183643618865053379963088816717580637793757979877300223647944083922645165562456736277551528655739020274688607510650354900000000000e-54
4.782969000000000000000000000000000000000000000000000000000000000000000000000000000000000000000000000000000000000000000000000000000000000000000000000000000000000000000000000000000000000000000000000000000000000000000000000000000000000000000000000000000000000000000000000000000000000000000000000000000000e+07 4.280748716309586554221951245346250280865653022798097010501086660923447022750284014510117984172385963048748601377317247122868583028342623008317526171081362347723249501298767389397106014354858343311159187134514090995262514694660101625856781913609947282274337366902264983788296641790178721965200000000000e-54
1.434890700000000000000000000000000000000000000000000000000000000000000000000000000000000000000000000000000000000000000000000000000000000000000000000000000000000000000000000000000000000000000000000000000000000000000000000000000000000000000000000000000000000000000000000000000000000000000000000000000000e+08 1.238901435133037943206706252589652598591159217444216075981389013719854523957542204392906628560986698729345893046743187896817885998568617232296609885173774665896088648256210537610363458050771261062912708772765049942584675912896674092670779628344739920697698653498910039843208375182393066292600000000000e-55
4.304672100000000000000000000000000000000000000000000000000000000000000000000000000000000000000000000000000000000000000000000000000000000000000000000000000000000000000000000000000000000000000000000000000000000000000000000000000000000000000000000000000000000000000000000000000000000000000000000000000000e+08 1.160079732888198026866664227731207052306145049898993957151788079317328378672418016179881696711690073226204801087609575960130148794107183673617697666798683920806880161615055905184499506068526040806690446552299375478440964719082241637102589605376030229728272290264904911020218384458012836713900000000000e-53
1.291401630000000000000000000000000000000000000000000000000000000000000000000000000000000000000000000000000000000000000000000000000000000000000000000000000000000000000000000000000000000000000000000000000000000000000000000000000000000000000000000000000000000000000000000000000000000000000000000000000000e+09 3.705998546470019743324719317644429643607500952370220056362442410144734706926377126879238981676824077078398427216270662768199433436823097455398491554198199433967531691872843462045923649062386506512494558528228692816748386291077874187235260632841641596495853622318251293548501481570901564896400000000000e-54
3.874204890000000000000000000000000000000000000000000000000000000000000000000000000000000000000000000000000000000000000000000000000000000000000000000000000000000000000000000000000000000000000000000000000000000000000000000000000000000000000000000000000000000000000000000000000000000000000000000000000000e+09 2.808524237648532749796270673829563074412567544513153000147914833675304412809558631423920929166508149220800051160951643259661602581077090118471645345968115463698362228195302481642727498058810365127643489644123185392711967892856555222479357969724444065376474038930754791845424890273805544189200000000000e-54
1.162261467000000000000000000000000000000000000000000000000000000000000000000000000000000000000000000000000000000000000000000000000000000000000000000000000000000000000000000000000000000000000000000000000000000000000000000000000000000000000000000000000000000000000000000000000000000000000000000000000000e+10 6.266317134376340512953759727109268691035209476799061504973551202946163247922988559536361851584965672433704062057564042345273183550012126455808217940717160797987683003217138588024321710595220575510105985108698096839483433846596053137092998397160346138605787223579169595784406297294170420103400000000000e-54
3.486784401000000000000000000000000000000000000000000000000000000000000000000000000000000000000000000000000000000000000000000000000000000000000000000000000000000000000000000000000000000000000000000000000000000000000000000000000000000000000000000000000000000000000000000000000000000000000000000000000000e+10 8.300891709061936254865503744742505239143416454006310409387239285089097817127358475037883613418014249751471446223205464339421807488319247559294893578178794302140930155544215612034821029876751814292553238311409410986744065473057525129113753867710729593478283154220527974487671985577084771542600000000000e-54
1.046035320300000000000000000000000000000000000000000000000000000000000000000000000000000000000000000000000000000000000000000000000000000000000000000000000000000000000000000000000000000000000000000000000000000000000000000000000000000000000000000000000000000000000000000000000000000000000000000000000000e+11 8.800750902326613642287815431527481183388763695023778129069689512258982248511630865975976689944042160504403783065593624622686470002824116361161790578021734499439294813105337334424664361411690489112209360323757079560049855617043805517884552512663810881875591976728409476273032727602702480925800000000000e-54
3.138105960900000000000000000000000000000000000000000000000000000000000000000000000000000000000000000000000000000000000000000000000000000000000000000000000000000000000000000000000000000000000000000000000000000000000000000000000000000000000000000000000000000000000000000000000000000000000000000000000000e+11 3.833890705009752621580587281837519081082669829795123420078241117379996933539922629431771251314097524218961671177928848549886053536233343114292981816500876264095465172001796932974384760040875307679996797324301477549661415622913509502791581721261295741058753647172722018976796251051069493432100000000000e-54
9.414317882700000000000000000000000000000000000000000000000000000000000000000000000000000000000000000000000000000000000000000000000000000000000000000000000000000000000000000000000000000000000000000000000000000000000000000000000000000000000000000000000000000000000000000000000000000000000000000000000000e+11 2.114997394509230142693029148200459145614484890209117524995685352250991446702171991136152368181665276855397174181910242315255021284286502757407511089812597570120269923154023690829505187018667214209640177462726165512625260278696370388139622157355189259188244073103738346752624828845257249763000000000000e-53
2.824295364810000000000000000000000000000000000000000000000000000000000000000000000000000000000000000000000000000000000000000000000000000000000000000000000000000000000000000000000000000000000000000000000000000000000000000000000000000000000000000000000000000000000000000000000000000000000000000000000000e+12 4.750581082929006407392605687120062784098569852946752148277780241893438118039034151033470014460031795584508864425137037698585568983642050666470900541724460253761340958581803782544126691163828273637553660453078814105991810586891420963176611604681503143851300822717571003893231903041385735516700000000000e-55
8.472886094430000000000000000000000000000000000000000000000000000000000000000000000000000000000000000000000000000000000000000000000000000000000000000000000000000000000000000000000000000000000000000000000000000000000000000000000000000000000000000000000000000000000000000000000000000000000000000000000000e+12 1.724687780415031092805005085689394086374428010049876321656783297656767642298104386659529563493751855494873479110191592058126975908158874293004285336343201641121512755156507293728439466843760403979323038990303590401170219602288349656831868620644179251327137311507092843944267823512585640278200000000000e-54
2.541865828329000000000000000000000000000000000000000000000000000000000000000000000000000000000000000000000000000000000000000000000000000000000000000000000000000000000000000000000000000000000000000000000000000000000000000000000000000000000000000000000000000000000000000000000000000000000000000000000000e+13 3.825005312677578723615274277302511296711233241357372934231713617692600005839694511130493450744598701008615566524827052827035464682227037881465934925036989617386117137752068427795800516924981569853672459751142950684073905258473617609747262246955614792558510200118080665425884278928346979214500000000000e-55
7.625597484987000000000000000000000000000000000000000000000000000000000000000000000000000000000000000000000000000000000000000000000000000000000000000000000000000000000000000000000000000000000000000000000000000000000000000000000000000000000000000000000000000000000000000000000000000000000000000000000000e+13 5.733174716158937402089323788422099497531823875769497606598364198934289475879432269253041312183028578640050125822033959248405234622854903749674221551848708028594397602147818679853687891268802683708798332396113430076919766001853835386761285048567998603184293844366183412933116899368160978467900000000000e-54
2.287679245496100000000000000000000000000000000000000000000000000000000000000000000000000000000000000000000000000000000000000000000000000000000000000000000000000000000000000000000000000000000000000000000000000000000000000000000000000000000000000000000000000000000000000000000000000000000000000000000000e+14 2.983139533497887931069233108314356487397555966191263410781376784988372303280402539536556154682980337792519364719513047654020494202659422157835163121433660033216455383510250665311829848122366693813859151619078475715153763894937836271485671011128692730304975696114697903907228321507572990384300000000000e-53
6.863037736488300000000000000000000000000000000000000000000000000000000000000000000000000000000000000000000000000000000000000000000000000000000000000000000000000000000000000000000000000000000000000000000000000000000000000000000000000000000000000000000000000000000000000000000000000000000000000000000000e+14 4.102548587985841453615257762156598117871410451085348353788099146986492141120986687052704584814591983978394204547375292604385218778946324035613589017242801641052865659310764515577459740579811333295265777303627794779651112230197297385994990484819294265719917964358613726043650740350699197618600000000000e-56
2.058911320946490000000000000000000000000000000000000000000000000000000000000000000000000000000000000000000000000000000000000000000000000000000000000000000000000000000000000000000000000000000000000000000000000000000000000000000000000000000000000000000000000000000000000000000000000000000000000000000000e+15 8.298618596526273944526319322649879682044158788527731901433395491252727996910733188371676248726693044180033456292123463912946021125181542819336667357275693004703313590276574768123914815995001979052064471224636994697300114996904388727259661023618291246345322570791151813798819515561782686072200000000000e-56
6.176733962839470000000000000000000000000000000000000000000000000000000000000000000000000000000000000000000000000000000000000000000000000000000000000000000000000000000000000000000000000000000000000000000000000000000000000000000000000000000000000000000000000000000000000000000000000000000000000000000000e+15 6.514866696055987543124264719271575460502969728862155998582001882975655997922963007623004873742370057831720702095881657450749908342712032906897181294143064955970009830184518394525529000553927451850381427084968765647827560788256430795001143388592910685351599129084476518821289441195942160347600000000000e-54
