1.000000000000000000000000000000000000000000000000000000000000000000000000000000000000000000000000000000000000000000000000000000000000000000000000000000000000000000000000000000000000000000000000000000000000000000000000000000000000000000000000000000000000000000000000000000000000000000000000000000000000e+00 4.262247916883218414539411448693589721144351814140250458738471228579015900961608491731017400056829644575463081941882704382927172110191122568597179800208511506803233225274924446025637983255040889873242665478305394149268951901311477622238229155397647943705156737518729161758234834553816901811600000000000e-02
3.000000000000000000000000000000000000000000000000000000000000000000000000000000000000000000000000000000000000000000000000000000000000000000000000000000000000000000000000000000000000000000000000000000000000000000000000000000000000000000000000000000000000000000000000000000000000000000000000000000000000e+00 3.645206829730337128647334003017037319898266520272083344914960224716747483700886187445705434454845669030916948253295932078267592619977939408767330857204139134848198685112653136098503932233783732305675202387209365467626718304768787339920402249608667420615410982489305456373972346115839928921000000000000e-02
9.000000000000000000000000000000000000000000000000000000000000000000000000000000000000000000000000000000000000000000000000000000000000000000000000000000000000000000000000000000000000000000000000000000000000000000000000000000000000000000000000000000000000000000000000000000000000000000000000000000000000e+00 3.840501814251025588418836666021959557892652504351185634791610256909729118328685941081770397675195314626086117252437182716949726010648344958313298850291948895470748787879421369239940669498032245086209894601321595555124932383523677116516995357159253976165568212192025851669927390520374418224400000000000e-02
2.700000000000000000000000000000000000000000000000000000000000000000000000000000000000000000000000000000000000000000000000000000000000000000000000000000000000000000000000000000000000000000000000000000000000000000000000000000000000000000000000000000000000000000000000000000000000000000000000000000000000e+01 3.389040095496852418785135677254020075780486972902593558445780220425131146773547659064371661146869279939270512295136905459686766208773274418004162684351719761872540541921910725242316093887923018929936479737022133155594951212103617497490181861338781053052520305371664618082889876097666084625400000000000e-02
8.100000000000000000000000000000000000000000000000000000000000000000000000000000000000000000000000000000000000000000000000000000000000000000000000000000000000000000000000000000000000000000000000000000000000000000000000000000000000000000000000000000000000000000000000000000000000000000000000000000000000e+01 4.439233070939491642522162430543042105568740242127007975473741885736708245493787805706864424979773616867541057406253355798658621817332817357693907179423905118646171070560361896710304108655760308892340249649815785821479576205707467109252741288354659831538300665473691440838911270132730678595800000000000e-02
2.430000000000000000000000000000000000000000000000000000000000000000000000000000000000000000000000000000000000000000000000000000000000000000000000000000000000000000000000000000000000000000000000000000000000000000000000000000000000000000000000000000000000000000000000000000000000000000000000000000000000e+02 4.216954628373832585428778844554839044407816404639507573170687671701196275675479930167140650694656095570914447503499588663423866127035653025997744241779668204607901277727291692350651325597332929806330241259208388474134410208431552124122535900206963359876246852209791356971816998802927764226700000000000e-02
7.290000000000000000000000000000000000000000000000000000000000000000000000000000000000000000000000000000000000000000000000000000000000000000000000000000000000000000000000000000000000000000000000000000000000000000000000000000000000000000000000000000000000000000000000000000000000000000000000000000000000e+02 4.161345289555108450776447899102631220056470841590062989510858634068001785009392941676975190993166570311474954988534275663876533626285353528926136260710319413831969950852802100414819069900621614645809508420722422495162971336691447667231400467969474119012721131771952602089306750078297096874900000000000e-02
2.187000000000000000000000000000000000000000000000000000000000000000000000000000000000000000000000000000000000000000000000000000000000000000000000000000000000000000000000000000000000000000000000000000000000000000000000000000000000000000000000000000000000000000000000000000000000000000000000000000000000e+03 3.288176449547025642366336522654548289804554660459065006958001907310309168223515355383924697590786815063650928249297870933870308399786775393835070836172447643820086462062754164793880075691088202598776992943223737549698448331440508512816092738478304993081280691495720258205253150766926130095700000000000e-02
6.561000000000000000000000000000000000000000000000000000000000000000000000000000000000000000000000000000000000000000000000000000000000000000000000000000000000000000000000000000000000000000000000000000000000000000000000000000000000000000000000000000000000000000000000000000000000000000000000000000000000e+03 3.938238781622893270304606189390768654190484413344924724079975126430818596080861209988246333590671312860006314579807088756868440563916843027593580834614171166660838244835061183946825742549199376272744069597111341548923270413196076885934093901276156111942092592039399455305263673987082610931600000000000e-02
1.968300000000000000000000000000000000000000000000000000000000000000000000000000000000000000000000000000000000000000000000000000000000000000000000000000000000000000000000000000000000000000000000000000000000000000000000000000000000000000000000000000000000000000000000000000000000000000000000000000000000e+04 4.340825005142643265427188667169794017523948820077363489042591189482917154227170329878678977776526624490230621540027273388261215711410436034731791762391363367888610028187903200737735451834304755715305627411137616614683648274052427331689665111902228358445844166896317221041905718280599800771100000000000e-02
5.904900000000000000000000000000000000000000000000000000000000000000000000000000000000000000000000000000000000000000000000000000000000000000000000000000000000000000000000000000000000000000000000000000000000000000000000000000000000000000000000000000000000000000000000000000000000000000000000000000000000e+04 4.590964664591083064121192838198556731758521321406449711826850928438819786010417256635712999576124226002135546984225382812890709617468943019921264749466972438403624796735746209408080674486446781911291171877745349713320197846082868802725161625295880232759862155604680080661683570513225492418700000000000e-02
1.771470000000000000000000000000000000000000000000000000000000000000000000000000000000000000000000000000000000000000000000000000000000000000000000000000000000000000000000000000000000000000000000000000000000000000000000000000000000000000000000000000000000000000000000000000000000000000000000000000000000e+05 4.425639876724802282883130627490281013685602955918693836414157421879841588650173429689647519655375585328345499162770013627100413346295584482929126049216634668417217394403503627926647090457113029063477343073428799669441729917175603573149755768252701431389984360031739103879521482657240998568300000000000e-02
5.314410000000000000000000000000000000000000000000000000000000000000000000000000000000000000000000000000000000000000000000000000000000000000000000000000000000000000000000000000000000000000000000000000000000000000000000000000000000000000000000000000000000000000000000000000000000000000000000000000000000e+05 3.423926129262807053274179093329067966794310928645074754673825671995506813335568426463866994561836627104619535970130311408615169833292626428882489089840377563505000033458234881286255943060544942848938004211882059643405995681267833505683110825783256341228005803457860826744968886747357294452700000000000e-02
1.594323000000000000000000000000000000000000000000000000000000000000000000000000000000000000000000000000000000000000000000000000000000000000000000000000000000000000000000000000000000000000000000000000000000000000000000000000000000000000000000000000000000000000000000000000000000000000000000000000000000e+06 4.181547524215214442740383315368140262932447344300495949309051205049849023901492702321047918592925857931287630353370533844548148337430933877061181272132029496463280518376483235241390325618305384401727920776380756915446885721692766981779953070554710042133180748424541237456337981035160185000400000000000e-02
4.782969000000000000000000000000000000000000000000000000000000000000000000000000000000000000000000000000000000000000000000000000000000000000000000000000000000000000000000000000000000000000000000000000000000000000000000000000000000000000000000000000000000000000000000000000000000000000000000000000000000e+06 4.080561555102366462862855884899380784167496958399007272309582684350160460564098868204858792560665995272220966279551319393258571541422175196059708766048726671534478403746259895062382231071690160821578869322632772283789617323649599336819055889020131101194384367491079814295613357996042928832200000000000e-02
1.434890700000000000000000000000000000000000000000000000000000000000000000000000000000000000000000000000000000000000000000000000000000000000000000000000000000000000000000000000000000000000000000000000000000000000000000000000000000000000000000000000000000000000000000000000000000000000000000000000000000e+07 4.571725280942750242013315035625147439356577697478477319018504595758934266097011479189586952708629717979464799897008378555206037902678519482743208067537066088221624119285221293002785341007995591375798374739888881433740642563706310155969168697864031851915831848033437867446960978829963646843800000000000e-02
4.304672100000000000000000000000000000000000000000000000000000000000000000000000000000000000000000000000000000000000000000000000000000000000000000000000000000000000000000000000000000000000000000000000000000000000000000000000000000000000000000000000000000000000000000000000000000000000000000000000000000e+07 3.332477564831927667685298955314772998917357413953152818294372735009301610915745902142577313975448470842920003643572814955567936437798116175217431620192242164100971021625190386284207642672688050048543967609180573788425127976373086874625098912370074814915406329011731779845987509497365218634700000000000e-02
1.291401630000000000000000000000000000000000000000000000000000000000000000000000000000000000000000000000000000000000000000000000000000000000000000000000000000000000000000000000000000000000000000000000000000000000000000000000000000000000000000000000000000000000000000000000000000000000000000000000000000e+08 4.779355390230744512058702484664926239741233518241237812735595321808502790027748923656933306368507066453813235857052081118574548238149809915150648498812106932075901350273325391095819116730885502945395768415061554439668972324998543547699914880837797074553230601309626720079226230647246940794200000000000e-02
3.874204890000000000000000000000000000000000000000000000000000000000000000000000000000000000000000000000000000000000000000000000000000000000000000000000000000000000000000000000000000000000000000000000000000000000000000000000000000000000000000000000000000000000000000000000000000000000000000000000000000e+08 4.478740864148147153077769500670168724376245417026111144237171430067866545505050944567584058960562488664401973396105277585334345586495913438509977197928210502210686551572606372449087943641698458513680477713829818206844474335507625851697673377858614990287590628213910329653811512545347377736000000000000e-02
1.162261467000000000000000000000000000000000000000000000000000000000000000000000000000000000000000000000000000000000000000000000000000000000000000000000000000000000000000000000000000000000000000000000000000000000000000000000000000000000000000000000000000000000000000000000000000000000000000000000000000e+09 3.422488087851329283839919765164843378649919717552243472530687701867829105278190275081669535972895721373741090331260455070754491620001105195967115217018753990564701573467469812796198820315768941354288689933786151335548091720814948912796970416235435233361783554910283631692030595856609951986700000000000e-02
3.486784401000000000000000000000000000000000000000000000000000000000000000000000000000000000000000000000000000000000000000000000000000000000000000000000000000000000000000000000000000000000000000000000000000000000000000000000000000000000000000000000000000000000000000000000000000000000000000000000000000e+09 4.255845714935454511930662316134724219972955032006079484355909319418479523120660592844253457574547151135124894837927738885493840372333289489694436013797142258126682168655400313242524365238056289325940495226654101508321640703643843021410545232938910187532621185098051520264846835205311963195200000000000e-02
1.046035320300000000000000000000000000000000000000000000000000000000000000000000000000000000000000000000000000000000000000000000000000000000000000000000000000000000000000000000000000000000000000000000000000000000000000000000000000000000000000000000000000000000000000000000000000000000000000000000000000e+10 4.294803294656437311607334221688040415414978530465076007610645169669837973542801077528600353019875566972432984611993081022461491234931679856626327299716709244387638142214724178163002688447609976408507730692574876730454917646469595900442831763917704588486297405755042048240587156353836147450800000000000e-02
3.138105960900000000000000000000000000000000000000000000000000000000000000000000000000000000000000000000000000000000000000000000000000000000000000000000000000000000000000000000000000000000000000000000000000000000000000000000000000000000000000000000000000000000000000000000000000000000000000000000000000e+10 4.808264668166006547803732742886740614435784082236823213769207784299629698146611911845882402268212280191440238227515485839858985447805667201018065525711555240675474418820190923831365633555360784023297485163358618264087988002772014550112612855312183160305734991188144124789680515082541530917300000000000e-02
9.414317882700000000000000000000000000000000000000000000000000000000000000000000000000000000000000000000000000000000000000000000000000000000000000000000000000000000000000000000000000000000000000000000000000000000000000000000000000000000000000000000000000000000000000000000000000000000000000000000000000e+10 4.938620813100010755881903725215678117009683570625516374418883943499247082937841198384752728448085281605931520809016241873966519024066553918768787741505123275384387672032931308327222686302601614204667872724955642159416278798756087383943513530127949384683785498024711073229209041448698266107500000000000e-02
2.824295364810000000000000000000000000000000000000000000000000000000000000000000000000000000000000000000000000000000000000000000000000000000000000000000000000000000000000000000000000000000000000000000000000000000000000000000000000000000000000000000000000000000000000000000000000000000000000000000000000e+11 5.730581052342016010539477859579322816539129115580869337037782730748852138976735661038750908412063451821325211994047868247865164807554825868871165658096845920044135028251046339429510436925560103579242316762494445611990630254957792957806915878895984210815278579993965599358401674831181557142100000000000e-02
8.472886094430000000000000000000000000000000000000000000000000000000000000000000000000000000000000000000000000000000000000000000000000000000000000000000000000000000000000000000000000000000000000000000000000000000000000000000000000000000000000000000000000000000000000000000000000000000000000000000000000e+11 6.501728712963245889324578067117198426539913589558792447009680610010066782536062688059658190207900992174762828475204130106175043950736782785901760756479548486256401600867900891249143480261915162156919082515726227112095573279380986449591052133091866417367873692068089664060624407547222259545100000000000e-02
2.541865828329000000000000000000000000000000000000000000000000000000000000000000000000000000000000000000000000000000000000000000000000000000000000000000000000000000000000000000000000000000000000000000000000000000000000000000000000000000000000000000000000000000000000000000000000000000000000000000000000e+12 4.238173080870124398689880253309448499404879951714603503309620884003280141117195720158098149920726413759838097719405855061299678463990149708414036341850654730191130711181789713293858168315408920009828527148175863282951637698248411641668472795478275494137028785026206878201360166415116201366200000000000e-02
7.625597484987000000000000000000000000000000000000000000000000000000000000000000000000000000000000000000000000000000000000000000000000000000000000000000000000000000000000000000000000000000000000000000000000000000000000000000000000000000000000000000000000000000000000000000000000000000000000000000000000e+12 3.942942290762571046557212055549307489723225888322344655261516776396683141419986047424310277117040482230191379656001679827769729010077120362609496856420773045815688325388564212198645843807830466634556489322002486761723083401864579782050466821695244131009176306670926426765866049222990441734600000000000e-02
2.287679245496100000000000000000000000000000000000000000000000000000000000000000000000000000000000000000000000000000000000000000000000000000000000000000000000000000000000000000000000000000000000000000000000000000000000000000000000000000000000000000000000000000000000000000000000000000000000000000000000e+13 4.560278883180896956520104813256337983848698720496122136769155518651844615023352565985275315774903286389226025595215266404940770687707732789261268246267059564965082521282399711462154111032149952437142103314343640998257872078770332392806280719977183733585670117216807939482183082977593192746200000000000e-02
6.863037736488300000000000000000000000000000000000000000000000000000000000000000000000000000000000000000000000000000000000000000000000000000000000000000000000000000000000000000000000000000000000000000000000000000000000000000000000000000000000000000000000000000000000000000000000000000000000000000000000e+13 4.046949829543963684316673244221610499322272538322813585982339715841275349219932501639719178964745212793398547355704584163661382722799011843079294213736694582843952306493958808806512936754854322436873885183164535819336698783693596903351516302081709264129813164928609784855396548798625369096400000000000e-02
2.058911320946490000000000000000000000000000000000000000000000000000000000000000000000000000000000000000000000000000000000000000000000000000000000000000000000000000000000000000000000000000000000000000000000000000000000000000000000000000000000000000000000000000000000000000000000000000000000000000000000e+14 5.201036996704595382164224384081999806624099177393958726607716307029437603003546467679314987755021273126371781627854625917101541905917771173505797001159298115248493198746731902504804927951484616936235597049821298891951399860561945054548956400027368312703502747689915965025501627153996278226500000000000e-02
6.176733962839470000000000000000000000000000000000000000000000000000000000000000000000000000000000000000000000000000000000000000000000000000000000000000000000000000000000000000000000000000000000000000000000000000000000000000000000000000000000000000000000000000000000000000000000000000000000000000000000e+14 5.353001873240807093872854963797567915840540098797340718093447087935720129062523785205868538839395995709811211636087096931110471408709394435283270953679241516387023986270041325665112511461576637798593353585166369180787977195401331754942323597217476080268808979423029795624187519132662602594300000000000e-02
1.853020188851841000000000000000000000000000000000000000000000000000000000000000000000000000000000000000000000000000000000000000000000000000000000000000000000000000000000000000000000000000000000000000000000000000000000000000000000000000000000000000000000000000000000000000000000000000000000000000000000e+15 5.048385724527217067543068974205750711175994607620896336268113390802910225136955522057829013859967865114973231714460751795652453244451462055197226704400884283260484833743957213965863377448982581474039816931731341376248664603038705509068919801016495875481616704644079805749939289949059104956300000000000e-02
5.559060566555523000000000000000000000000000000000000000000000000000000000000000000000000000000000000000000000000000000000000000000000000000000000000000000000000000000000000000000000000000000000000000000000000000000000000000000000000000000000000000000000000000000000000000000000000000000000000000000000e+15 5.775701050745799073427602545235588659079315145867004223224766817184582845479798965149954572782044155965895980942782141853188380499324178750918747385505580084784456317760209698653469394984534769712856524074792805360739261420724110399866274227050817645680404536835577739493197476395523172187100000000000e-02
