1.000000000000000000000000000000000000000000000000000000000000000000000000000000000000000000000000000000000000000000000000000000000000000000000000000000000000000000000000000000000000000000000000000000000000000000000000000000000000000000000000000000000000000000000000000000000000000000000000000000000000e+00 1.642214482564830231031695809827294031210172580496773051622646502253056321556981187168277117581292001093086928748778628970586882471548809167734054456074681564183378815940318138596159866315202158681678375625812476340645406800678823442071516270521677916559541074388909253401771810875652882543300000000000e-03
3.000000000000000000000000000000000000000000000000000000000000000000000000000000000000000000000000000000000000000000000000000000000000000000000000000000000000000000000000000000000000000000000000000000000000000000000000000000000000000000000000000000000000000000000000000000000000000000000000000000000000e+00 4.008078680055623364820263733098354036299742624942318042562419807450026021442139544424943465072382842493987145318266934281106964484407226090553540559253913033472136285810407943501472405771917194869149576290347554052852363710008997701845336044972680941434013078560240959098482638208606817374200000000000e-03
9.000000000000000000000000000000000000000000000000000000000000000000000000000000000000000000000000000000000000000000000000000000000000000000000000000000000000000000000000000000000000000000000000000000000000000000000000000000000000000000000000000000000000000000000000000000000000000000000000000000000000e+00 3.592785897532553984370772771250528736385520343525663276301755907472936807187251921676834216169703577441291369752198791392178050327435636052054210456340524266878191221472110584131263493374407195885182189851722705304126819094515274714116813771249477643797121274691065420325616422135266107406500000000000e-03
2.700000000000000000000000000000000000000000000000000000000000000000000000000000000000000000000000000000000000000000000000000000000000000000000000000000000000000000000000000000000000000000000000000000000000000000000000000000000000000000000000000000000000000000000000000000000000000000000000000000000000e+01 3.370259035462277208754917977171118213941944366946554174064816498174053820783049245309159617106363249543368560763193214182364456397405694816954673870295545583839171402886740215023201813349758007466102765431003160188711718593585509048374801614114527282435140658102684164673940200209749065770900000000000e-03
8.100000000000000000000000000000000000000000000000000000000000000000000000000000000000000000000000000000000000000000000000000000000000000000000000000000000000000000000000000000000000000000000000000000000000000000000000000000000000000000000000000000000000000000000000000000000000000000000000000000000000e+01 3.562764852213677020059490150566116883434424164266691961918004919101054668107049035875262987197431201265906669223934061062068825564721842545561305006123787400236445987203492757054080851130584572023878083008921403926718306736553020167359609992214264165194064367354323192224064397925331323537400000000000e-03
2.430000000000000000000000000000000000000000000000000000000000000000000000000000000000000000000000000000000000000000000000000000000000000000000000000000000000000000000000000000000000000000000000000000000000000000000000000000000000000000000000000000000000000000000000000000000000000000000000000000000000e+02 3.660778343943070230748844567391508198033324660230351497724693851993956271483464964523957117233314547856477219512128120473342000775588829676309411899769777486344012133857168439989474818995795354445397322529631542578285895992128042132223129443949035965172121048164705302154264351052574559982400000000000e-03
7.290000000000000000000000000000000000000000000000000000000000000000000000000000000000000000000000000000000000000000000000000000000000000000000000000000000000000000000000000000000000000000000000000000000000000000000000000000000000000000000000000000000000000000000000000000000000000000000000000000000000e+02 5.551747311682030729634083878928615529368958583401063748781305801656083221750365361352023149152661243019663587721686134308470159620108951153257404673701373009910946434815087800045387777934575990471969432402180762753456977893639882382303611159832966408234144977658438357762553758188951364727600000000000e-03
2.187000000000000000000000000000000000000000000000000000000000000000000000000000000000000000000000000000000000000000000000000000000000000000000000000000000000000000000000000000000000000000000000000000000000000000000000000000000000000000000000000000000000000000000000000000000000000000000000000000000000e+03 2.136466853790293516928884175718912009547958263431598879979034864535418112539761089171997761741577192415433122001342470296484984969680382214680054697519730112532487723119538705080625822138777071916453295650068421777815277585222451770340864639110135145572324977998020180225595991820843571975700000000000e-02
6.561000000000000000000000000000000000000000000000000000000000000000000000000000000000000000000000000000000000000000000000000000000000000000000000000000000000000000000000000000000000000000000000000000000000000000000000000000000000000000000000000000000000000000000000000000000000000000000000000000000000e+03 7.743223213954666137276989927062555331407945591517261435580284197055896920228012253168640259860177498439434765739052384686506887463492578728106836139916224847852584086067404402610842616556623533399439007434246668892770627995119135826590778648442491445797927498990221744432006041787962647321200000000000e-02
1.968300000000000000000000000000000000000000000000000000000000000000000000000000000000000000000000000000000000000000000000000000000000000000000000000000000000000000000000000000000000000000000000000000000000000000000000000000000000000000000000000000000000000000000000000000000000000000000000000000000000e+04 1.832825386649946930351512835496667356003959623596949709199270558125471794973241868537399305222749995446390138481694393429264123375512562473540577026466277919051779848951622576685323452629670684733367841199933927405158990356934434508747149817919722771567047490940754083739556433583600263368200000000000e-01
5.904900000000000000000000000000000000000000000000000000000000000000000000000000000000000000000000000000000000000000000000000000000000000000000000000000000000000000000000000000000000000000000000000000000000000000000000000000000000000000000000000000000000000000000000000000000000000000000000000000000000e+04 2.600042470348640588006061662664339234138479241058417843390070167991279633075375328618994563190162230900655331455148198973417248072950450921226255724725179206154465185798896992973033435667527640633016490203499509724134115699190495223266388390722733699546195767538750426689340764927359982629900000000000e-02
1.771470000000000000000000000000000000000000000000000000000000000000000000000000000000000000000000000000000000000000000000000000000000000000000000000000000000000000000000000000000000000000000000000000000000000000000000000000000000000000000000000000000000000000000000000000000000000000000000000000000000e+05 1.583415395148191926169603575347657110099718567625199961117088957206976861111718749896859937596179191194558565714343309556590328877071223337759959932048757169232735566751793382762050805189806463945626856304948523993097676779092618665261296168321337352907219526119467836149768548903401777471900000000000e-01
5.314410000000000000000000000000000000000000000000000000000000000000000000000000000000000000000000000000000000000000000000000000000000000000000000000000000000000000000000000000000000000000000000000000000000000000000000000000000000000000000000000000000000000000000000000000000000000000000000000000000000e+05 6.707095988854301331784301001021703799972209905337928028878722564587648533873411823105048402192872743110976008649942931754632780648340515331429493477290217347523041967370444611706667420433402962867612403192655619801759162672788612224146534178151147474092141060094472939344927572559091571687900000000000e-02
1.594323000000000000000000000000000000000000000000000000000000000000000000000000000000000000000000000000000000000000000000000000000000000000000000000000000000000000000000000000000000000000000000000000000000000000000000000000000000000000000000000000000000000000000000000000000000000000000000000000000000e+06 6.729973970519603991903341455136122959504365725654169470608649024640307583976542601253668061509165382630197255538789228124656624885739877608019191425964193561092304349774671745240879235769083951454246210669661890039447303192019206555106085416208418346667876110352592142416065670435441352716400000000000e-02
4.782969000000000000000000000000000000000000000000000000000000000000000000000000000000000000000000000000000000000000000000000000000000000000000000000000000000000000000000000000000000000000000000000000000000000000000000000000000000000000000000000000000000000000000000000000000000000000000000000000000000e+06 1.014168990471973119508628864758861644109374583175181105369476036577228513964322377705333785396709755806857153411401866164593865739468882471752243900025211167084896435880631709085608648619456352624600210809314322552053700866815139348804201393602559950519212123713490402085185958496813590307600000000000e-01
1.434890700000000000000000000000000000000000000000000000000000000000000000000000000000000000000000000000000000000000000000000000000000000000000000000000000000000000000000000000000000000000000000000000000000000000000000000000000000000000000000000000000000000000000000000000000000000000000000000000000000e+07 4.931038647857115177340686493872553577652808656922661439716878233281357436832208724880801369493986006149941615990929733217849567259867896297815211666569191384661992975341469190765879793964081589816436404177060516139343601865420837402806960296878085202813723236746941158303590104453025103703000000000000e-02
4.304672100000000000000000000000000000000000000000000000000000000000000000000000000000000000000000000000000000000000000000000000000000000000000000000000000000000000000000000000000000000000000000000000000000000000000000000000000000000000000000000000000000000000000000000000000000000000000000000000000000e+07 5.558737041687058422431516414006602288543698840301309030857453691633742984494390522527466888819902415336462059100717064726959604457459156497110704600236802833617452052494386003345388106127761624237307814157258817581223561712330740987964751951697610264327539909309986441570551028517224861735000000000000e-02
1.291401630000000000000000000000000000000000000000000000000000000000000000000000000000000000000000000000000000000000000000000000000000000000000000000000000000000000000000000000000000000000000000000000000000000000000000000000000000000000000000000000000000000000000000000000000000000000000000000000000000e+08 2.044115453155155509393278506900479106561119053059115485976869502750990350009925135099145357689675488977833068947602126180390898416499119925562443767792498657487337571956170424251929872992792598265133283288510870554042208744038134366600769269381138540325466342104862016063300174561500001477100000000000e-02
3.874204890000000000000000000000000000000000000000000000000000000000000000000000000000000000000000000000000000000000000000000000000000000000000000000000000000000000000000000000000000000000000000000000000000000000000000000000000000000000000000000000000000000000000000000000000000000000000000000000000000e+08 1.274350824211471679154888240095824379775064036900545646572331700190936740550895109683395606716180104728796349980724994462501939810908865129457617873822132124769747889836755799978617020745363739014979564301760102772370692838598958598005478334776615103564098237827389299998984264872544416113600000000000e-02
1.162261467000000000000000000000000000000000000000000000000000000000000000000000000000000000000000000000000000000000000000000000000000000000000000000000000000000000000000000000000000000000000000000000000000000000000000000000000000000000000000000000000000000000000000000000000000000000000000000000000000e+09 5.238359211513450795702469414748853581862559107261934154169301532727190018026990680707803774344852434785985503123222610904332391033860774543889446594742766562232612503262291075916188282862728135761720630460356900741838156767208028346239141394809510964990982247984743224325306655515191885843600000000000e-02
3.486784401000000000000000000000000000000000000000000000000000000000000000000000000000000000000000000000000000000000000000000000000000000000000000000000000000000000000000000000000000000000000000000000000000000000000000000000000000000000000000000000000000000000000000000000000000000000000000000000000000e+09 3.035464723896071969069370069007921686174780510341097971563350844029822291684979580065723967583577075974434938972098269704832889006535654964252745964706801726622551502959548062902028757214957513595007268906022393241925224736505747116318853093014077509482594812337771783626289494591451881821900000000000e-01
1.046035320300000000000000000000000000000000000000000000000000000000000000000000000000000000000000000000000000000000000000000000000000000000000000000000000000000000000000000000000000000000000000000000000000000000000000000000000000000000000000000000000000000000000000000000000000000000000000000000000000e+10 2.696056659887769588270780168059084460630588105682357520099192084979428057669270719025358121763768852610197208302017814080192653658507863670334712924902071258442871874477933278579567453850151100715842237835143528614811776383206862058770431658322090660783589350054624835156634421853050039132200000000000e-02
3.138105960900000000000000000000000000000000000000000000000000000000000000000000000000000000000000000000000000000000000000000000000000000000000000000000000000000000000000000000000000000000000000000000000000000000000000000000000000000000000000000000000000000000000000000000000000000000000000000000000000e+10 8.624807501157300637807293100189597470045694160246878611540957717343391939402723264024425696705484653305156215794700864983434209171127207425796082442419483716062480197163612687299120239753217760498476604927707532895312336987206344297410656122356164568587921603890230649910178699695661294133300000000000e-01
9.414317882700000000000000000000000000000000000000000000000000000000000000000000000000000000000000000000000000000000000000000000000000000000000000000000000000000000000000000000000000000000000000000000000000000000000000000000000000000000000000000000000000000000000000000000000000000000000000000000000000e+10 1.088792672265977347534543994051453113821089308857217305302541284536928958093399770476309983091453193787831432139450362937781250696470508341020954511350009698458393082023849701811631953722418300601119592752696514098072840068667115795935140622804558205801742469929292436811060241350984912253600000000000e+00
2.824295364810000000000000000000000000000000000000000000000000000000000000000000000000000000000000000000000000000000000000000000000000000000000000000000000000000000000000000000000000000000000000000000000000000000000000000000000000000000000000000000000000000000000000000000000000000000000000000000000000e+11 1.616670803227527237768881498636904280252126387004873382258876726985194112597505858036590886900846149845024576272855049703145434206001073494282385742307436344317418645949276094577420139762238526827185269885262947218919980918919334925609986967173034363838578101878509686580337944374406879933100000000000e-02
8.472886094430000000000000000000000000000000000000000000000000000000000000000000000000000000000000000000000000000000000000000000000000000000000000000000000000000000000000000000000000000000000000000000000000000000000000000000000000000000000000000000000000000000000000000000000000000000000000000000000000e+11 2.830568543966281999298971708658275870808846269256706084169315664735327078691403342965878850943273981556338786679427790339257283086209857292366238082742193831171788205845497946848250338342069609021843043025742224802871560243185545737776176007679982313472543363383446896946412413851767698689300000000000e-01
2.541865828329000000000000000000000000000000000000000000000000000000000000000000000000000000000000000000000000000000000000000000000000000000000000000000000000000000000000000000000000000000000000000000000000000000000000000000000000000000000000000000000000000000000000000000000000000000000000000000000000e+12 3.519519471729344252290811393418234834965743469377843850953701098007883869107364436142069137598323098208343028582237558086160998165880108785361941025095356773615631575210943264430093871396985422442016223120233538041682078918435275278305888730107414404742845174906317750899021312733653204690300000000000e-01
7.625597484987000000000000000000000000000000000000000000000000000000000000000000000000000000000000000000000000000000000000000000000000000000000000000000000000000000000000000000000000000000000000000000000000000000000000000000000000000000000000000000000000000000000000000000000000000000000000000000000000e+12 2.530121212020129417341444598782351954483266164298579955027450959917824784125695531238933246778702393586792421494732783485372098004769156931595092599600494119374966934927726040628061406629155645680287723572458857543800904181607456740619538958220711050241374524101856893263913975725591708126600000000000e-01
2.287679245496100000000000000000000000000000000000000000000000000000000000000000000000000000000000000000000000000000000000000000000000000000000000000000000000000000000000000000000000000000000000000000000000000000000000000000000000000000000000000000000000000000000000000000000000000000000000000000000000e+13 5.343426841657828169124522274952267935121698299155622607167936326648441797325083165355867310219996133621969463031430730506295371923702710434900742791478918834522354007898325714209436975739940969753045769210858173907302759262465004914280358852634944658742901196156056440081324609248274283377600000000000e-01
6.863037736488300000000000000000000000000000000000000000000000000000000000000000000000000000000000000000000000000000000000000000000000000000000000000000000000000000000000000000000000000000000000000000000000000000000000000000000000000000000000000000000000000000000000000000000000000000000000000000000000e+13 5.042823633153925866456059850655226049061332849797045886886886542465250708621375087425734965600794651437252313862420760449911242329448764453974368169425071700397393341347270993799239388246212473196466732151542686127686029623944908908273188672090819163148085510977673875943397065385005361781200000000000e-02
2.058911320946490000000000000000000000000000000000000000000000000000000000000000000000000000000000000000000000000000000000000000000000000000000000000000000000000000000000000000000000000000000000000000000000000000000000000000000000000000000000000000000000000000000000000000000000000000000000000000000000e+14 6.770935884412087476418842239741685895499380818342558909338370685063324476060980753198168626350187439977732988365543900664740140017246875961528491331030841010108390759826633503861691283889174807422523597152685790714161326075328906164114698278799702929916840525689668082776449381860249230077900000000000e-01
6.176733962839470000000000000000000000000000000000000000000000000000000000000000000000000000000000000000000000000000000000000000000000000000000000000000000000000000000000000000000000000000000000000000000000000000000000000000000000000000000000000000000000000000000000000000000000000000000000000000000000e+14 1.198128388936617710322601424792029175518980688063019904715708700651261487793959183720364933406301091886587472119176931712526883314675173072602806198614646856543609660323651127178268347063462402481442764330590812022355937269912302840061777089677589117703831530117571537049255786134210688594200000000000e-01
1.853020188851841000000000000000000000000000000000000000000000000000000000000000000000000000000000000000000000000000000000000000000000000000000000000000000000000000000000000000000000000000000000000000000000000000000000000000000000000000000000000000000000000000000000000000000000000000000000000000000000e+15 4.041769301281528115654718881209209220192006263675068315117724934945919282389313558569875985242387477150932471500648091016738903096253727608511687037472185310650496941397486846758971009713546312544073431355689024693529628651556774866233073453535390622201606834422397136743584240469807852307700000000000e-01
5.559060566555523000000000000000000000000000000000000000000000000000000000000000000000000000000000000000000000000000000000000000000000000000000000000000000000000000000000000000000000000000000000000000000000000000000000000000000000000000000000000000000000000000000000000000000000000000000000000000000000e+15 2.010506587579868262301845427391470141327888530162895852833190414702433778087220219122488888226187275175305597044905843724750947637223851917877847134675963878491792761408389552315952595169687188308640261432958663262602291521465880511772505948835385043920130355839157919824131157617405396726200000000000e-01
