1.000000000000000000000000000000000000000000000000000000000000000000000000000000000000000000000000000000000000000000000000000000000000000000000000000000000000000000000000000000000000000000000000000000000000000000000000000000000000000000000000000000000000000000000000000000000000000000000000000000000000e+00 2.707737910023776070289954237948168461207392189234900018914105680503320621187120470305789434961812923236966239001571583881672066000596626676943988255333572280272736643658671173216542116291280255450471935635688836887394616078941490608047681309361076003185883101243020906395723519775721311660500000000000e-04
3.000000000000000000000000000000000000000000000000000000000000000000000000000000000000000000000000000000000000000000000000000000000000000000000000000000000000000000000000000000000000000000000000000000000000000000000000000000000000000000000000000000000000000000000000000000000000000000000000000000000000e+00 2.102323049100454766082969812845947889472932215479562698107391853463209515475326159674670445694326439847565331462181855471428563826700886214292971421009465124114903816196539099804219222869380633608083663015944461656771443152204886692615077306584442451644297018154045708795485518022564360737600000000000e-04
9.000000000000000000000000000000000000000000000000000000000000000000000000000000000000000000000000000000000000000000000000000000000000000000000000000000000000000000000000000000000000000000000000000000000000000000000000000000000000000000000000000000000000000000000000000000000000000000000000000000000000e+00 2.440010859660289319560804715162082481864955867747438327058466312629525970246446135543731530655807297277237334039334952237326316235571725561771604201938033382272387079040196120692273920233405133374013310019237477149834952885997432868403969612179099573998267328949057524589446471153236646814800000000000e-04
2.700000000000000000000000000000000000000000000000000000000000000000000000000000000000000000000000000000000000000000000000000000000000000000000000000000000000000000000000000000000000000000000000000000000000000000000000000000000000000000000000000000000000000000000000000000000000000000000000000000000000e+01 1.869057001362336410910126492867764389446303568814033060037824331016230672615926384692184507911675284914785120478137022025254711649464405689901755268793032556979903944015000305880984683876047942955657491054963317180041838911664140433925858114959007123024975992069276670923889905644280901364400000000000e-04
8.100000000000000000000000000000000000000000000000000000000000000000000000000000000000000000000000000000000000000000000000000000000000000000000000000000000000000000000000000000000000000000000000000000000000000000000000000000000000000000000000000000000000000000000000000000000000000000000000000000000000e+01 2.938152379228611671685441459319446962535150661162705558474754684460482050576712121169817874364631876774536778875515865894598528776202635644417898686052465726578115575561048799691104243426909878104702733470837069510283209623937686608544034715753567882941769979992797021361368493590684164250300000000000e-04
2.430000000000000000000000000000000000000000000000000000000000000000000000000000000000000000000000000000000000000000000000000000000000000000000000000000000000000000000000000000000000000000000000000000000000000000000000000000000000000000000000000000000000000000000000000000000000000000000000000000000000e+02 3.225700260566662060643358714618974286406175579020947773855625338384193503696040675370035755069032011974476163456563007628658725644841628889670516194988217554943041986618287695246828227575908868580568268999367518515584772578191575441828403945445464338315845693124601148392060370235612063345000000000000e-04
7.290000000000000000000000000000000000000000000000000000000000000000000000000000000000000000000000000000000000000000000000000000000000000000000000000000000000000000000000000000000000000000000000000000000000000000000000000000000000000000000000000000000000000000000000000000000000000000000000000000000000e+02 1.518504575761484310543244754793054046866017415325590789745515549185242192109475304762736919014667804462391410424454702931663588047302363710258340611246047115811755094582701886708946994455195279729597019371487092658318086980127511237511089267531636541320288609496716898529958545051474341464900000000000e-03
2.187000000000000000000000000000000000000000000000000000000000000000000000000000000000000000000000000000000000000000000000000000000000000000000000000000000000000000000000000000000000000000000000000000000000000000000000000000000000000000000000000000000000000000000000000000000000000000000000000000000000e+03 2.213831060364501575692290144999270831964926095685180417529746543760123377681571873050053528571488584973947602546086928775193808763357312601039912285981333230570627578783711166409792369687040627218421481385474077408928077041289979947092202522819541946639990306683867628628866988681510986133800000000000e-02
6.561000000000000000000000000000000000000000000000000000000000000000000000000000000000000000000000000000000000000000000000000000000000000000000000000000000000000000000000000000000000000000000000000000000000000000000000000000000000000000000000000000000000000000000000000000000000000000000000000000000000e+03 0.000000000000000000000000000000000000000000000000000000000000000000000000000000000000000000000000000000000000000000000000000000000000000000000000000000000000000000000000000000000000000000000000000000000000000000000000000000000000000000000000000000000000000000000000000000000000000000000000000000000000e+00
1.968300000000000000000000000000000000000000000000000000000000000000000000000000000000000000000000000000000000000000000000000000000000000000000000000000000000000000000000000000000000000000000000000000000000000000000000000000000000000000000000000000000000000000000000000000000000000000000000000000000000e+04 1.907600646971207831434791224539770580746701194032380475293143760774016419977929594474416333400314710080474927675841338817102801462073384878178879117030586921174711134007790252054568157139803686650927521610683245173631470118512136728652971441855822397868464308464973551167004852345034659917300000000000e-02
5.904900000000000000000000000000000000000000000000000000000000000000000000000000000000000000000000000000000000000000000000000000000000000000000000000000000000000000000000000000000000000000000000000000000000000000000000000000000000000000000000000000000000000000000000000000000000000000000000000000000000e+04 2.685317984887588616620684930189955350554225033805579288319801331419997504180037477140536470695530214988438834598424703109283279698708276373492320822603092031189103300956710717782658991330989138488353617380957231131780000050947459893795375635544010752201281984164865928015511185145247453484900000000000e-02
1.771470000000000000000000000000000000000000000000000000000000000000000000000000000000000000000000000000000000000000000000000000000000000000000000000000000000000000000000000000000000000000000000000000000000000000000000000000000000000000000000000000000000000000000000000000000000000000000000000000000000e+05 4.455836326158673684308713005576719478542895641901361077694921924528839417394489267147388320908178053418224286238103913354350151780492978809555060814970119956185498207797959395921764731196737297144357977203665763102577689492806009503079915498032677634970497613176822543126743418071318125743300000000000e-02
5.314410000000000000000000000000000000000000000000000000000000000000000000000000000000000000000000000000000000000000000000000000000000000000000000000000000000000000000000000000000000000000000000000000000000000000000000000000000000000000000000000000000000000000000000000000000000000000000000000000000000e+05 7.090558191384547549912213166610631333052733328590490597429333065389246960765909138879014605130592333234164318828573587217181778230796293351161066523813904193790231557728778651030520327694336004716460764201275271881917374504301809269993484690474584896056403831255445540071596968050662836495700000000000e-02
1.594323000000000000000000000000000000000000000000000000000000000000000000000000000000000000000000000000000000000000000000000000000000000000000000000000000000000000000000000000000000000000000000000000000000000000000000000000000000000000000000000000000000000000000000000000000000000000000000000000000000e+06 0.000000000000000000000000000000000000000000000000000000000000000000000000000000000000000000000000000000000000000000000000000000000000000000000000000000000000000000000000000000000000000000000000000000000000000000000000000000000000000000000000000000000000000000000000000000000000000000000000000000000000e+00
4.782969000000000000000000000000000000000000000000000000000000000000000000000000000000000000000000000000000000000000000000000000000000000000000000000000000000000000000000000000000000000000000000000000000000000000000000000000000000000000000000000000000000000000000000000000000000000000000000000000000000e+06 5.730282349507342017947864074541326375724583645790264474766735317380883882476179135416498279575543677625359327775775543675767252729562618957869702072158754960812481880845486780491433135165314846465768981039315146265595743186814975480318882703248937183459238085015545680530699078625392878268100000000000e-01
1.434890700000000000000000000000000000000000000000000000000000000000000000000000000000000000000000000000000000000000000000000000000000000000000000000000000000000000000000000000000000000000000000000000000000000000000000000000000000000000000000000000000000000000000000000000000000000000000000000000000000e+07 0.000000000000000000000000000000000000000000000000000000000000000000000000000000000000000000000000000000000000000000000000000000000000000000000000000000000000000000000000000000000000000000000000000000000000000000000000000000000000000000000000000000000000000000000000000000000000000000000000000000000000e+00
4.304672100000000000000000000000000000000000000000000000000000000000000000000000000000000000000000000000000000000000000000000000000000000000000000000000000000000000000000000000000000000000000000000000000000000000000000000000000000000000000000000000000000000000000000000000000000000000000000000000000000e+07 0.000000000000000000000000000000000000000000000000000000000000000000000000000000000000000000000000000000000000000000000000000000000000000000000000000000000000000000000000000000000000000000000000000000000000000000000000000000000000000000000000000000000000000000000000000000000000000000000000000000000000e+00
1.291401630000000000000000000000000000000000000000000000000000000000000000000000000000000000000000000000000000000000000000000000000000000000000000000000000000000000000000000000000000000000000000000000000000000000000000000000000000000000000000000000000000000000000000000000000000000000000000000000000000e+08 0.000000000000000000000000000000000000000000000000000000000000000000000000000000000000000000000000000000000000000000000000000000000000000000000000000000000000000000000000000000000000000000000000000000000000000000000000000000000000000000000000000000000000000000000000000000000000000000000000000000000000e+00
3.874204890000000000000000000000000000000000000000000000000000000000000000000000000000000000000000000000000000000000000000000000000000000000000000000000000000000000000000000000000000000000000000000000000000000000000000000000000000000000000000000000000000000000000000000000000000000000000000000000000000e+08 7.242523299887407954167938510422791069376555430390491351830239227413668233456833035856636779662819017352741464912071329481825879883438696584425315825866608134334910868065483582859153614499955266518622000613336030507082729585360652412306395334090343057344360836398834416905755432747418294856200000000000e-02
1.162261467000000000000000000000000000000000000000000000000000000000000000000000000000000000000000000000000000000000000000000000000000000000000000000000000000000000000000000000000000000000000000000000000000000000000000000000000000000000000000000000000000000000000000000000000000000000000000000000000000e+09 7.047551187641101141279715016614885447383480885351071171587309513517151004093564212227527209282337506622179339282351628224363665887482289460615121286958508763600567929939930505308065937033373743556070098504219216725672218395985683361199062427059602035115057882759138778411887715904701341674900000000000e-02
3.486784401000000000000000000000000000000000000000000000000000000000000000000000000000000000000000000000000000000000000000000000000000000000000000000000000000000000000000000000000000000000000000000000000000000000000000000000000000000000000000000000000000000000000000000000000000000000000000000000000000e+09 5.988963283009699516732475371626214132865187138085997352695265708052608030030258396955616822334591535471825460013725600514585325821507097567628619382693112982707863537467009570080045250008940798627167485381425331853744206365902952106669282880973475501622304816591148272149444271716153471950100000000000e-02
1.046035320300000000000000000000000000000000000000000000000000000000000000000000000000000000000000000000000000000000000000000000000000000000000000000000000000000000000000000000000000000000000000000000000000000000000000000000000000000000000000000000000000000000000000000000000000000000000000000000000000e+10 1.636904490258402037947405464923939528952778210572677409832586362151880295323939463367401630317381174445995870907833643720032124584834849207799551454135451964720233399737153770948043529025182087901971864580936510123986186646896060199827316898519711630814502278588430798813928059622628256199600000000000e-01
3.138105960900000000000000000000000000000000000000000000000000000000000000000000000000000000000000000000000000000000000000000000000000000000000000000000000000000000000000000000000000000000000000000000000000000000000000000000000000000000000000000000000000000000000000000000000000000000000000000000000000e+10 1.963954572794693373407840618745615468780261657005045681058010141297732516100889442261571096808453209175117762715002113085459946404258754221339171750080726899392794451028528481802083376878411717051388746807446990169461269596404204532776210751859227867246930501120152946268090302463050739028300000000000e-01
9.414317882700000000000000000000000000000000000000000000000000000000000000000000000000000000000000000000000000000000000000000000000000000000000000000000000000000000000000000000000000000000000000000000000000000000000000000000000000000000000000000000000000000000000000000000000000000000000000000000000000e+10 2.307398806799925536502562977388727671265937354623301627738615832471762475054863872650308350360689466701376590841839964195737295316348386656114168561643745493261044233933261615735972583678003227914614906049998957061667442802940464986704285755878566694249983827492221222513878992266476456464500000000000e-01
2.824295364810000000000000000000000000000000000000000000000000000000000000000000000000000000000000000000000000000000000000000000000000000000000000000000000000000000000000000000000000000000000000000000000000000000000000000000000000000000000000000000000000000000000000000000000000000000000000000000000000e+11 1.344892562373102333028147217255762715182631142237979135727249284701241658144036500962725626416568701717767926245829640729685862993898445412992341422557029418655493798848408541766246848177714926068192388670375170631359602068682580244947643126080508645380369146033435343717362973276781948439800000000000e+00
8.472886094430000000000000000000000000000000000000000000000000000000000000000000000000000000000000000000000000000000000000000000000000000000000000000000000000000000000000000000000000000000000000000000000000000000000000000000000000000000000000000000000000000000000000000000000000000000000000000000000000e+11 2.805416387925209816337012627262031938766933324167788179709559207634437263473604975490599384912571971306921047908829857010135006057893665163030820634898835082193970598152200181192459291086759887382335606848103549144387778793488713527348721299010922626778566888784076592956327889804970668728500000000000e-01
2.541865828329000000000000000000000000000000000000000000000000000000000000000000000000000000000000000000000000000000000000000000000000000000000000000000000000000000000000000000000000000000000000000000000000000000000000000000000000000000000000000000000000000000000000000000000000000000000000000000000000e+12 9.917856924605928132915431648640567473125598278814507271290272187839985150339543504209623398552294815879778070082797167203571823537016535265148008407078852343513574518815523161736686630319874479741707652581433700398237537355046884146919144148512160566761455336252393513585112228380660645248900000000000e-02
7.625597484987000000000000000000000000000000000000000000000000000000000000000000000000000000000000000000000000000000000000000000000000000000000000000000000000000000000000000000000000000000000000000000000000000000000000000000000000000000000000000000000000000000000000000000000000000000000000000000000000e+12 1.939995964742007150674855324652675989881375480321126037530595993060842499290731147382298071167771916690633786483625694066836746548697964066733993123648774338939540102492357203756974523104275224454526069928343104218752853718481059651197105738859248067172863564934885089434962698677117288677800000000000e-01
2.287679245496100000000000000000000000000000000000000000000000000000000000000000000000000000000000000000000000000000000000000000000000000000000000000000000000000000000000000000000000000000000000000000000000000000000000000000000000000000000000000000000000000000000000000000000000000000000000000000000000e+13 3.337029227234517982775936984190918186184842225333879324655805253473243980966415252861953781802079838611166964627605434569545877259612523760922402759771328193865119626304687424229544685806486145957235820679383364465020181373722420582154948732066416004699449147034241980552650016086309349590500000000000e-02
6.863037736488300000000000000000000000000000000000000000000000000000000000000000000000000000000000000000000000000000000000000000000000000000000000000000000000000000000000000000000000000000000000000000000000000000000000000000000000000000000000000000000000000000000000000000000000000000000000000000000000e+13 0.000000000000000000000000000000000000000000000000000000000000000000000000000000000000000000000000000000000000000000000000000000000000000000000000000000000000000000000000000000000000000000000000000000000000000000000000000000000000000000000000000000000000000000000000000000000000000000000000000000000000e+00
2.058911320946490000000000000000000000000000000000000000000000000000000000000000000000000000000000000000000000000000000000000000000000000000000000000000000000000000000000000000000000000000000000000000000000000000000000000000000000000000000000000000000000000000000000000000000000000000000000000000000000e+14 0.000000000000000000000000000000000000000000000000000000000000000000000000000000000000000000000000000000000000000000000000000000000000000000000000000000000000000000000000000000000000000000000000000000000000000000000000000000000000000000000000000000000000000000000000000000000000000000000000000000000000e+00
6.176733962839470000000000000000000000000000000000000000000000000000000000000000000000000000000000000000000000000000000000000000000000000000000000000000000000000000000000000000000000000000000000000000000000000000000000000000000000000000000000000000000000000000000000000000000000000000000000000000000000e+14 0.000000000000000000000000000000000000000000000000000000000000000000000000000000000000000000000000000000000000000000000000000000000000000000000000000000000000000000000000000000000000000000000000000000000000000000000000000000000000000000000000000000000000000000000000000000000000000000000000000000000000e+00
1.853020188851841000000000000000000000000000000000000000000000000000000000000000000000000000000000000000000000000000000000000000000000000000000000000000000000000000000000000000000000000000000000000000000000000000000000000000000000000000000000000000000000000000000000000000000000000000000000000000000000e+15 0.000000000000000000000000000000000000000000000000000000000000000000000000000000000000000000000000000000000000000000000000000000000000000000000000000000000000000000000000000000000000000000000000000000000000000000000000000000000000000000000000000000000000000000000000000000000000000000000000000000000000e+00
5.559060566555523000000000000000000000000000000000000000000000000000000000000000000000000000000000000000000000000000000000000000000000000000000000000000000000000000000000000000000000000000000000000000000000000000000000000000000000000000000000000000000000000000000000000000000000000000000000000000000000e+15 0.000000000000000000000000000000000000000000000000000000000000000000000000000000000000000000000000000000000000000000000000000000000000000000000000000000000000000000000000000000000000000000000000000000000000000000000000000000000000000000000000000000000000000000000000000000000000000000000000000000000000e+00
