1.000000000000000000000000000000000000000000000000000000000000000000000000000000000000000000000000000000000000000000000000000000000000000000000000000000000000000000000000000000000000000000000000000000000000000000000000000000000000000000000000000000000000000000000000000000000000000000000000000000000000e+01 1.516634121815838298006561717166547806193730276026652065551480353887946141736315934348090812734060910620442726171303932703411496875899313090741901485067083145063228079274194249150550495657691620351192690448600729076596206283702300780510128033679486083388404564918399811963890302008424908117100000000000e-07
3.000000000000000000000000000000000000000000000000000000000000000000000000000000000000000000000000000000000000000000000000000000000000000000000000000000000000000000000000000000000000000000000000000000000000000000000000000000000000000000000000000000000000000000000000000000000000000000000000000000000000e+01 1.858149571949824382368594097384173709375192022959831013498296626809773924978505608237159650048051442668897352935930894816737001880692459549378967147105330374913853903640095685482733200257371009616754693168348288459388733305299169866468810754884627959585437402332332017032460393481287813864800000000000e-07
9.000000000000000000000000000000000000000000000000000000000000000000000000000000000000000000000000000000000000000000000000000000000000000000000000000000000000000000000000000000000000000000000000000000000000000000000000000000000000000000000000000000000000000000000000000000000000000000000000000000000000e+01 1.363163412136830333817645999866479471180744946821566530452588376169195778937883414200139557471843206348249713357077215237957332966793670357561143950029710214364274475759298832442991048147808923512525844888187028198247435541428181598090462477296809013836629020799342579305970468425200868486400000000000e-07
2.700000000000000000000000000000000000000000000000000000000000000000000000000000000000000000000000000000000000000000000000000000000000000000000000000000000000000000000000000000000000000000000000000000000000000000000000000000000000000000000000000000000000000000000000000000000000000000000000000000000000e+02 1.576921682734521432451141313809779887318666260307557121828638091118268388731501135846798485836680355248218122845782361528846504860996556506758655965365398605669809481458938323325095867329464125252496789329019928492485823167022497770186675059630560994915253787019517356836768287363165132775800000000000e-07
8.100000000000000000000000000000000000000000000000000000000000000000000000000000000000000000000000000000000000000000000000000000000000000000000000000000000000000000000000000000000000000000000000000000000000000000000000000000000000000000000000000000000000000000000000000000000000000000000000000000000000e+02 1.873949238057127816970519484397566379853480673646400809107346471026129579721296998137859868667299809345136690603526168101451480742865233488004296565125871409996246300618956278964944922632647130767981185961149008108109185345480942942271084218633241262712314980080438766132719013484242177014700000000000e-07
2.430000000000000000000000000000000000000000000000000000000000000000000000000000000000000000000000000000000000000000000000000000000000000000000000000000000000000000000000000000000000000000000000000000000000000000000000000000000000000000000000000000000000000000000000000000000000000000000000000000000000e+03 1.773664999723804597257252662178051893113736662829263107346205122799300995478104715165938838902431048024180034316949078055996064948475714844602581724931028720923288611808911043140013285705056256073673896295230027325717202302875096913043247631486106691247376622050453197872737965608092765531400000000000e-07
7.290000000000000000000000000000000000000000000000000000000000000000000000000000000000000000000000000000000000000000000000000000000000000000000000000000000000000000000000000000000000000000000000000000000000000000000000000000000000000000000000000000000000000000000000000000000000000000000000000000000000e+03 1.539867711775319854681839388147941733789325094528950614309434181427764830802078989492301869978612889028218695584303465273218422482285743824320279858641424554573547744938977936830825403688003956231369149102278706355797220149014985044879150283009368804591924955651157846767578179280590316645200000000000e-07
2.187000000000000000000000000000000000000000000000000000000000000000000000000000000000000000000000000000000000000000000000000000000000000000000000000000000000000000000000000000000000000000000000000000000000000000000000000000000000000000000000000000000000000000000000000000000000000000000000000000000000e+04 6.596801487363794877406931003226048123990879957875059655486244937389602507795263283645774415472190315152194286669161165166439559174059645320528894721091001815133152786005925285433535263994926446550159382839922927312127000119885235130456182003704200237329638400039967335724211783520292499153600000000000e-08
6.561000000000000000000000000000000000000000000000000000000000000000000000000000000000000000000000000000000000000000000000000000000000000000000000000000000000000000000000000000000000000000000000000000000000000000000000000000000000000000000000000000000000000000000000000000000000000000000000000000000000e+04 2.128828492896049676822433862096096264014299113519237953088947711888307749382511407608783532834327140189943032660929109599690898641296066418583028252426133291758013513074045489053695324832898154380118087859108437132181171112163681517090434127136679189078295461964922273384949171399390438469100000000000e-07
1.968300000000000000000000000000000000000000000000000000000000000000000000000000000000000000000000000000000000000000000000000000000000000000000000000000000000000000000000000000000000000000000000000000000000000000000000000000000000000000000000000000000000000000000000000000000000000000000000000000000000e+05 2.007148917134943809853726806127440363008928598969489143382646384369596070186650690171557429006740011224795563780462045804890066048647982783568608310282351783291151590978425710758084823773346876415844281630387202414651441676911864442664247475837247478250824980120264698232613938367017096894200000000000e-07
5.904900000000000000000000000000000000000000000000000000000000000000000000000000000000000000000000000000000000000000000000000000000000000000000000000000000000000000000000000000000000000000000000000000000000000000000000000000000000000000000000000000000000000000000000000000000000000000000000000000000000e+05 1.295951571687571033592010712694149942041026466612805126924650763582133110054531044432281461794725120207155162705104455499913115136246684594527859206373483660142887375579319680832546569558423668407621771782779028270173568749297596653004853165027133996537164903445441629185706565839275058910600000000000e-07
1.771470000000000000000000000000000000000000000000000000000000000000000000000000000000000000000000000000000000000000000000000000000000000000000000000000000000000000000000000000000000000000000000000000000000000000000000000000000000000000000000000000000000000000000000000000000000000000000000000000000000e+06 3.944968764045420193099522151082896692015331493246231199861737874973941801431798976482490840244353747738761304695316812649746352386682011562190391261732049330327815906877919331117989623240017968198626713443628492610904636170027972878506231260476040064946611518824168070418729121812767838262200000000000e-07
5.314410000000000000000000000000000000000000000000000000000000000000000000000000000000000000000000000000000000000000000000000000000000000000000000000000000000000000000000000000000000000000000000000000000000000000000000000000000000000000000000000000000000000000000000000000000000000000000000000000000000e+06 1.489411137489255764997988819249876291250910454240913742514204830223283432175445647396238713057368200548147904861386888812128900090930556334551959024928303098782858438189475772009119820808361668668991458918613733639398982780055556455337161070685294353915742116600882991447616285838595879776300000000000e-07
1.594323000000000000000000000000000000000000000000000000000000000000000000000000000000000000000000000000000000000000000000000000000000000000000000000000000000000000000000000000000000000000000000000000000000000000000000000000000000000000000000000000000000000000000000000000000000000000000000000000000000e+07 1.610522916971868511495286559265270067886859521831924936652595797999439705369883366411183610975424652266217463892624623716146483012073727456644461437480559536790219954538949641229853802179236357039055280662269390072939154034550646329297134519615256001317674311744819430383542727154488085841800000000000e-07
4.782969000000000000000000000000000000000000000000000000000000000000000000000000000000000000000000000000000000000000000000000000000000000000000000000000000000000000000000000000000000000000000000000000000000000000000000000000000000000000000000000000000000000000000000000000000000000000000000000000000000e+07 2.227359159567058734003332948461325624406769421679869251573209467360522752897917014312444145454360309930158454037137093038564235302994396500945122199060855990693241305753692043292312381628570288085883939768276397778432449882202941613702072916947641191825965412175336329324757851814758585753400000000000e-07
1.434890700000000000000000000000000000000000000000000000000000000000000000000000000000000000000000000000000000000000000000000000000000000000000000000000000000000000000000000000000000000000000000000000000000000000000000000000000000000000000000000000000000000000000000000000000000000000000000000000000000e+08 1.402288775313788995523007390950036159946723990281888769283572331300213919988118978448660171516390918612102612522907920643105838514581592540047870814967345853214263694111164386004788802691958030157867953143253901453182289386756655068766278366312614222230232387553817314337587623434367318902500000000000e-07
4.304672100000000000000000000000000000000000000000000000000000000000000000000000000000000000000000000000000000000000000000000000000000000000000000000000000000000000000000000000000000000000000000000000000000000000000000000000000000000000000000000000000000000000000000000000000000000000000000000000000000e+08 6.830436746068948386570926879165893161595823132386310019833382844947080133661508701506789073903723414122245490300035786994685152200502915169193051848356893313939909934351778185502577614254205724581198232355979662583915836654189539458180294925869618480225573188954993007359790001645975736148300000000000e-08
1.291401630000000000000000000000000000000000000000000000000000000000000000000000000000000000000000000000000000000000000000000000000000000000000000000000000000000000000000000000000000000000000000000000000000000000000000000000000000000000000000000000000000000000000000000000000000000000000000000000000000e+09 1.295564007978132669024030385785695952514941362263079122407821674916420403192597523984707943605627492028401805887574480786206532384217949194032310361633926394572685236588694712180878406320413668191688666437664321971499898668660650826236556726072868169206161651693856609853335525065113889891000000000000e-07
3.874204890000000000000000000000000000000000000000000000000000000000000000000000000000000000000000000000000000000000000000000000000000000000000000000000000000000000000000000000000000000000000000000000000000000000000000000000000000000000000000000000000000000000000000000000000000000000000000000000000000e+09 1.868295924750645317062181411295631719090199946603806509850885946737229271011328700721320840416920327522078815878501457784256860043295881892875935059664064358887578200011956944985503095779140845545618257115285760004289750922127587779604364599439250746842089444839891636414737797077111696695300000000000e-07
1.162261467000000000000000000000000000000000000000000000000000000000000000000000000000000000000000000000000000000000000000000000000000000000000000000000000000000000000000000000000000000000000000000000000000000000000000000000000000000000000000000000000000000000000000000000000000000000000000000000000000e+10 5.867712003939606175332624183200257552903565838409083942855497280734868751251792735031861350777352961245828947196516354349615994936504913886540997453244986042380768171950417939591385147929034818351578442384998383056493969714209235656123746736305663099204086047725105821362596413297405933617700000000000e-08
3.486784401000000000000000000000000000000000000000000000000000000000000000000000000000000000000000000000000000000000000000000000000000000000000000000000000000000000000000000000000000000000000000000000000000000000000000000000000000000000000000000000000000000000000000000000000000000000000000000000000000e+10 5.500663341524102098016194783509362608269490601368057824296026439854887385684118400418509318653196426194274961004765933706648687333074741157935399919903375937850057401036514200716352742424824115258544389608043787133498078803814184189967228583115080597170598575175124807559700942282822743374500000000000e-08
1.046035320300000000000000000000000000000000000000000000000000000000000000000000000000000000000000000000000000000000000000000000000000000000000000000000000000000000000000000000000000000000000000000000000000000000000000000000000000000000000000000000000000000000000000000000000000000000000000000000000000e+11 4.006171692273209764982047226901196991014392826311286759434779269015565984457351393856571572105878678243604449204256703237660661178309540178390394467367428508201823713298541561764596662025915534840841026347561062374532404612783054602663414969161028742368872770204904234958936400235662199819200000000000e-07
3.138105960900000000000000000000000000000000000000000000000000000000000000000000000000000000000000000000000000000000000000000000000000000000000000000000000000000000000000000000000000000000000000000000000000000000000000000000000000000000000000000000000000000000000000000000000000000000000000000000000000e+11 5.375673111808846850278888475528717452082459846934065033105172586663581765210437038143879372913656897972892977670219494500770958029331175463399116316933126536484911852312940382645940111461317256810497030289155977651397369817352893430352573831788712695665289481266200265533979246171035539859500000000000e-08
9.414317882700000000000000000000000000000000000000000000000000000000000000000000000000000000000000000000000000000000000000000000000000000000000000000000000000000000000000000000000000000000000000000000000000000000000000000000000000000000000000000000000000000000000000000000000000000000000000000000000000e+11 4.871173788308191290465550112053352896286740258871313392930831348076203593369281122410562645443737322640236218307655764803227837504687976489308856954717543488863407972360986662026709534257870977939326897459160874747539691459657740670458624195034804417435899862755211618310190290266147792745100000000000e-08
2.824295364810000000000000000000000000000000000000000000000000000000000000000000000000000000000000000000000000000000000000000000000000000000000000000000000000000000000000000000000000000000000000000000000000000000000000000000000000000000000000000000000000000000000000000000000000000000000000000000000000e+12 8.915367078756345338119597626952139949278680184975176417677362015781535273194502621619460345832243063097461671764418239212415705558623123206696899553556456280737768244502321356493853422763732923752340596950594300987007835982364129204256777335978689075849476505680551919026366058714784588747000000000000e-08
8.472886094430000000000000000000000000000000000000000000000000000000000000000000000000000000000000000000000000000000000000000000000000000000000000000000000000000000000000000000000000000000000000000000000000000000000000000000000000000000000000000000000000000000000000000000000000000000000000000000000000e+12 7.838086887337071359465990632728714559141737269303880515760650231001410349870354196869021028783257811547806280539136538754022179435585219785240134512312835569784241631316700440052719926948470420083949205500025673254973247146654876661964377121973894262030478768051264099454128091578350113781600000000000e-08
2.541865828329000000000000000000000000000000000000000000000000000000000000000000000000000000000000000000000000000000000000000000000000000000000000000000000000000000000000000000000000000000000000000000000000000000000000000000000000000000000000000000000000000000000000000000000000000000000000000000000000e+13 4.202100358065477571409644330790174753942008443410520424896924551791029980081151726841827390613941511275090135832913410011096765878354224132701287622240288695404206231318477657030143264447582542565690557837350276486515024719095109617178547263869971003820718808356319148509300675077276967090000000000000e-07
7.625597484987000000000000000000000000000000000000000000000000000000000000000000000000000000000000000000000000000000000000000000000000000000000000000000000000000000000000000000000000000000000000000000000000000000000000000000000000000000000000000000000000000000000000000000000000000000000000000000000000e+13 7.245370350730542583741592391679490569518122156022021340047547377219643603845098632350062335953991688319645328555197551459599362190925753120349021428988077786011024540287426311400821755491926209681999958076803592102135963620335931002539465058999419113186848389075705427186744888949316613661700000000000e-08
2.287679245496100000000000000000000000000000000000000000000000000000000000000000000000000000000000000000000000000000000000000000000000000000000000000000000000000000000000000000000000000000000000000000000000000000000000000000000000000000000000000000000000000000000000000000000000000000000000000000000000e+14 1.867568432689100997012293878907415114439422142024714370710336173693476043777436902402947728815453504900300958637023011150583909012008801869182740110750599386536281464113370067817190133541280452344825653485167955598690582667354030337172067432825576641834464894951233041642150945969160375649700000000000e-07
6.863037736488300000000000000000000000000000000000000000000000000000000000000000000000000000000000000000000000000000000000000000000000000000000000000000000000000000000000000000000000000000000000000000000000000000000000000000000000000000000000000000000000000000000000000000000000000000000000000000000000e+14 2.155463526117615471087861003104027027619135444589153743309679043437635760686570186133629688057111934360648244406785745435437816580727706580120632777856695074280926705217535237329470314058778725098356034069227335446644010664370229824455366731064073618943839685146792245055072798664782181873700000000000e-07
2.058911320946490000000000000000000000000000000000000000000000000000000000000000000000000000000000000000000000000000000000000000000000000000000000000000000000000000000000000000000000000000000000000000000000000000000000000000000000000000000000000000000000000000000000000000000000000000000000000000000000e+15 6.615154357596186301053966522792533892013438657820204689935147667782821377161531211980326763471073460336387816917430031878343826513739613618964380674166533421253939737690749400295638536371410984493185510159468172724477454079864434024586056247351815809122745698816419657307456819583807757279900000000000e-08
6.176733962839470000000000000000000000000000000000000000000000000000000000000000000000000000000000000000000000000000000000000000000000000000000000000000000000000000000000000000000000000000000000000000000000000000000000000000000000000000000000000000000000000000000000000000000000000000000000000000000000e+15 6.330354161182623846825003803341162232529755353161994428827766323009421215144212360705436495335380902032340823989598771179851526374291020441050738684842943120876717959236403185989190591506051776648540271345395491795282657181045429282706300081321051430585202658238904705445934126747204213448900000000000e-08
