1.000000000000000000000000000000000000000000000000000000000000000000000000000000000000000000000000000000000000000000000000000000000000000000000000000000000000000000000000000000000000000000000000000000000000000000000000000000000000000000000000000000000000000000000000000000000000000000000000000000000000e+01 5.529819562664170277889952227517332033594316378080255462415074489364182077212625009194666382728324439227651342987072423642091576207409176908290233303339040509904971710634875093520790845308560058247265084079905832962563075693835636371701423739545447737886974619908128886942248144206606843607000000000000e-07
3.000000000000000000000000000000000000000000000000000000000000000000000000000000000000000000000000000000000000000000000000000000000000000000000000000000000000000000000000000000000000000000000000000000000000000000000000000000000000000000000000000000000000000000000000000000000000000000000000000000000000e+01 4.806481536713471910591388332939916379693044628280169960831233717901442945151384453917858079147746141626318146697940585123425851407113512304048804112489827220024821562304758313754475218597295359937482004611277303176133566148082228522388001346457368650050221513145375376626393984396054096754400000000000e-07
9.000000000000000000000000000000000000000000000000000000000000000000000000000000000000000000000000000000000000000000000000000000000000000000000000000000000000000000000000000000000000000000000000000000000000000000000000000000000000000000000000000000000000000000000000000000000000000000000000000000000000e+01 4.535189163714413999482103185020021601364527416130972148110115930835575349104845440485185568367909346882744064212234741917419574608641196527717302483508338849017300103412240032481961867823960778899538121909436888076761425232395097441559906275915959742431387270512127903331113537364988919453200000000000e-07
2.700000000000000000000000000000000000000000000000000000000000000000000000000000000000000000000000000000000000000000000000000000000000000000000000000000000000000000000000000000000000000000000000000000000000000000000000000000000000000000000000000000000000000000000000000000000000000000000000000000000000e+02 5.494192792885247206670433885240861768654735248709910522818212492731316537080551401997972433567189487404182065528170451601163837466564911508085675882418567494844411137287513031671628915544460626212875072806274085983658291058355151303089528771404490479551871344735858103741587159765137651889100000000000e-07
8.100000000000000000000000000000000000000000000000000000000000000000000000000000000000000000000000000000000000000000000000000000000000000000000000000000000000000000000000000000000000000000000000000000000000000000000000000000000000000000000000000000000000000000000000000000000000000000000000000000000000e+02 6.516593525940337679516339234587120979685574103614711691531595055067776466417084888815204213699482051861191297884163794627092600744635841750947341292330636209283964465486261445717906642234611245450576818120921996623924308341902337868200225870214309705320677300941234505189712153255521673213400000000000e-07
2.430000000000000000000000000000000000000000000000000000000000000000000000000000000000000000000000000000000000000000000000000000000000000000000000000000000000000000000000000000000000000000000000000000000000000000000000000000000000000000000000000000000000000000000000000000000000000000000000000000000000e+03 5.385683298672732360852753242056333760272485131754472761964535472072298526214223114576253526323653387251071184370407903158119894616410285246115113229343053437152840704464365982318332552294892428029777620246938160990953133370269447367604943669065103706345676520179043381411097909781694359179200000000000e-07
7.290000000000000000000000000000000000000000000000000000000000000000000000000000000000000000000000000000000000000000000000000000000000000000000000000000000000000000000000000000000000000000000000000000000000000000000000000000000000000000000000000000000000000000000000000000000000000000000000000000000000e+03 4.668377919020667870173108634111239102394645462390239006051113822477885989195278412651071491275727673230104349949425468839928060942723922355825207957759531515775826084283606211072206259287924270694684912735964536903927244619965296712010722046375813560696159897865271241622180264968575450499700000000000e-07
2.187000000000000000000000000000000000000000000000000000000000000000000000000000000000000000000000000000000000000000000000000000000000000000000000000000000000000000000000000000000000000000000000000000000000000000000000000000000000000000000000000000000000000000000000000000000000000000000000000000000000e+04 5.856169601597553988822521726282858754294635648103799541682040022963754265581377332543437086219087034470905176729114934742961834253122781359541539358322433652174843366673869565374822271572773680405019444850497086689212195795054311610398448512406738396288383541625010424985798987745477724341500000000000e-07
6.561000000000000000000000000000000000000000000000000000000000000000000000000000000000000000000000000000000000000000000000000000000000000000000000000000000000000000000000000000000000000000000000000000000000000000000000000000000000000000000000000000000000000000000000000000000000000000000000000000000000e+04 3.973135627980102727261323757779188969893803985447554146784233315737446910790716963030765091854406833751122293097702229829475274525231484892746962241663816166888414064714210321454331441631082656599322312530802380020962578345447838742252812910489630111166965162349501273144824346380449986989600000000000e-06
1.968300000000000000000000000000000000000000000000000000000000000000000000000000000000000000000000000000000000000000000000000000000000000000000000000000000000000000000000000000000000000000000000000000000000000000000000000000000000000000000000000000000000000000000000000000000000000000000000000000000000e+05 8.623185663560775216833274113462548090122287198338201165537547785503612535978405961102063602252512038004044087334364314610334062757893531201751012598457124934039984489336791593988074860925892133228035803408337622317137810554395727262836979513844581703378633200758183979740184530699645042887600000000000e-06
5.904900000000000000000000000000000000000000000000000000000000000000000000000000000000000000000000000000000000000000000000000000000000000000000000000000000000000000000000000000000000000000000000000000000000000000000000000000000000000000000000000000000000000000000000000000000000000000000000000000000000e+05 7.189081277089791793335298549905827672214263465560983048309386811861491144913925743061334137092354756091263101864290588438428280754711118424481396779849762694345706253721266134730942184313961453428797184292943699873446000995617750792600192846527704180897780612300167148825495613624265535536500000000000e-04
1.771470000000000000000000000000000000000000000000000000000000000000000000000000000000000000000000000000000000000000000000000000000000000000000000000000000000000000000000000000000000000000000000000000000000000000000000000000000000000000000000000000000000000000000000000000000000000000000000000000000000e+06 1.198467535541639767774075309829344206096536513125336291595628113544165704749995827371427374204587089303834348257096804836008457514880733679135152095581620945622350634798003102392518589779940598066659257942122403951257059613373335725476680435739973861663766594549971976928003794779338890534800000000000e-03
5.314410000000000000000000000000000000000000000000000000000000000000000000000000000000000000000000000000000000000000000000000000000000000000000000000000000000000000000000000000000000000000000000000000000000000000000000000000000000000000000000000000000000000000000000000000000000000000000000000000000000e+06 3.991282921951945250272322994549412853830885009194291816770751261357499318260515264931830823423178090094542048023236294154696240328512915847489504973836577097858871346559775304790227698505473560687125376797427027949814269894936642431589666950796126037782827809537749954972987018313840252622500000000000e-02
1.594323000000000000000000000000000000000000000000000000000000000000000000000000000000000000000000000000000000000000000000000000000000000000000000000000000000000000000000000000000000000000000000000000000000000000000000000000000000000000000000000000000000000000000000000000000000000000000000000000000000e+07 1.285806423505666544298889838677517517944742174126818748846621431493463994347436565654596580775407515787745452376859451607317516803155898660917548113517016624316134230538140170300884830829121428801305669503168642653077425019724564893822653747918276573999379170356429247903406558380189067504600000000000e+00
4.782969000000000000000000000000000000000000000000000000000000000000000000000000000000000000000000000000000000000000000000000000000000000000000000000000000000000000000000000000000000000000000000000000000000000000000000000000000000000000000000000000000000000000000000000000000000000000000000000000000000e+07 1.934796960911302263310936634009716530091890332882554905218115495863862821183062448604917755973770287361487189277011707808225947914433299723574105634980575923929503434298301178143612523729221335090915841797421280967085767398557937241868625881217277688485090726650530688268853124181186147087400000000000e+00
1.434890700000000000000000000000000000000000000000000000000000000000000000000000000000000000000000000000000000000000000000000000000000000000000000000000000000000000000000000000000000000000000000000000000000000000000000000000000000000000000000000000000000000000000000000000000000000000000000000000000000e+08 2.452179429915482963061884340979260881227967100177021547135978571424781947471253220836116294726900402284883574189724831357075268879247538395258070883123090530122318298262682662767479323570094803478166912600742386138058497305976761896422926764080180167724802664567595258767142572943183461292800000000000e+00
4.304672100000000000000000000000000000000000000000000000000000000000000000000000000000000000000000000000000000000000000000000000000000000000000000000000000000000000000000000000000000000000000000000000000000000000000000000000000000000000000000000000000000000000000000000000000000000000000000000000000000e+08 2.532411020869996398283349052394831571522875534275888230673029182951483380086403946020381296591987763452635698622961041188315091585525577116699790653206091295486513198342080572540646928381908894947268573972899980985930015251086668608298283539726701653406977237942938061257523952716109393850300000000000e+00
1.291401630000000000000000000000000000000000000000000000000000000000000000000000000000000000000000000000000000000000000000000000000000000000000000000000000000000000000000000000000000000000000000000000000000000000000000000000000000000000000000000000000000000000000000000000000000000000000000000000000000e+09 3.451547195242941104938221558344396111229726143517075392141996819578920454738399233443378985822184217902593517158308164720406852653053018090076507084962559621198234207861188370680056025199170193578700543269100908355462307039124144301057936946289152800517582502518868994512012601729913964260200000000000e+00
3.874204890000000000000000000000000000000000000000000000000000000000000000000000000000000000000000000000000000000000000000000000000000000000000000000000000000000000000000000000000000000000000000000000000000000000000000000000000000000000000000000000000000000000000000000000000000000000000000000000000000e+09 3.046883861060128234090978413967540944915011738240248005671328104429092014110744139999247397719025216454428558009484236660829003643917517253922378357534802244248489572085108928419861310293106661153036473235814291510389755456176740331973916369968730045401075247747174566879034895349946005669600000000000e+00
1.162261467000000000000000000000000000000000000000000000000000000000000000000000000000000000000000000000000000000000000000000000000000000000000000000000000000000000000000000000000000000000000000000000000000000000000000000000000000000000000000000000000000000000000000000000000000000000000000000000000000e+10 3.467435637020747022135727800336571783023806968388980038955964493964743890667400207574583070344981544584569903919134453523782489649612824703575976339886828641607098390781190453392202642646038527886009268874578557116531456553736376202474355832725123492656144855166822553009388970568755623370600000000000e+00
3.486784401000000000000000000000000000000000000000000000000000000000000000000000000000000000000000000000000000000000000000000000000000000000000000000000000000000000000000000000000000000000000000000000000000000000000000000000000000000000000000000000000000000000000000000000000000000000000000000000000000e+10 3.463030031847498943106134179360564934437671834294144803546184012056937171937609196174756754754261344500921973872453355340519659477021804500849050981385017127174997039061995276686836704955619315014262722151222236624964457460129123575884349442342732068184596360659865964240605029863868850298500000000000e+00
1.046035320300000000000000000000000000000000000000000000000000000000000000000000000000000000000000000000000000000000000000000000000000000000000000000000000000000000000000000000000000000000000000000000000000000000000000000000000000000000000000000000000000000000000000000000000000000000000000000000000000e+11 4.440475431715369360222131953446891433993960153679544560223921808850991925801363815662537091874887200872038672857428870651860916264263069027283541171943003539249795539105044080649505502032478167574380238754303257538159060523310538335929406317574745799988576379423832658474890883186497223251900000000000e+00
3.138105960900000000000000000000000000000000000000000000000000000000000000000000000000000000000000000000000000000000000000000000000000000000000000000000000000000000000000000000000000000000000000000000000000000000000000000000000000000000000000000000000000000000000000000000000000000000000000000000000000e+11 3.464210377759452699309591253697784966026766863553459044614529698408544585804057914964135937580611852457879077915402264387081462608619498289186688020715940508360237909841488845843186723851549968639980388274551699285872542701325776226328442098759683578968734945082971061648487582879341403735500000000000e+00
9.414317882700000000000000000000000000000000000000000000000000000000000000000000000000000000000000000000000000000000000000000000000000000000000000000000000000000000000000000000000000000000000000000000000000000000000000000000000000000000000000000000000000000000000000000000000000000000000000000000000000e+11 4.470474876870795863459589140813889824856578581263374472886139481880864434620085011972268730714418687101394472072098860225886437654601749132289468307914818402991855506762897743995175706034579323453007706227518244565950771500965499210263613275187399656064889756419270043242042005448290218086900000000000e+00
2.824295364810000000000000000000000000000000000000000000000000000000000000000000000000000000000000000000000000000000000000000000000000000000000000000000000000000000000000000000000000000000000000000000000000000000000000000000000000000000000000000000000000000000000000000000000000000000000000000000000000e+12 4.288891508112783059220988839801527507484041610321728544507803896958935005812494816957145209505214939537966229633253941580130017954934501618813630199081755159965134700398895875971916473236139047067479450089951481587432304899740517647441552841956413564230249262846071051159686248079675516263500000000000e+00
8.472886094430000000000000000000000000000000000000000000000000000000000000000000000000000000000000000000000000000000000000000000000000000000000000000000000000000000000000000000000000000000000000000000000000000000000000000000000000000000000000000000000000000000000000000000000000000000000000000000000000e+12 4.484557276646607429778443561366897698965743495757819689822917650660640418166519838729277575629525365831956267705683436475468173205218497135315245933952577983552548203476949666539023269139103352962448411168184068920582091682278370693487012219032573881608137175668572899462720826605603571079700000000000e+00
2.541865828329000000000000000000000000000000000000000000000000000000000000000000000000000000000000000000000000000000000000000000000000000000000000000000000000000000000000000000000000000000000000000000000000000000000000000000000000000000000000000000000000000000000000000000000000000000000000000000000000e+13 5.136454026719662439527308668169242614360208608891763873596235419511173192751674726638804194366576538947106238832795636177382214761602646248907040470381173477464841528873844401076115317407393402533461786023916201419592828657280964104699131830133513290413649783210062715784416436729333261818900000000000e+00
7.625597484987000000000000000000000000000000000000000000000000000000000000000000000000000000000000000000000000000000000000000000000000000000000000000000000000000000000000000000000000000000000000000000000000000000000000000000000000000000000000000000000000000000000000000000000000000000000000000000000000e+13 5.476550473345929879436154252036772256151108418191924174752392080930412335743331323000952791691833533272950218218394625545347856441027438272843159727321547257948751336350241908746699831602879395011865491972503561280131333346373626164377967465880300065079026210170471752308715821784317014352400000000000e+00
2.287679245496100000000000000000000000000000000000000000000000000000000000000000000000000000000000000000000000000000000000000000000000000000000000000000000000000000000000000000000000000000000000000000000000000000000000000000000000000000000000000000000000000000000000000000000000000000000000000000000000e+14 5.476120963572550981017874987870721901007057531085741075094524050183108878144795831063979641540693928378667312476904671271195905060692140658727812779982143428912438183365483108028664938732659615269018537030514273130605198783561340811580993371809545301721825701461548169673188298490915505195500000000000e+00
6.863037736488300000000000000000000000000000000000000000000000000000000000000000000000000000000000000000000000000000000000000000000000000000000000000000000000000000000000000000000000000000000000000000000000000000000000000000000000000000000000000000000000000000000000000000000000000000000000000000000000e+14 3.707243717090437532884107747280404885759205354355899299431677839780283590331466717920169510936565825351482895321255206123425342480763105493673547796906738047168281305368199508726797472055979050119444382216989745491361492793173994588045270186261229304725616656070324431142846332145067804842300000000000e+00
2.058911320946490000000000000000000000000000000000000000000000000000000000000000000000000000000000000000000000000000000000000000000000000000000000000000000000000000000000000000000000000000000000000000000000000000000000000000000000000000000000000000000000000000000000000000000000000000000000000000000000e+15 5.477183705967506378875947832244812712214033362694378106907472371526025678520024812648498585495849321567181611409263169530309634947071955527376489455554475694105395120613979335126332652950241437065907347387938336385199299890036712322222251951504130758358528688324985497227723275012178904009000000000000e+00
6.176733962839470000000000000000000000000000000000000000000000000000000000000000000000000000000000000000000000000000000000000000000000000000000000000000000000000000000000000000000000000000000000000000000000000000000000000000000000000000000000000000000000000000000000000000000000000000000000000000000000e+15 5.477254021165959210819192030318176905415403577647736457696169751759577094066857629650473427748156788435228185811523822555865040491558174147816235952186521631625585820380876174355937942528089635575570564966281345002429469317855923243888161895421181560123154656479308836195506116792610667567900000000000e+00
