1.000000000000000000000000000000000000000000000000000000000000000000000000000000000000000000000000000000000000000000000000000000000000000000000000000000000000000000000000000000000000000000000000000000000000000000000000000000000000000000000000000000000000000000000000000000000000000000000000000000000000e+01 4.571397880177864061453349647346461807623370608668793308313194743547439397783207369484151523101391856899264141209094647517766901643306805027093629117488269151574655755501253938367718025183243820069069645424012592572865391823115238787120266085220651417653284941841304274727630007162748620502600000000000e-75
3.000000000000000000000000000000000000000000000000000000000000000000000000000000000000000000000000000000000000000000000000000000000000000000000000000000000000000000000000000000000000000000000000000000000000000000000000000000000000000000000000000000000000000000000000000000000000000000000000000000000000e+01 1.282710255422929990088206027392016556396050916865491478693436614628018883019262086670635320546028481168741283371740751849636267792290507338678354875850005938801187925414052888348819439455471445460494516692041218808247122374803917311342843165502654356425709167188679931402728997563129268805800000000000e-74
9.000000000000000000000000000000000000000000000000000000000000000000000000000000000000000000000000000000000000000000000000000000000000000000000000000000000000000000000000000000000000000000000000000000000000000000000000000000000000000000000000000000000000000000000000000000000000000000000000000000000000e+01 3.561280170612507923882765738557136994893927347899708390779747750225257265811572175063267140936117842712333763892923004516544796367539912325078442111562527462421700986401286550631424730582222547869174262363533402415895304533832349976879078014092748844653930271591969058464596702599734807357500000000000e-74
2.700000000000000000000000000000000000000000000000000000000000000000000000000000000000000000000000000000000000000000000000000000000000000000000000000000000000000000000000000000000000000000000000000000000000000000000000000000000000000000000000000000000000000000000000000000000000000000000000000000000000e+02 1.132466815549921999995694890564239796080763126658630411594898278011709945638973991174436618397063069603035064501490059839694690438324955768334182176822069926364064531393963235458571132332805412836383277572540443216583225670997802643418182740199023416395538604067483392914457804161407563594700000000000e-73
8.100000000000000000000000000000000000000000000000000000000000000000000000000000000000000000000000000000000000000000000000000000000000000000000000000000000000000000000000000000000000000000000000000000000000000000000000000000000000000000000000000000000000000000000000000000000000000000000000000000000000e+02 3.425461192395940471751601525514445816684046761331462287906494928059760290544390175036869855063210847355168512124488757893477166816185141371605467792379075704763742344995296381019216533037173402089456582143232192315824998537535480085562588792281692544014994589384145102483270822617895640355100000000000e-73
2.430000000000000000000000000000000000000000000000000000000000000000000000000000000000000000000000000000000000000000000000000000000000000000000000000000000000000000000000000000000000000000000000000000000000000000000000000000000000000000000000000000000000000000000000000000000000000000000000000000000000e+03 8.948821766234321597951768719867907060105128739378933429628407741413441930278804456228283567921805226993711694557876064144087552170587091476601814540588851741929049048514822140297707877631816055318588022313187444305695014290680709204633257757515101597563491028165937125134014143609853961595200000000000e-73
7.290000000000000000000000000000000000000000000000000000000000000000000000000000000000000000000000000000000000000000000000000000000000000000000000000000000000000000000000000000000000000000000000000000000000000000000000000000000000000000000000000000000000000000000000000000000000000000000000000000000000e+03 2.416246734405404413832036688124828091246245626015756141664113868211594733392050008671788127974201208232163241055685181533056471666884537174910819725159343113605631402004222541665464510886435929343356486534186562665412472592765469387765965968511611504152769521053959661423502661093412824223300000000000e-72
2.187000000000000000000000000000000000000000000000000000000000000000000000000000000000000000000000000000000000000000000000000000000000000000000000000000000000000000000000000000000000000000000000000000000000000000000000000000000000000000000000000000000000000000000000000000000000000000000000000000000000e+04 7.082886345087536907811237039270533046899467556194588628183651381516669447662825435026605514217727830246015924851294156677947908801437630770461318070174589788650384829601679786418006946643308493283297990821102840232112516074383961489297911741238728570736480510122805623110922946453229908744500000000000e-72
6.561000000000000000000000000000000000000000000000000000000000000000000000000000000000000000000000000000000000000000000000000000000000000000000000000000000000000000000000000000000000000000000000000000000000000000000000000000000000000000000000000000000000000000000000000000000000000000000000000000000000e+04 1.640810454627209897287168212433926841932526071794538093050273331980562046874839043250476459720331810961675192419562116628709209414867252334445820322370501372727026906489155091905649813148902989125548218249340424095801594507376598032533923440989715868794746920116511375114622750945911568985700000000000e-71
1.968300000000000000000000000000000000000000000000000000000000000000000000000000000000000000000000000000000000000000000000000000000000000000000000000000000000000000000000000000000000000000000000000000000000000000000000000000000000000000000000000000000000000000000000000000000000000000000000000000000000e+05 4.418436971329686855846149974520430158024638908463004521305090996900482891606087467990503190530456950284044719162618048763690920038655200945108049969050045175226569023014604486985464192509710576900401145069900493009905300512385499140848750521283584473897618197765984156798258902025590080055400000000000e-71
5.904900000000000000000000000000000000000000000000000000000000000000000000000000000000000000000000000000000000000000000000000000000000000000000000000000000000000000000000000000000000000000000000000000000000000000000000000000000000000000000000000000000000000000000000000000000000000000000000000000000000e+05 1.090335444999377283447748435935730976522503263362966282503057656402623221858254014819207775677742122286412417456977834188573109316422995226228280030017798555553181697099571916351870956209379757828865580265977583900263237358100487177341955880090098089663013799837069330965065303861314393598300000000000e-70
1.771470000000000000000000000000000000000000000000000000000000000000000000000000000000000000000000000000000000000000000000000000000000000000000000000000000000000000000000000000000000000000000000000000000000000000000000000000000000000000000000000000000000000000000000000000000000000000000000000000000000e+06 2.668120002566538857990681517197129970755364104929843273163754506720962189862436685894398370700091234360212888400127043790973500537957642879972820328661475146447729714058764112658117709917423360910298180267760892975268315321425344225925631829263366324902421226817829945753431666419759920206200000000000e-70
5.314410000000000000000000000000000000000000000000000000000000000000000000000000000000000000000000000000000000000000000000000000000000000000000000000000000000000000000000000000000000000000000000000000000000000000000000000000000000000000000000000000000000000000000000000000000000000000000000000000000000e+06 7.145455868276597135833264928520447169749940583043563903534559126872162929756764554641243363974195167152276250994517492475102038613139930273230668741355798988723730099462057660991577221608031754754867911178016174699021643962375614303160564163963377929681660447761026808264745519964439288381700000000000e-70
1.594323000000000000000000000000000000000000000000000000000000000000000000000000000000000000000000000000000000000000000000000000000000000000000000000000000000000000000000000000000000000000000000000000000000000000000000000000000000000000000000000000000000000000000000000000000000000000000000000000000000e+07 1.954782799019351034335698928571265876489081211037460687857819852002666807147986137745311879348260196148681801274303091962655758412975502660595471049954662946970633828141563812417986910352792445854229316802879622727734939040302051904435163219560306406079155784288018040542039846951222629919100000000000e-69
4.782969000000000000000000000000000000000000000000000000000000000000000000000000000000000000000000000000000000000000000000000000000000000000000000000000000000000000000000000000000000000000000000000000000000000000000000000000000000000000000000000000000000000000000000000000000000000000000000000000000000e+07 5.667102329981364476958278479388839396085581521709309873153813982998400839407569333770741483322623639844392033675074421230614466383040326430909851218996365987745329829234318788916819923633670338077593593396488920506210319980712532065077076281954103594452106630683621470881014219276121364646000000000000e-69
1.434890700000000000000000000000000000000000000000000000000000000000000000000000000000000000000000000000000000000000000000000000000000000000000000000000000000000000000000000000000000000000000000000000000000000000000000000000000000000000000000000000000000000000000000000000000000000000000000000000000000e+08 1.537463069220035859199083254671336760300295197710828000635544278153322178696149072302640388370334714695082950378991411944067159635521698242271226804327592534419481368910935154765685437856304539717505655806873797701970238662805814956542170764420710701386891871670588876005263223965637982436000000000000e-68
4.304672100000000000000000000000000000000000000000000000000000000000000000000000000000000000000000000000000000000000000000000000000000000000000000000000000000000000000000000000000000000000000000000000000000000000000000000000000000000000000000000000000000000000000000000000000000000000000000000000000000e+08 4.426223192603408813796123469267532248002356331720069205221278063203092515326393135212016937512203494735591987711282347106137574749032874281307454811269790680539759496400059257480779689337664617736138229736340176628852117493385320769041607095851395377427962358536203033495583754281999320891500000000000e-68
1.291401630000000000000000000000000000000000000000000000000000000000000000000000000000000000000000000000000000000000000000000000000000000000000000000000000000000000000000000000000000000000000000000000000000000000000000000000000000000000000000000000000000000000000000000000000000000000000000000000000000e+09 1.389071358319247438635731245760804497981410186863125927225813367337050824364944037510384896080649131634172486898326041115668048905225170841197202201034329068947584448784334486418933397980757715755252017139822125170730196788865939844140677197260883583768412274378250921472670506695474308777600000000000e-67
3.874204890000000000000000000000000000000000000000000000000000000000000000000000000000000000000000000000000000000000000000000000000000000000000000000000000000000000000000000000000000000000000000000000000000000000000000000000000000000000000000000000000000000000000000000000000000000000000000000000000000e+09 3.895055404816395860099375045971986143649872722013484615988460379622206642314237634307655994533242652342643857938951287456202138296902448721850083786402758567137601021492292345286885219227275612620261608581453628834310442776576660259986422438586583511932704819211710259656556667740683259676300000000000e-67
1.162261467000000000000000000000000000000000000000000000000000000000000000000000000000000000000000000000000000000000000000000000000000000000000000000000000000000000000000000000000000000000000000000000000000000000000000000000000000000000000000000000000000000000000000000000000000000000000000000000000000e+10 3.598569465345564145406057605349123505884896639813593269686122676159917013605614764523456558964323874432639054424663504517434781943359674884700097178656775704943220593642991459018870220217305638166935943588159446898102637522470093072470239035566631607089649268573948137714278044783798067796500000000000e-67
3.486784401000000000000000000000000000000000000000000000000000000000000000000000000000000000000000000000000000000000000000000000000000000000000000000000000000000000000000000000000000000000000000000000000000000000000000000000000000000000000000000000000000000000000000000000000000000000000000000000000000e+10 5.402213879323915526177162214909392016317253087870264640097697326679224146485018101306584781610042531162423696525256055810207420104671777526060327421626198732026937753541990495389923319711116082077516967427715150022865746715523248500768364965281770252136650497991779491079890565261298128436100000000000e-67
1.046035320300000000000000000000000000000000000000000000000000000000000000000000000000000000000000000000000000000000000000000000000000000000000000000000000000000000000000000000000000000000000000000000000000000000000000000000000000000000000000000000000000000000000000000000000000000000000000000000000000e+11 1.131402039972982590883164331259868635811769813277870612672950114703144077931574784534456080331058593615922843544803637272331189282532163286967076085560198770925821064772670499610426700355532433311456991186607137234189554141266493561161299940357519783609798481146210758003029465419362410518500000000000e-66
3.138105960900000000000000000000000000000000000000000000000000000000000000000000000000000000000000000000000000000000000000000000000000000000000000000000000000000000000000000000000000000000000000000000000000000000000000000000000000000000000000000000000000000000000000000000000000000000000000000000000000e+11 4.188747440443618721900568797525434754080622004099964767311345729550762913809001077439439371034050232258871011764900108986680976073620601391412038951945605886150950509040872319442616830026664024487468762131704491175234201900905760820047744795709736822647146502749221410083382874668573708056400000000000e-67
9.414317882700000000000000000000000000000000000000000000000000000000000000000000000000000000000000000000000000000000000000000000000000000000000000000000000000000000000000000000000000000000000000000000000000000000000000000000000000000000000000000000000000000000000000000000000000000000000000000000000000e+11 2.697716961496521140289958271710505259116927894856767157234894666560960509486527486297785724537941848559212548071661821597062276213428350283490150141012156801482415092088547625473565231868417963376841035812097307701442849903848627687523640933314920557510151414400783963080361198187740713051200000000000e-67
2.824295364810000000000000000000000000000000000000000000000000000000000000000000000000000000000000000000000000000000000000000000000000000000000000000000000000000000000000000000000000000000000000000000000000000000000000000000000000000000000000000000000000000000000000000000000000000000000000000000000000e+12 1.711265139272122289373812466801179764980526878439296997428127214372645746052500937622413560060412964656142028016763958083988157945846869753828552458360300017340742480511679224050275494827402786221803301315402983727380601324629592605390893032218993432260108444758152011887143521957115833509000000000000e-67
8.472886094430000000000000000000000000000000000000000000000000000000000000000000000000000000000000000000000000000000000000000000000000000000000000000000000000000000000000000000000000000000000000000000000000000000000000000000000000000000000000000000000000000000000000000000000000000000000000000000000000e+12 3.605169487248459277570167947574397143095739748291008818922144841872809600492946168158699825190884505766133783869336936699255187047824394765533975491090059517986155033074968880594948640435763247973285704863470974013549740635864579662415906573351683149816450355734757933997718573493809473487600000000000e-67
2.541865828329000000000000000000000000000000000000000000000000000000000000000000000000000000000000000000000000000000000000000000000000000000000000000000000000000000000000000000000000000000000000000000000000000000000000000000000000000000000000000000000000000000000000000000000000000000000000000000000000e+13 7.466695360397652378309620352119632618046340339787284897424972827497945958027782482070274275795830004847977866546570704905683139315195204371028612182785236618487927338773378747468815611942249452684699419291246604184666970583986820925837431512870674731208063675818899997993351316285904840943500000000000e-67
7.625597484987000000000000000000000000000000000000000000000000000000000000000000000000000000000000000000000000000000000000000000000000000000000000000000000000000000000000000000000000000000000000000000000000000000000000000000000000000000000000000000000000000000000000000000000000000000000000000000000000e+13 5.708104274838924190141141781471015161097788922879727446105899767204682585852492281674092874135057272626303834525906488819943458285426637404128400057872521462572332194705209888906800285762745872143329128925415897152411118784116158284538082677845762979454003808888710557413690605136187367935500000000000e-67
2.287679245496100000000000000000000000000000000000000000000000000000000000000000000000000000000000000000000000000000000000000000000000000000000000000000000000000000000000000000000000000000000000000000000000000000000000000000000000000000000000000000000000000000000000000000000000000000000000000000000000e+14 1.214660748323316551198266827919112443634223829282880990807927455958679335386836788661788471730564780413446362035187830357354448807071418257384295039342843094841898096288275635052749194350588227875845623328314037143909738149542343761585838081709002547080718899459666552930911089499368187672300000000000e-67
6.863037736488300000000000000000000000000000000000000000000000000000000000000000000000000000000000000000000000000000000000000000000000000000000000000000000000000000000000000000000000000000000000000000000000000000000000000000000000000000000000000000000000000000000000000000000000000000000000000000000000e+14 2.850502258486009574837712729702028271917196596393695350213413574376624863421650390673317202880362341574183326825323034145523767283641290237457503105888077685240186651808206048076092767119947278002663074622099330819320359112075309237970073804452756640391551992463360703676082188293189658555900000000000e-68
2.058911320946490000000000000000000000000000000000000000000000000000000000000000000000000000000000000000000000000000000000000000000000000000000000000000000000000000000000000000000000000000000000000000000000000000000000000000000000000000000000000000000000000000000000000000000000000000000000000000000000e+15 5.802609762958001959701278774957930617319550740465817983463943914822947500519109368325328400682447228859078340884880118269616386116635330271440974783977161162317797651347483348527141510668850466396152046177212854866783155465277633452108223971589942077824837066606861078834912321437635039411300000000000e-68
6.176733962839470000000000000000000000000000000000000000000000000000000000000000000000000000000000000000000000000000000000000000000000000000000000000000000000000000000000000000000000000000000000000000000000000000000000000000000000000000000000000000000000000000000000000000000000000000000000000000000000e+15 1.015051064745801610929273836552515985418097284586318331915363987893870741659737458578291227086359732150476791559966673748641720286544939083195156627210237281848641323344779940463330774488118082222280369651680319180896360981981849248291727275359368346039328040016128052390260503759440894771600000000000e-67
