1.000000000000000000000000000000000000000000000000000000000000000000000000000000000000000000000000000000000000000000000000000000000000000000000000000000000000000000000000000000000000000000000000000000000000000000000000000000000000000000000000000000000000000000000000000000000000000000000000000000000000e+00 1.942273073700977009010537666275815892213642013221055140082211091362312984796442155085019401869532004750782402916238327620427436300598874728624413846178974622026215824518587583739175716359114144779665039671953790051022189195713176617173756364726649514692009528969937426649335341110255661612500000000000e-03
3.000000000000000000000000000000000000000000000000000000000000000000000000000000000000000000000000000000000000000000000000000000000000000000000000000000000000000000000000000000000000000000000000000000000000000000000000000000000000000000000000000000000000000000000000000000000000000000000000000000000000e+00 3.582399462518762986850080783723870176546911341058930280642672918354810617190046686927527277553779196042010144742289481795252768688134426854310386339324912618820082572289974177590663249698135343965145829736425089968882931869821366521149410604424886539134538820933356703259038480252468910207200000000000e-03
9.000000000000000000000000000000000000000000000000000000000000000000000000000000000000000000000000000000000000000000000000000000000000000000000000000000000000000000000000000000000000000000000000000000000000000000000000000000000000000000000000000000000000000000000000000000000000000000000000000000000000e+00 4.177831895045502541603651981720693996806200633839397311548049927841704161339132458695420941947902494056646125966096923146727579424478212920385799727711146341468843084725405713390767180300763356743525376437594621686224627315297750427964402877824081018947388659506559706858004363108955088300100000000000e-03
2.700000000000000000000000000000000000000000000000000000000000000000000000000000000000000000000000000000000000000000000000000000000000000000000000000000000000000000000000000000000000000000000000000000000000000000000000000000000000000000000000000000000000000000000000000000000000000000000000000000000000e+01 4.921027222102550949184951598563806740962317521622228376975932893696344324646382839391247034972592558466298760717741832068316131957835551318660576809865468953483248939247852426516335953706243691020154462933343971841165587365100014612210292070840219122592251933208516101363459756990153095456100000000000e-03
8.100000000000000000000000000000000000000000000000000000000000000000000000000000000000000000000000000000000000000000000000000000000000000000000000000000000000000000000000000000000000000000000000000000000000000000000000000000000000000000000000000000000000000000000000000000000000000000000000000000000000e+01 4.602403137826939591649549086958195171469956269823166473935035242751263834383697669926232105247344445022083826308191025861992179848357882471649230705304554494186586082501942748098001230716770444081915391390125708942799057587975454957775059071025158253382947053839020473945310072110908137105000000000000e-03
2.430000000000000000000000000000000000000000000000000000000000000000000000000000000000000000000000000000000000000000000000000000000000000000000000000000000000000000000000000000000000000000000000000000000000000000000000000000000000000000000000000000000000000000000000000000000000000000000000000000000000e+02 5.329495015762583961425407603736911547215559386002414302106733339247093021364186804193132731311336622239859612544316255383836850163402019562913656756896583684487118538596794002968164833676605382528474617533213003635015418943791045240085180150698433353250518914028123276388791104920151116235100000000000e-03
7.290000000000000000000000000000000000000000000000000000000000000000000000000000000000000000000000000000000000000000000000000000000000000000000000000000000000000000000000000000000000000000000000000000000000000000000000000000000000000000000000000000000000000000000000000000000000000000000000000000000000e+02 7.022979069648184225373443586463512626401854419290248011116266330371758027428545480231913311090386541223583408294049906852482349817646091490898995848087768381876529972289970081527992005499941598715536699733769520083282658917890527201780807610739056180363202423215847982744432939691316412226500000000000e-03
2.187000000000000000000000000000000000000000000000000000000000000000000000000000000000000000000000000000000000000000000000000000000000000000000000000000000000000000000000000000000000000000000000000000000000000000000000000000000000000000000000000000000000000000000000000000000000000000000000000000000000e+03 8.661386689790746499732077537516637541097023204370097824721817114923515046460492891566481194598232957839764689275974455879661932952118466131196185758436261123350889422978985152135700619374604840563038539166021433383835076235379906844592977746191257956802911877634023587370217852251216015435700000000000e-03
6.561000000000000000000000000000000000000000000000000000000000000000000000000000000000000000000000000000000000000000000000000000000000000000000000000000000000000000000000000000000000000000000000000000000000000000000000000000000000000000000000000000000000000000000000000000000000000000000000000000000000e+03 4.673383203533921362241487918706824777718354498146299827397261934635931775006485281018369395879300266678329317529726779232415341127545144361392011788847146455005015442912199066864624602199474645195843374943600168104721215430678705744074463338648033098647495655810081894344811420934470791660400000000000e-01
1.968300000000000000000000000000000000000000000000000000000000000000000000000000000000000000000000000000000000000000000000000000000000000000000000000000000000000000000000000000000000000000000000000000000000000000000000000000000000000000000000000000000000000000000000000000000000000000000000000000000000e+04 1.441932361775910265238498291199857784541617908623786524566466690714803561967795008941338446756524305282192914987288385336068789652450496243163270641779639844907204998825969190725136472255534267788280724327733640502527523904404603339318107838498437273659080071978302223259133610837709301179400000000000e+00
5.904900000000000000000000000000000000000000000000000000000000000000000000000000000000000000000000000000000000000000000000000000000000000000000000000000000000000000000000000000000000000000000000000000000000000000000000000000000000000000000000000000000000000000000000000000000000000000000000000000000000e+04 7.502301427141157474163024011241339667349132313752440034237903208577900082717185404586597384257607657455122628160072061993800435837737289619613811699445481132156164151233546520484214171379762230666715587571728534277176482021000857949334524422184640255154387311904378189737403913212169859153800000000000e-02
1.771470000000000000000000000000000000000000000000000000000000000000000000000000000000000000000000000000000000000000000000000000000000000000000000000000000000000000000000000000000000000000000000000000000000000000000000000000000000000000000000000000000000000000000000000000000000000000000000000000000000e+05 1.526068491456870387324908691798660877496476617057396446611377548936493976721937569041211454893591394589327536791989571708295208746538881174407310046032053433510001811896529623878373368251485923859104050203360680159959995310936060701256620775963607814919322107265735095268312246009245613887000000000000e+00
5.314410000000000000000000000000000000000000000000000000000000000000000000000000000000000000000000000000000000000000000000000000000000000000000000000000000000000000000000000000000000000000000000000000000000000000000000000000000000000000000000000000000000000000000000000000000000000000000000000000000000e+05 3.060194026890801444555265543079222789265246909854203691862968827229095408558214981563616455459609477706577930363483120601249819129210283105758899856460842565401822095918408262174500747157559952765298117917732145524429897317436670314410568415817420205107608258696021669380862763787809589686200000000000e+00
1.594323000000000000000000000000000000000000000000000000000000000000000000000000000000000000000000000000000000000000000000000000000000000000000000000000000000000000000000000000000000000000000000000000000000000000000000000000000000000000000000000000000000000000000000000000000000000000000000000000000000e+06 2.936418364891847633019979624277806715070897953417428710679048466395165396673886085782807330913044005190312393758271322891740202442376566571366809213542428629136957797118319748300885085354493448727938543897576663799374608976288899035624615696521797494708338910348015953771332832309392131814200000000000e+00
4.782969000000000000000000000000000000000000000000000000000000000000000000000000000000000000000000000000000000000000000000000000000000000000000000000000000000000000000000000000000000000000000000000000000000000000000000000000000000000000000000000000000000000000000000000000000000000000000000000000000000e+06 1.275809597081684428766486347222773537978441369019149317906875542853887670564938187837715885501919628346050248862266853932355660532633361787394675938981783449579114405184543274459738314083280002043858044528225038506884060087856648691796225044229021936445520003832982276698904039831160368241200000000000e+00
1.434890700000000000000000000000000000000000000000000000000000000000000000000000000000000000000000000000000000000000000000000000000000000000000000000000000000000000000000000000000000000000000000000000000000000000000000000000000000000000000000000000000000000000000000000000000000000000000000000000000000e+07 1.290276371534347231603441596222022278293756451803500578606873813286793091497658298125340812663879944169448436253336606747283243346359027210569857892474906313512194015524554806736406765281082309048487072249295731995364033660801189852239014810470727122098899649453889992727751477305952074969700000000000e+00
4.304672100000000000000000000000000000000000000000000000000000000000000000000000000000000000000000000000000000000000000000000000000000000000000000000000000000000000000000000000000000000000000000000000000000000000000000000000000000000000000000000000000000000000000000000000000000000000000000000000000000e+07 2.692864414729691333099751768569176317738965881491590907987301422708026535402261734685388008297310819065729768875384924479189499610046621727673475281227693073617270782621079076235987617627873196638483505758727969390857068713373215988822815294461546571457788504828552752280551880072994371343800000000000e+00
1.291401630000000000000000000000000000000000000000000000000000000000000000000000000000000000000000000000000000000000000000000000000000000000000000000000000000000000000000000000000000000000000000000000000000000000000000000000000000000000000000000000000000000000000000000000000000000000000000000000000000e+08 3.645256565503889711449486534276994674604365688408984513349593162561515817341889695141819193685771533433302301332480880403670911441689701536636557024287393078490890708230319228898974450580476290693299325101973562908066991811982389449749215182938630282492045605020369553070415674096885113708000000000000e+00
3.874204890000000000000000000000000000000000000000000000000000000000000000000000000000000000000000000000000000000000000000000000000000000000000000000000000000000000000000000000000000000000000000000000000000000000000000000000000000000000000000000000000000000000000000000000000000000000000000000000000000e+08 3.143196773606332446178191642793805900196080426684368211307638918973701419895601510089650653035311520420929926696997368731777847334607985396481134511255837482402905171207612756650969249329680963125352691021809111386271402179023790990227358358871430238441436614309617926246582596109983491443800000000000e+00
1.162261467000000000000000000000000000000000000000000000000000000000000000000000000000000000000000000000000000000000000000000000000000000000000000000000000000000000000000000000000000000000000000000000000000000000000000000000000000000000000000000000000000000000000000000000000000000000000000000000000000e+09 4.666970806944119916208166497679381147997736680658516170166601154302333302801658044461324883840549056289823362767453162862884324826017307603064312947704525641826698205684081239524866244303677455303277815782155479056837790371239839851258089336527059234625817617274457517574672090643656268969000000000000e+00
3.486784401000000000000000000000000000000000000000000000000000000000000000000000000000000000000000000000000000000000000000000000000000000000000000000000000000000000000000000000000000000000000000000000000000000000000000000000000000000000000000000000000000000000000000000000000000000000000000000000000000e+09 1.360024548341688595887192766248835667332224538481742903983186828849722476039024503940772900710471748711221727766944560770150653074343944153728185373840953455688818995093747406094485461734498097703092098047375084530988754756096986625059263568531894509440939958674803442435382870188719468705200000000000e+00
1.046035320300000000000000000000000000000000000000000000000000000000000000000000000000000000000000000000000000000000000000000000000000000000000000000000000000000000000000000000000000000000000000000000000000000000000000000000000000000000000000000000000000000000000000000000000000000000000000000000000000e+10 2.240279807886904657766288855218556034419439069442461806886954217684127307465147701280541238486538319843466053602568114230899439340031740782251405177441797587519646310452147179976608583665483783308777439409680365261667881666689434131689297624806672833296404764910968635291502323787893321293200000000000e+00
3.138105960900000000000000000000000000000000000000000000000000000000000000000000000000000000000000000000000000000000000000000000000000000000000000000000000000000000000000000000000000000000000000000000000000000000000000000000000000000000000000000000000000000000000000000000000000000000000000000000000000e+10 3.615466382650674675035812133183981491884145025723666090619490283980977487775249024355503690621815052369312616884638728379678347605164935487583154795484202294355304911956045119997124139563278374390741763165466028103445215018575039443480187055919867391363780615722095540587356258384279993304600000000000e+00
9.414317882700000000000000000000000000000000000000000000000000000000000000000000000000000000000000000000000000000000000000000000000000000000000000000000000000000000000000000000000000000000000000000000000000000000000000000000000000000000000000000000000000000000000000000000000000000000000000000000000000e+10 4.418284583220015118168158724572904279775582901389295102930894539293069249161196792228212170606430662703255962548419441474532890642576609814284404210004899486336393466800350873717499151848806713153345280231620556755787433645097920445050616020358820941107296384234339161338469105829093941677700000000000e+00
2.824295364810000000000000000000000000000000000000000000000000000000000000000000000000000000000000000000000000000000000000000000000000000000000000000000000000000000000000000000000000000000000000000000000000000000000000000000000000000000000000000000000000000000000000000000000000000000000000000000000000e+11 1.670415135856014676068559945895959321644827100652044340891451424668032884112987557086921191892307363418271007070522575522169687741977261295541512708120069658164381607617392401130567921386368560576051444163570863412722454856170355459702117970168599094106732210136033356483770502926562868802000000000000e+00
8.472886094430000000000000000000000000000000000000000000000000000000000000000000000000000000000000000000000000000000000000000000000000000000000000000000000000000000000000000000000000000000000000000000000000000000000000000000000000000000000000000000000000000000000000000000000000000000000000000000000000e+11 3.113396873584256904812876909104847089827712357792168296924564602574159164080912812533681267659193070431790097787267173378180157616257447520162052318710136521647937500889634535130570420170305738884420642274898564371661699576484905333577752839261779404234925449402094174796416274553046935652100000000000e-01
2.541865828329000000000000000000000000000000000000000000000000000000000000000000000000000000000000000000000000000000000000000000000000000000000000000000000000000000000000000000000000000000000000000000000000000000000000000000000000000000000000000000000000000000000000000000000000000000000000000000000000e+12 4.933615962199858953778044565181024653599912674946700894618446724998542049334426144910878468575248225831753748413597718912548294587251903234970122436695798758762150701812587222412096470003607483042885034330073817226762315676890400648849237692903199794891801584536107396258601936655015652161200000000000e-01
7.625597484987000000000000000000000000000000000000000000000000000000000000000000000000000000000000000000000000000000000000000000000000000000000000000000000000000000000000000000000000000000000000000000000000000000000000000000000000000000000000000000000000000000000000000000000000000000000000000000000000e+12 9.625355344363003355992665785152914266140514070698869950511577358199181402922123973767099306325228656232122919895409388656836421946738722982832856615086246858152844152400430845188537530312107740605931331911923337238316950045317788488537086294504229108421135104083577890977914513664164209245400000000000e-01
2.287679245496100000000000000000000000000000000000000000000000000000000000000000000000000000000000000000000000000000000000000000000000000000000000000000000000000000000000000000000000000000000000000000000000000000000000000000000000000000000000000000000000000000000000000000000000000000000000000000000000e+13 5.497555435567407562236130615496065170784003408164728327131017767331933720964839380390122476500798291589015449766598246380636705193982830044295069665830825514908671951424165752731593186846168096725581039372427682466322414860329444680083130215316680293622215724016644734593048950172295166869300000000000e+00
6.863037736488300000000000000000000000000000000000000000000000000000000000000000000000000000000000000000000000000000000000000000000000000000000000000000000000000000000000000000000000000000000000000000000000000000000000000000000000000000000000000000000000000000000000000000000000000000000000000000000000e+13 3.117986844452534222737985305242507534681185883080492232506492177158113815857424474271165469080780667336548027806501353253930678440148616452734051601992935410339670330357526762157982573813222370250055053097746613116267190255521381497920519635155108131474821296480055187377530326031270157713200000000000e-01
2.058911320946490000000000000000000000000000000000000000000000000000000000000000000000000000000000000000000000000000000000000000000000000000000000000000000000000000000000000000000000000000000000000000000000000000000000000000000000000000000000000000000000000000000000000000000000000000000000000000000000e+14 1.506493619931038236825874209538716483257974470210123006323469235755885169434477784393182413532515433700990928698958400513536023330920443946881297535330702983363452792942360118613484646086540315201473562329358699431904615045891438455525058877993434953231919890969862252175690243732205260006100000000000e+00
6.176733962839470000000000000000000000000000000000000000000000000000000000000000000000000000000000000000000000000000000000000000000000000000000000000000000000000000000000000000000000000000000000000000000000000000000000000000000000000000000000000000000000000000000000000000000000000000000000000000000000e+14 3.051542779755378816506636597092237722888026970655573069541074542601736096376389421082506763579643892478984182808547994496776525285714052569235424313205870290850326784776477362995542605773326832891707598458366848447134191481133393593287555659629796546263435699590534440880216805626177862563600000000000e-01
1.853020188851841000000000000000000000000000000000000000000000000000000000000000000000000000000000000000000000000000000000000000000000000000000000000000000000000000000000000000000000000000000000000000000000000000000000000000000000000000000000000000000000000000000000000000000000000000000000000000000000e+15 5.389485989694603403058818740582493012734084262640662135644364197818305011889742173970881362983159031089480105872070897826438917197957315747679695749862589500960050277227598598712767286413260044251034062416120532781084952626489602179866841027455830936334835003642739563131554231695492833528400000000000e-01
5.559060566555523000000000000000000000000000000000000000000000000000000000000000000000000000000000000000000000000000000000000000000000000000000000000000000000000000000000000000000000000000000000000000000000000000000000000000000000000000000000000000000000000000000000000000000000000000000000000000000000e+15 2.715456713438141697326946144608009657934304402595106079892798445454642746639237528067389832807955195380746300557950882041319528676104210152324042144131938961721487930343965823980639642299650380308556865749063327847727256013737000558904259970757961487115558470731862680962686608690708433081800000000000e+00
