1.000000000000000000000000000000000000000000000000000000000000000000000000000000000000000000000000000000000000000000000000000000000000000000000000000000000000000000000000000000000000000000000000000000000000000000000000000000000000000000000000000000000000000000000000000000000000000000000000000000000000e+01 1.817945977027840049428816314202461933053300283322830026376226839988117024307451443395429202816925671450788427689700662145877714141590792926654684961760968031565350356281321728632846385568955514771065388007749534546506957001257807640539515593660313812102187144384332333454828037641300461383900000000000e-07
3.000000000000000000000000000000000000000000000000000000000000000000000000000000000000000000000000000000000000000000000000000000000000000000000000000000000000000000000000000000000000000000000000000000000000000000000000000000000000000000000000000000000000000000000000000000000000000000000000000000000000e+01 1.879589498079117682334890582458731122415744995375206551108012091984347718111031771387022556446973971216711634125848358489389914010296240368311231040432446621137271928136696013670993989680368225044570175080493808704187305847344410214642772600038323133999149266883787061491477442168316174446600000000000e-07
9.000000000000000000000000000000000000000000000000000000000000000000000000000000000000000000000000000000000000000000000000000000000000000000000000000000000000000000000000000000000000000000000000000000000000000000000000000000000000000000000000000000000000000000000000000000000000000000000000000000000000e+01 1.408112729817647251618153143576948724049398464902291173532117054134002232033707668436549572710793332874313322101168838106622841047798569824903085732116145580094135457926026349369045738702287853727495181766375622514977249274066586750021069028677903037806601443779507654874611214602007524874600000000000e-07
2.700000000000000000000000000000000000000000000000000000000000000000000000000000000000000000000000000000000000000000000000000000000000000000000000000000000000000000000000000000000000000000000000000000000000000000000000000000000000000000000000000000000000000000000000000000000000000000000000000000000000e+02 1.920080065980738967948342716044453779596569062750732787669828442830947164355126871994869680665058756931904022448535539885721897763511742603621734415632162739838992120415901923673417213873475738512043649359963881696290418247175717322531313743702788291095942088211875220280666644045508314535400000000000e-07
8.100000000000000000000000000000000000000000000000000000000000000000000000000000000000000000000000000000000000000000000000000000000000000000000000000000000000000000000000000000000000000000000000000000000000000000000000000000000000000000000000000000000000000000000000000000000000000000000000000000000000e+02 2.331563463324933831516283714924291106818744145341738560945151168567001168745070203491057695501370349855012471477100162241234356923175589049208766408145100054450065841373161851407242653494277584291226350599470725363648508174505844031851308385713390872446868346559972351804335159803287524508600000000000e-07
2.430000000000000000000000000000000000000000000000000000000000000000000000000000000000000000000000000000000000000000000000000000000000000000000000000000000000000000000000000000000000000000000000000000000000000000000000000000000000000000000000000000000000000000000000000000000000000000000000000000000000e+03 9.654714015183369146086907106177705636587714521698020496487137614393144269792842905116611023956468018468348423333888588892682234729049603443286495664779866327130087962606854171508495077652465420591175440728208055616512714285531352147512841283539268632025499703256359998508592429487968938019800000000000e-08
7.290000000000000000000000000000000000000000000000000000000000000000000000000000000000000000000000000000000000000000000000000000000000000000000000000000000000000000000000000000000000000000000000000000000000000000000000000000000000000000000000000000000000000000000000000000000000000000000000000000000000e+03 1.403021417447187204882330920582670590374651005286732478104544592532866892008145909856662198221484406867605280387880004539196831685838239167573840008900773535067932843453727073543358939397445577211691535831562294582648191840977008243288476735329903109789836389666801800854402080067905001758300000000000e-07
2.187000000000000000000000000000000000000000000000000000000000000000000000000000000000000000000000000000000000000000000000000000000000000000000000000000000000000000000000000000000000000000000000000000000000000000000000000000000000000000000000000000000000000000000000000000000000000000000000000000000000e+04 1.771581373688325263780062904371610029241315676829786124626235869850980624997634010789474126296658984476932019668241118046620168891547133066807942850698584102642249671831864177978149135329089432225165746277431301642263829704902121404069513188278019011472379845447558237976784019744402120369400000000000e-07
6.561000000000000000000000000000000000000000000000000000000000000000000000000000000000000000000000000000000000000000000000000000000000000000000000000000000000000000000000000000000000000000000000000000000000000000000000000000000000000000000000000000000000000000000000000000000000000000000000000000000000e+04 1.937750852397857288619588046591874421155252622157527218700362559573044818922765505612639402498768412812781167079577603061676159755884667595281397031546219482207132287082370007776266974836293650843411333120484931489520908897938381467282736948694144530025153527963733374512458670254702502066200000000000e-07
1.968300000000000000000000000000000000000000000000000000000000000000000000000000000000000000000000000000000000000000000000000000000000000000000000000000000000000000000000000000000000000000000000000000000000000000000000000000000000000000000000000000000000000000000000000000000000000000000000000000000000e+05 1.188356889985510457644595894511270950708873335127685745259980089494036936288009537843141496303310274228140660242749537522745644090957942989876792859578387564092080092471723441955981467879899617046468696217337735290300667872336559011158290080512940725692830091691427657674779474400987949659200000000000e-07
5.904900000000000000000000000000000000000000000000000000000000000000000000000000000000000000000000000000000000000000000000000000000000000000000000000000000000000000000000000000000000000000000000000000000000000000000000000000000000000000000000000000000000000000000000000000000000000000000000000000000000e+05 1.641428256560976842179801376584204563439902681042805229910441167187081182544839462418014490376975246551010160458534976520101496463238817666931871651017564449953917166392993884492910512107891061142779994213121000586351566763207272536780733676546207984970292959266628465974776126244013917188700000000000e-07
1.771470000000000000000000000000000000000000000000000000000000000000000000000000000000000000000000000000000000000000000000000000000000000000000000000000000000000000000000000000000000000000000000000000000000000000000000000000000000000000000000000000000000000000000000000000000000000000000000000000000000e+06 5.187215424785785939340979655016151157036596146546068674940631506256184954811203541499135357872083462928773225569607458251539605059826008167628660038105556735536115038603877167773303479669847324860369173424825500964768787529704794213200509552442982237324364169291549639203892136224933426809300000000000e-07
5.314410000000000000000000000000000000000000000000000000000000000000000000000000000000000000000000000000000000000000000000000000000000000000000000000000000000000000000000000000000000000000000000000000000000000000000000000000000000000000000000000000000000000000000000000000000000000000000000000000000000e+06 1.368022716109906673333416994987020018647177023286962238254226172091567951990434877960333268829241590887733903216835365773397813052405384276683148354227954114508964001930223733248079329173798211431444452100689904770123122120737380786790571477662475868993718841041492443924921556153978308601300000000000e-06
1.594323000000000000000000000000000000000000000000000000000000000000000000000000000000000000000000000000000000000000000000000000000000000000000000000000000000000000000000000000000000000000000000000000000000000000000000000000000000000000000000000000000000000000000000000000000000000000000000000000000000e+07 8.509617869910389234327956696636723166556693447129055859168602844677940202345576527778283508802609008556032029791226531697316153137203112632470339365557967367162745886199327644854055086950885799117392481278647393017209822638366116368500131120111867742808107155295268103829089945671295660300400000000000e-06
4.782969000000000000000000000000000000000000000000000000000000000000000000000000000000000000000000000000000000000000000000000000000000000000000000000000000000000000000000000000000000000000000000000000000000000000000000000000000000000000000000000000000000000000000000000000000000000000000000000000000000e+07 4.499434087262773300054479291997110312613267890513629701265854172299719280947800855140457545290078601824445750875390616799284288403920827326055846986067268065970685055606005911066832534246609637923505540786560777480225278274327228744829907666643469426423557728647074912717221301637150775313500000000000e-05
1.434890700000000000000000000000000000000000000000000000000000000000000000000000000000000000000000000000000000000000000000000000000000000000000000000000000000000000000000000000000000000000000000000000000000000000000000000000000000000000000000000000000000000000000000000000000000000000000000000000000000e+08 2.188341130005733109596349342722678515787452007158797065037574886071926896717465234723714347942560395613581771688835281360706263548529776229710568691691385775987981155182133162111665332708222453848248198754589634159024123602737913690941600160850173795181256021490541792681745545294326503709900000000000e-05
4.304672100000000000000000000000000000000000000000000000000000000000000000000000000000000000000000000000000000000000000000000000000000000000000000000000000000000000000000000000000000000000000000000000000000000000000000000000000000000000000000000000000000000000000000000000000000000000000000000000000000e+08 9.336742572052477874638716600099943682209957167667682720390518991487973849176807879608327349980234789634457401103213955391650424091251335572029633975977566728104768026365261509529059687406591538454716909483190485517339716019473388208710749499361318650714494702653472351414401249554988535841200000000000e-05
1.291401630000000000000000000000000000000000000000000000000000000000000000000000000000000000000000000000000000000000000000000000000000000000000000000000000000000000000000000000000000000000000000000000000000000000000000000000000000000000000000000000000000000000000000000000000000000000000000000000000000e+09 1.712338535241324483987308391366355090203783979283552263603610950564403962093832905278890074418845016639528513630714478776165402188183837365866185680296509595246073087672520490372823404366598994799908407237506033879329362908952382086778665960579074011513075909655369814667382572315116876021700000000000e-04
3.874204890000000000000000000000000000000000000000000000000000000000000000000000000000000000000000000000000000000000000000000000000000000000000000000000000000000000000000000000000000000000000000000000000000000000000000000000000000000000000000000000000000000000000000000000000000000000000000000000000000e+09 3.774428413931301610012552234227370887555387359908865159975631205195552228321739195688350977410849691931061328851447855253432970733067745097004277954320982381597401907508793216071606629951531552470765403274160352852146569162469988318876669201628730426239231856751828283888061870014718075836100000000000e-04
1.162261467000000000000000000000000000000000000000000000000000000000000000000000000000000000000000000000000000000000000000000000000000000000000000000000000000000000000000000000000000000000000000000000000000000000000000000000000000000000000000000000000000000000000000000000000000000000000000000000000000e+10 2.138414414980359195851211392894450009362335362561802798122672104136310390188762288044712353961606822059084893672137628751856531538560044938058308988468450218616927935160055923787372339436353779339019400123898744194353005644125998083342056395696680671286381860764955906846592289404294790452700000000000e-04
3.486784401000000000000000000000000000000000000000000000000000000000000000000000000000000000000000000000000000000000000000000000000000000000000000000000000000000000000000000000000000000000000000000000000000000000000000000000000000000000000000000000000000000000000000000000000000000000000000000000000000e+10 4.731205275431291906795574823463006763164933227614354267710446787401961686635188036047946173840247128149922278045989203342212547084447899822901225365895712734329783116921736612653875738843902156759290134642722846077843606373201184865190674363713764682389616618940981660413190196307792734900600000000000e-04
1.046035320300000000000000000000000000000000000000000000000000000000000000000000000000000000000000000000000000000000000000000000000000000000000000000000000000000000000000000000000000000000000000000000000000000000000000000000000000000000000000000000000000000000000000000000000000000000000000000000000000e+11 8.972198642668107296609234145949020820829355557401292501330352716764552879175828835845871719765917344284178709829943062700509963766236734948296421419141829987280531695624696589025670716081551763929468037069830109271639369560492239868135528224594310687320382440109792798861491623203410800588900000000000e-05
3.138105960900000000000000000000000000000000000000000000000000000000000000000000000000000000000000000000000000000000000000000000000000000000000000000000000000000000000000000000000000000000000000000000000000000000000000000000000000000000000000000000000000000000000000000000000000000000000000000000000000e+11 8.495919403374941248230924677095695018356379873557865391891552980235056982001296254662770395739917574873579286556606683795019063488945344808877260979004074316873875591591023667639400312703881348129789148831070451439185591790720180409220533696904888427934336528225440607825174263788555543863800000000000e-04
9.414317882700000000000000000000000000000000000000000000000000000000000000000000000000000000000000000000000000000000000000000000000000000000000000000000000000000000000000000000000000000000000000000000000000000000000000000000000000000000000000000000000000000000000000000000000000000000000000000000000000e+11 6.750405196491951528544256180127133161862570855981054076079312483686776820136896457471693736200602576793195661094197245611411389741992226524731041983485806061082777630664410221587718308305573551314847508642857665705944254713580216089069815588955699333421814478669101719129534590189148133677000000000000e-05
2.824295364810000000000000000000000000000000000000000000000000000000000000000000000000000000000000000000000000000000000000000000000000000000000000000000000000000000000000000000000000000000000000000000000000000000000000000000000000000000000000000000000000000000000000000000000000000000000000000000000000e+12 3.928840481840047814414195141737627697673109062880545065387094942227386585815379151463467547396372580462289774875656118947823135544900702814504293079098656057263205391739173107442177319629058641434192355669931169534441080833303389618894105202437479267342803135272896689626178377254260462578100000000000e-04
8.472886094430000000000000000000000000000000000000000000000000000000000000000000000000000000000000000000000000000000000000000000000000000000000000000000000000000000000000000000000000000000000000000000000000000000000000000000000000000000000000000000000000000000000000000000000000000000000000000000000000e+12 2.937117458312451180262328343597760887462632626282484035349908121565792022366559583932032509740984489809595988256620145874108513687017967526057586089321791283062346953831131639534556743981480079038134101320004839930239488157755636145623196714216401978907373899767013772101257371172449709329700000000000e-04
2.541865828329000000000000000000000000000000000000000000000000000000000000000000000000000000000000000000000000000000000000000000000000000000000000000000000000000000000000000000000000000000000000000000000000000000000000000000000000000000000000000000000000000000000000000000000000000000000000000000000000e+13 2.506676491030797085258514722692899794876289774995069373107115547098066288705680914895474787942847266623695432960565059270382297593384945886998490595693002132291316642613704572374509369576968344978544789080721457294929695689091645258554490692101656884002269755673116914193495361084609596673200000000000e-05
7.625597484987000000000000000000000000000000000000000000000000000000000000000000000000000000000000000000000000000000000000000000000000000000000000000000000000000000000000000000000000000000000000000000000000000000000000000000000000000000000000000000000000000000000000000000000000000000000000000000000000e+13 1.815248373371586270832108792593066738656242939459466246386156396308256307546050064105639678630849936829584498144331252156284897764677045170251960326549980039525706972239100693718865478817087096588252765948917023723470745046321165260502630919634101175899119923378583452941210704216119195693700000000000e-03
2.287679245496100000000000000000000000000000000000000000000000000000000000000000000000000000000000000000000000000000000000000000000000000000000000000000000000000000000000000000000000000000000000000000000000000000000000000000000000000000000000000000000000000000000000000000000000000000000000000000000000e+14 2.064913503896806091307716676511823196346306940977601982848303353491516659679072451377469494359173204253328839020755866531879589291532079200677439567015005833004887849910491680488145400217167182169044774432176430058920317555364267578024285744939619865405875504036534935052740392032859452931100000000000e-03
6.863037736488300000000000000000000000000000000000000000000000000000000000000000000000000000000000000000000000000000000000000000000000000000000000000000000000000000000000000000000000000000000000000000000000000000000000000000000000000000000000000000000000000000000000000000000000000000000000000000000000e+14 1.696295658077121015764909336797341115782580862729407166572370939636473666513931441019555190377240610239787308155715645435455775894547094072454392054982725975421192821283657887612422322922061651676552764698615666762554811847299098619893765387304792782540410994771289269262579084264354555608400000000000e-04
2.058911320946490000000000000000000000000000000000000000000000000000000000000000000000000000000000000000000000000000000000000000000000000000000000000000000000000000000000000000000000000000000000000000000000000000000000000000000000000000000000000000000000000000000000000000000000000000000000000000000000e+15 1.387262407281699655783619095707326113322107866869417555125132762996635167841701332244912792092583955545523630929530665186895877787254984995771427241664881503253540532665047148854554815927446090338691034099462263928584928344534825303010844870088796839830781090879001168924792891514551306201000000000000e-03
6.176733962839470000000000000000000000000000000000000000000000000000000000000000000000000000000000000000000000000000000000000000000000000000000000000000000000000000000000000000000000000000000000000000000000000000000000000000000000000000000000000000000000000000000000000000000000000000000000000000000000e+15 6.143829467055941296762188836970234881338198840149178649644612025332240941482587168865109277550716579563952960997148679678854110383116017904505999567299134273719726709692092965904532882451917628896193338036435076305558195567626095563333778648547192361228200108789636427052009104529742105086700000000000e-06
