1.000000000000000000000000000000000000000000000000000000000000000000000000000000000000000000000000000000000000000000000000000000000000000000000000000000000000000000000000000000000000000000000000000000000000000000000000000000000000000000000000000000000000000000000000000000000000000000000000000000000000e+00 1.355009993604724539579762949466708800970095751247644206395712170660033936518274196405707863202191200956211606465664628807380743491380596806763646450283386678188861929900058982516278969031841041616463420586849893046200168634990196786524558010223301276452412672821934158712257140973294606995000000000000e-02
3.000000000000000000000000000000000000000000000000000000000000000000000000000000000000000000000000000000000000000000000000000000000000000000000000000000000000000000000000000000000000000000000000000000000000000000000000000000000000000000000000000000000000000000000000000000000000000000000000000000000000e+00 1.259429430667511476756364689755357713220468743800231343814474507140699388631342630293186817481055855168180666375361096053926349693423427187107385019758954452111638111997912079286488968510706177213101352434132827391758684769815961578377549777688541727582541734230948570320873312392394357741100000000000e-02
9.000000000000000000000000000000000000000000000000000000000000000000000000000000000000000000000000000000000000000000000000000000000000000000000000000000000000000000000000000000000000000000000000000000000000000000000000000000000000000000000000000000000000000000000000000000000000000000000000000000000000e+00 1.047341297767138896915198951244925353032453580146578213127650933286094555415915048105821775178976809697523097977966690515290731881701031407403180633058682702668309975038263828312606460378245516411405036256146816906590759716521732618798168332399910115103749991217121168206737638967817561042300000000000e-02
2.700000000000000000000000000000000000000000000000000000000000000000000000000000000000000000000000000000000000000000000000000000000000000000000000000000000000000000000000000000000000000000000000000000000000000000000000000000000000000000000000000000000000000000000000000000000000000000000000000000000000e+01 8.543064108361577561480563234778577805943989048688911512022373356481659936049520079626070324620079637863755415327112581851703345171974928244965180514291289819225519026599203073618361484913730286173722606820701571824472404213496594285280369051821994487031716579839574222622551211759408225711900000000000e-03
8.100000000000000000000000000000000000000000000000000000000000000000000000000000000000000000000000000000000000000000000000000000000000000000000000000000000000000000000000000000000000000000000000000000000000000000000000000000000000000000000000000000000000000000000000000000000000000000000000000000000000e+01 1.417864834644549167132798569823071152691544836032894011313328654511076304917099607644880533143367884076136073500295100397369445251136029869115658236723311510805288521557036331021850702859798129267653060530099217427487313152553626624716214990510302496183497560919087702065221390774786502906900000000000e-02
2.430000000000000000000000000000000000000000000000000000000000000000000000000000000000000000000000000000000000000000000000000000000000000000000000000000000000000000000000000000000000000000000000000000000000000000000000000000000000000000000000000000000000000000000000000000000000000000000000000000000000e+02 7.231928018300495143588828647868925188077889772528380638317725071784169554653001914698194862513208886058930912383986162571927857518285954878126927241958172316882936061641738112277600593298368182011594392590864491209238175424380199217946334385171092375371358230597754778134072539378492927021900000000000e-03
7.290000000000000000000000000000000000000000000000000000000000000000000000000000000000000000000000000000000000000000000000000000000000000000000000000000000000000000000000000000000000000000000000000000000000000000000000000000000000000000000000000000000000000000000000000000000000000000000000000000000000e+02 9.367915148587474594806944294676623484079170402033527349114765887841464054489330134521623349530025270625620104906123999611677370626249638003251819671334536468970931166518982937801075610083018656274319660260298792730328775446316515736171309593838996288638340274426446202197717439473490178321800000000000e-03
2.187000000000000000000000000000000000000000000000000000000000000000000000000000000000000000000000000000000000000000000000000000000000000000000000000000000000000000000000000000000000000000000000000000000000000000000000000000000000000000000000000000000000000000000000000000000000000000000000000000000000e+03 1.193075298844572991095586177355177544813915661480976550518930040356762207858644096389557499170840550592133922591892126616720083316857049206825110037658082194066984739228320077021298471513590665713116633316691931001880641201027828197022571896062890903205526650563374813925399331485425689583800000000000e-02
6.561000000000000000000000000000000000000000000000000000000000000000000000000000000000000000000000000000000000000000000000000000000000000000000000000000000000000000000000000000000000000000000000000000000000000000000000000000000000000000000000000000000000000000000000000000000000000000000000000000000000e+03 7.045871131633992353849737328123416161431503994165576570195710467311921939012093589103740090577706132710758264725580330067021909000605469901825661802000811599713877809974525472657869632215312611542809842877435720754482070924891316531405974976922271076393742292635796039724251756405582252139800000000000e-03
1.968300000000000000000000000000000000000000000000000000000000000000000000000000000000000000000000000000000000000000000000000000000000000000000000000000000000000000000000000000000000000000000000000000000000000000000000000000000000000000000000000000000000000000000000000000000000000000000000000000000000e+04 2.151923968257925091881966544918558480436478463259258990401188753702809243093605632081650737041826701216882459807098499881438544207582648566758202796867186898782935351869748477016035467875836654844660636869763381634075072611413620708467117763648321839707327220023410148168390075571482636482900000000000e-02
5.904900000000000000000000000000000000000000000000000000000000000000000000000000000000000000000000000000000000000000000000000000000000000000000000000000000000000000000000000000000000000000000000000000000000000000000000000000000000000000000000000000000000000000000000000000000000000000000000000000000000e+04 1.657988861867961714010424594001816138657023293203890013154785923064846553136912349802239536186129885798873582194849723376267660529070960921901815226837484736080482200890679870997348558353758758756199299675373622923203839931766016341158252090555471215281052662273418383225995121073184206736400000000000e-02
1.771470000000000000000000000000000000000000000000000000000000000000000000000000000000000000000000000000000000000000000000000000000000000000000000000000000000000000000000000000000000000000000000000000000000000000000000000000000000000000000000000000000000000000000000000000000000000000000000000000000000e+05 1.866935758656743312851086043581651272049302153729147969609913435327162248549189229599955320303365706740864769835727076389919526610795505481409890144546553781325210525019937483402235261817674823750878379662770382047844644617023189604766053011059182998299167348743238429864905288167366161498800000000000e-02
5.314410000000000000000000000000000000000000000000000000000000000000000000000000000000000000000000000000000000000000000000000000000000000000000000000000000000000000000000000000000000000000000000000000000000000000000000000000000000000000000000000000000000000000000000000000000000000000000000000000000000e+05 1.106234652462733362667740007162197371046236518782130498960009367004888562718154686215344779867669275600868626080729731928922108517134856679308839719811677737138170675571220356699988516684210857694052483750665955237354224404958579011986583520876613356021160355936146311052247417949040877172600000000000e-02
1.594323000000000000000000000000000000000000000000000000000000000000000000000000000000000000000000000000000000000000000000000000000000000000000000000000000000000000000000000000000000000000000000000000000000000000000000000000000000000000000000000000000000000000000000000000000000000000000000000000000000e+06 1.492837271433259972753984657156995458749703736504831288493577229530320243558107456994037705085177950093737276252005984751758926543470071096196326047766289749718290708632100892598987110847986777935659276900405629863338384931027303017606654940497635053630726419718370761015173222134846771188200000000000e-02
4.782969000000000000000000000000000000000000000000000000000000000000000000000000000000000000000000000000000000000000000000000000000000000000000000000000000000000000000000000000000000000000000000000000000000000000000000000000000000000000000000000000000000000000000000000000000000000000000000000000000000e+06 8.213715905702349573596778540898591086284619428828627407495401657513273960822828358021740347664210767734031467582565343123334312623088086561199631904701681486035389257162268695697406919859948840993333455398890399432344442062066687544843712255525778463711497284783446465647636009348688282697400000000000e-03
1.434890700000000000000000000000000000000000000000000000000000000000000000000000000000000000000000000000000000000000000000000000000000000000000000000000000000000000000000000000000000000000000000000000000000000000000000000000000000000000000000000000000000000000000000000000000000000000000000000000000000e+07 1.390445159882653749872008071798363042246393890531261953586897236199281318606307064979940726514518903276398204831322341943851795590709423846831336122221860411125838844149956059400864596883065742727216318896358104702645403103090574919584310895460499140841279497083328127145243583045754443876300000000000e-02
4.304672100000000000000000000000000000000000000000000000000000000000000000000000000000000000000000000000000000000000000000000000000000000000000000000000000000000000000000000000000000000000000000000000000000000000000000000000000000000000000000000000000000000000000000000000000000000000000000000000000000e+07 1.089910439925032423121178540135578658003481095943847900618592033594429722628533592033897818844820740948954764013744897518660659905575419933547030937406096375486597305986714917548468108222147372317766361246383588010640135976148472592799302203150708717631433740313064094626025420377947826556000000000000e-02
1.291401630000000000000000000000000000000000000000000000000000000000000000000000000000000000000000000000000000000000000000000000000000000000000000000000000000000000000000000000000000000000000000000000000000000000000000000000000000000000000000000000000000000000000000000000000000000000000000000000000000e+08 1.708944381796694043579629568862848448594382485067308772979493633639327579486826540289702641009911648659484081928750321301006546313766107256061156417570547162871919001594776128325881701911099598121312602975567630077845607123375870831522443973345684259353237862329201347210462836652533159843700000000000e-02
3.874204890000000000000000000000000000000000000000000000000000000000000000000000000000000000000000000000000000000000000000000000000000000000000000000000000000000000000000000000000000000000000000000000000000000000000000000000000000000000000000000000000000000000000000000000000000000000000000000000000000e+08 2.322295491675141256870504819516527197536367704455746408691767068016024484741013080245508596865941303757528657266596496307951373349772305244102668337216589613504252596072605068415470927472613482109653256830906046740755499623918238277395937243566927319481743773866254734909137762258440804689100000000000e-02
1.162261467000000000000000000000000000000000000000000000000000000000000000000000000000000000000000000000000000000000000000000000000000000000000000000000000000000000000000000000000000000000000000000000000000000000000000000000000000000000000000000000000000000000000000000000000000000000000000000000000000e+09 1.022754382592068145384749085585544770088586099513589078094178105908548893950144298195591115558845272609808279089984759409290557933930289845125452810036902105691657264270333600866071941379904209496131266162201017910248044209352289175627625091896716460300638124450563371238190461251403639494500000000000e-02
3.486784401000000000000000000000000000000000000000000000000000000000000000000000000000000000000000000000000000000000000000000000000000000000000000000000000000000000000000000000000000000000000000000000000000000000000000000000000000000000000000000000000000000000000000000000000000000000000000000000000000e+09 9.841942915357726809327208056669034849155893559284690116233258579521936197147483375981758787015834130765698920688260365781589611444666877612979315346102124290328684019481421503492509525174384783626992851920151527948783934426291694512942325222130800117764421708730620425891859004974327847784600000000000e-03
1.046035320300000000000000000000000000000000000000000000000000000000000000000000000000000000000000000000000000000000000000000000000000000000000000000000000000000000000000000000000000000000000000000000000000000000000000000000000000000000000000000000000000000000000000000000000000000000000000000000000000e+10 2.431608063824107252579217463998592678408707247459817186005899313821011792423731339461835027684971768037038028001505278480818977737190568166026026913150228778907637540141308430536535018125296016350741112018477436789443541796967878673096034942593655535634364667206878660543457226437908857473400000000000e-02
3.138105960900000000000000000000000000000000000000000000000000000000000000000000000000000000000000000000000000000000000000000000000000000000000000000000000000000000000000000000000000000000000000000000000000000000000000000000000000000000000000000000000000000000000000000000000000000000000000000000000000e+10 1.533836440714667068403951751213185971033950211026368588392003099510531791358909581320529787930636021908758006087729408985897401756156121722359741088539106409173920730316879841820308712682771458665649778132079269116796535089882238293416827457900139501775676394175369519028174559725882397723000000000000e-02
9.414317882700000000000000000000000000000000000000000000000000000000000000000000000000000000000000000000000000000000000000000000000000000000000000000000000000000000000000000000000000000000000000000000000000000000000000000000000000000000000000000000000000000000000000000000000000000000000000000000000000e+10 1.146657875354771764117501354378996886250856564193341476289160589056095913061975579842055425752290749596527193698478841620390095496946420336024188748127664545945704731797837216258550621754577652312957063106952909030021012152905979849650201904591518512755285389411163131906370393568883489951500000000000e-02
2.824295364810000000000000000000000000000000000000000000000000000000000000000000000000000000000000000000000000000000000000000000000000000000000000000000000000000000000000000000000000000000000000000000000000000000000000000000000000000000000000000000000000000000000000000000000000000000000000000000000000e+11 3.107303682782356059512540092577130273959091485468105041752199339643793445690162417047536174601101395175864311016728333937034632633170482326776360722020223001052046215834415310783900193388177904464171683470756974576861475694854852075612031788575959493011486097867751539869276715649003648356700000000000e-02
8.472886094430000000000000000000000000000000000000000000000000000000000000000000000000000000000000000000000000000000000000000000000000000000000000000000000000000000000000000000000000000000000000000000000000000000000000000000000000000000000000000000000000000000000000000000000000000000000000000000000000e+11 2.561540555250278905813759050638974452451679336951694651251743376338606166333996400525775091806897115520414828071028147651871063617545636085687060401182094619562552270124784434323612601658518056584984896349871771695592878603867858532506381968604053813906319406519074649183623851462951481405000000000000e-02
2.541865828329000000000000000000000000000000000000000000000000000000000000000000000000000000000000000000000000000000000000000000000000000000000000000000000000000000000000000000000000000000000000000000000000000000000000000000000000000000000000000000000000000000000000000000000000000000000000000000000000e+12 1.430558386042929893992038958287844012147587343073265200257434165266218578770610808158056636748440071909697433636327093284498151656239019300012981895318572461367213756554647826395157798244684990154534998644663357311350354251980414571903264574882070234943117391984925653220682157303412235569900000000000e-02
7.625597484987000000000000000000000000000000000000000000000000000000000000000000000000000000000000000000000000000000000000000000000000000000000000000000000000000000000000000000000000000000000000000000000000000000000000000000000000000000000000000000000000000000000000000000000000000000000000000000000000e+12 1.553224462426322630404859931993396013392687210745192050976990838156272327362876277824463342622108799077107168516675681958611641965222355799195583052351704698708358733962896997500305471162372929964394767719488578312153413485475594655589316292432589447074925632141813784847107429242465717442400000000000e-02
2.287679245496100000000000000000000000000000000000000000000000000000000000000000000000000000000000000000000000000000000000000000000000000000000000000000000000000000000000000000000000000000000000000000000000000000000000000000000000000000000000000000000000000000000000000000000000000000000000000000000000e+13 1.170692261257652897913862258906326288609296854020229970386326231134333278562375406621959180480939360932926226851482756661569561464438797978775669796926018434866146898965550094730957377543876929742708180854530113940251978907012093868296792976262119282159693007644419501374981095027451721934300000000000e-02
6.863037736488300000000000000000000000000000000000000000000000000000000000000000000000000000000000000000000000000000000000000000000000000000000000000000000000000000000000000000000000000000000000000000000000000000000000000000000000000000000000000000000000000000000000000000000000000000000000000000000000e+13 1.152288029478277895651360615364022418521072201729572545292615290642149721360744713007659338050978532493658192360673202426624798404005623928260477708480349280727467779901280164685246287571764180481755157380338864790688974777083030096694792397724821996821319689293084650488915552803651588071900000000000e-02
2.058911320946490000000000000000000000000000000000000000000000000000000000000000000000000000000000000000000000000000000000000000000000000000000000000000000000000000000000000000000000000000000000000000000000000000000000000000000000000000000000000000000000000000000000000000000000000000000000000000000000e+14 1.639038257626625696569099927472471507177680635203798085052895430519203483344012831797909542258717931464259718641469435284120667154546390913820165361211192299905153770367172954616023782025318401382610919967038329122576079990303728846571154274651281105600917479073490681258360397628170961951900000000000e-02
6.176733962839470000000000000000000000000000000000000000000000000000000000000000000000000000000000000000000000000000000000000000000000000000000000000000000000000000000000000000000000000000000000000000000000000000000000000000000000000000000000000000000000000000000000000000000000000000000000000000000000e+14 3.174194641031386658956221113099589261006702173062395783498799863045387545211928322298065988844011504333916651596925524098647078125970065341293420652854167585314157998627160099791160165303843627185636560862543436829668001498968437450953388637933261629937658482445611051415712541216800278357600000000000e-02
1.853020188851841000000000000000000000000000000000000000000000000000000000000000000000000000000000000000000000000000000000000000000000000000000000000000000000000000000000000000000000000000000000000000000000000000000000000000000000000000000000000000000000000000000000000000000000000000000000000000000000e+15 2.523426811189907259433135190903344047008687460870231815755538212489086970902497052488640765793150987271105188128479061133300770064802908325363842490565873915548411772669811800768170852377991849148580840585833562257690539765590629196486619601881196091333443963042925098114684869055454915163900000000000e-02
5.559060566555523000000000000000000000000000000000000000000000000000000000000000000000000000000000000000000000000000000000000000000000000000000000000000000000000000000000000000000000000000000000000000000000000000000000000000000000000000000000000000000000000000000000000000000000000000000000000000000000e+15 2.628569278966514218993229464039494759412070170787366309499798612824500074034674815066286908974173610624613858920645502408799755476945741609655450239802716447718393027623466107796252445581789350031899289121497635701387979255151458882766989179453921218230713878172039183976052312906366922314600000000000e-02
