1.000000000000000000000000000000000000000000000000000000000000000000000000000000000000000000000000000000000000000000000000000000000000000000000000000000000000000000000000000000000000000000000000000000000000000000000000000000000000000000000000000000000000000000000000000000000000000000000000000000000000e+00 6.158683461053050320463165756039774436751922692765223762189982922414807488098000454620637680493648611737046722836178356560001397339901201670030954405742158226239850141971040752209703759696870650787726149604132194414622789953453775117768308665048434979375026771682514794733910045453632491864400000000000e-16
3.000000000000000000000000000000000000000000000000000000000000000000000000000000000000000000000000000000000000000000000000000000000000000000000000000000000000000000000000000000000000000000000000000000000000000000000000000000000000000000000000000000000000000000000000000000000000000000000000000000000000e+00 5.501576762244025157864886833266456063129378950985701185629241948570481917989893443899601303914264699182812932394450426483746073216434040559132341860377071563484744417065490926311616837971348274573872593571857287515475178533828908554894183360115547394660086998218844567799245553730581613480600000000000e-16
9.000000000000000000000000000000000000000000000000000000000000000000000000000000000000000000000000000000000000000000000000000000000000000000000000000000000000000000000000000000000000000000000000000000000000000000000000000000000000000000000000000000000000000000000000000000000000000000000000000000000000e+00 5.163108425573197313559674986417837382494156745350777223896727056369833955255269857229780374136615451339574521939579072547885306115132467440012765118689373410371436009058741950432555817140409045990446482555625672010280410294865347673042801692109678606049370245555803405398000284957932718687200000000000e-16
2.700000000000000000000000000000000000000000000000000000000000000000000000000000000000000000000000000000000000000000000000000000000000000000000000000000000000000000000000000000000000000000000000000000000000000000000000000000000000000000000000000000000000000000000000000000000000000000000000000000000000e+01 5.384775472449633933551514331142442498355264082853551511702663712246517464793343485448354098442861293723644285103514401892523321959884265497468455424688771936797716324029506320204871124099496979380203374177123254686860051566599785598715191789441202516153972695910275669672742832576558105306400000000000e-16
8.100000000000000000000000000000000000000000000000000000000000000000000000000000000000000000000000000000000000000000000000000000000000000000000000000000000000000000000000000000000000000000000000000000000000000000000000000000000000000000000000000000000000000000000000000000000000000000000000000000000000e+01 5.329584471750738011583372281501516758105723511844095434014307096926803694817133750493586605077836690873271859828244596247656406553157684156689538013504608321605630810485418721498414241394740940811469216770012377629701468885981721570517282655187821537401194883889920803108126644424321462765800000000000e-16
2.430000000000000000000000000000000000000000000000000000000000000000000000000000000000000000000000000000000000000000000000000000000000000000000000000000000000000000000000000000000000000000000000000000000000000000000000000000000000000000000000000000000000000000000000000000000000000000000000000000000000e+02 5.565416268391765608678800897502921339975960349210700423850648649294921584164967490028906653409249937324955974023826635625197976858824943533843132563204530296617755331987244726884883467995416884488517026621274237151129823234431650092721327068264685897844866776639090657332195050152514525664600000000000e-16
7.290000000000000000000000000000000000000000000000000000000000000000000000000000000000000000000000000000000000000000000000000000000000000000000000000000000000000000000000000000000000000000000000000000000000000000000000000000000000000000000000000000000000000000000000000000000000000000000000000000000000e+02 5.679891014052218590340001923388681350527530595723659264711117536700739714735065838234900623797171992441159147397664811094221693112428404241460031534846322322845307853159823845769179310515536205054809053206745634219859946679461506819277575651294639044210684641217463612409208213646872672440300000000000e-16
2.187000000000000000000000000000000000000000000000000000000000000000000000000000000000000000000000000000000000000000000000000000000000000000000000000000000000000000000000000000000000000000000000000000000000000000000000000000000000000000000000000000000000000000000000000000000000000000000000000000000000e+03 5.712155535462304214987353392554690478092245779569241984023612971461690300404927402116091350110590118662693671136282630830952961372804156374690971604032468671599849332352790616500764223108907678172253428314913903080479082786791411416424881843592811288770637657047378929036860716688079817140000000000000e-16
6.561000000000000000000000000000000000000000000000000000000000000000000000000000000000000000000000000000000000000000000000000000000000000000000000000000000000000000000000000000000000000000000000000000000000000000000000000000000000000000000000000000000000000000000000000000000000000000000000000000000000e+03 5.331798459522706177037433125669386741747503404922485375669356618570461446285395166077503593899873562734298240770408347314397001043959991902260170637663130216548025468801125766253119103334762272906353943157287542191980542287623261771623651449167793194529170525590717692607847750073054740812500000000000e-16
1.968300000000000000000000000000000000000000000000000000000000000000000000000000000000000000000000000000000000000000000000000000000000000000000000000000000000000000000000000000000000000000000000000000000000000000000000000000000000000000000000000000000000000000000000000000000000000000000000000000000000e+04 5.496988341608356858947591178551859098227649995390656067172810899674966881011985440649880570790683285159633845770414834448519890807245640357352674684074517867031777754504579861230670070871189017738629560833898956664996563822056093929042445898174921849385779081881433954464172115532713723122500000000000e-16
5.904900000000000000000000000000000000000000000000000000000000000000000000000000000000000000000000000000000000000000000000000000000000000000000000000000000000000000000000000000000000000000000000000000000000000000000000000000000000000000000000000000000000000000000000000000000000000000000000000000000000e+04 5.546389289674942422190207976405646604307738495975551336988766375124997653275951161238719971981838589503651851157162855043739307315185576518694229414780268606217754147613380513070003624019040178484297107330710615104708217367529656939406216309427605846678442595616242382196937761844646357469100000000000e-16
1.771470000000000000000000000000000000000000000000000000000000000000000000000000000000000000000000000000000000000000000000000000000000000000000000000000000000000000000000000000000000000000000000000000000000000000000000000000000000000000000000000000000000000000000000000000000000000000000000000000000000e+05 5.619189491603218967360224308953551387453033538117644711503062815135278738854598126772229080552480153286868799374010909257561623761542839688806104657973149429862996822372057572982873321378046114127444196342618292837366229400111162294498778307666519228559805324307961422021680027189591414435700000000000e-16
5.314410000000000000000000000000000000000000000000000000000000000000000000000000000000000000000000000000000000000000000000000000000000000000000000000000000000000000000000000000000000000000000000000000000000000000000000000000000000000000000000000000000000000000000000000000000000000000000000000000000000e+05 5.547988265655023588247889954910634961390686127383834467789890229255948560522881490752732432734852447037667725192472776806151781764249669822765484597973778229817735628542813014916423454393557566886915015874786708056639495632750449082422587441554568516867822817249191996623913193975993167974500000000000e-16
1.594323000000000000000000000000000000000000000000000000000000000000000000000000000000000000000000000000000000000000000000000000000000000000000000000000000000000000000000000000000000000000000000000000000000000000000000000000000000000000000000000000000000000000000000000000000000000000000000000000000000e+06 5.474744991999441290003437561405360632045327933582306816131327193525418215762210470497457468648437587708132272505604908885656390840338358551943564876883102670145539563015040201065738838833674987827439263015331343033917770932983674200512704956069059311405609800967820292976734391268883115423200000000000e-16
4.782969000000000000000000000000000000000000000000000000000000000000000000000000000000000000000000000000000000000000000000000000000000000000000000000000000000000000000000000000000000000000000000000000000000000000000000000000000000000000000000000000000000000000000000000000000000000000000000000000000000e+06 5.409639939268576236900943682860604037246898240491714469417560916089083658429222415102182801963763705013832091589755709829835035938954124601012242547781280712732661200252508091228555017069079752136111607307824575615410088519459185486237367046775319578380627004987884686791204220107377382153500000000000e-16
1.434890700000000000000000000000000000000000000000000000000000000000000000000000000000000000000000000000000000000000000000000000000000000000000000000000000000000000000000000000000000000000000000000000000000000000000000000000000000000000000000000000000000000000000000000000000000000000000000000000000000e+07 5.444173531078805400528737766831690433408037535090289774119143605264055774059284533448396199072285349162342451093499089406663810212613382519221528721179697265194503451136553320624611514218727996352893385838961678717347382350023277479245809176610767747965744426298584447198769461088324190518500000000000e-16
4.304672100000000000000000000000000000000000000000000000000000000000000000000000000000000000000000000000000000000000000000000000000000000000000000000000000000000000000000000000000000000000000000000000000000000000000000000000000000000000000000000000000000000000000000000000000000000000000000000000000000e+07 5.470680598859643416526063622413651769926592652440642673748618254366135210220410715971992304243625622630086760761259449346970509858193770900759942460651547550808189115836530670857594569381071473859414700223106925800401357123789399155394353489559069713129623655578533980799318634084412086703900000000000e-16
1.291401630000000000000000000000000000000000000000000000000000000000000000000000000000000000000000000000000000000000000000000000000000000000000000000000000000000000000000000000000000000000000000000000000000000000000000000000000000000000000000000000000000000000000000000000000000000000000000000000000000e+08 8.042061050363490526020421838272856263294574412154130139356315895584424969516010529597286516659758917533232400828546416846717186004063432640781057557785662559504618335884204685972688586290894260963959602662056070986350899697690038854086535549202321067926106792019336698461868401057515257324100000000000e-16
3.874204890000000000000000000000000000000000000000000000000000000000000000000000000000000000000000000000000000000000000000000000000000000000000000000000000000000000000000000000000000000000000000000000000000000000000000000000000000000000000000000000000000000000000000000000000000000000000000000000000000e+08 2.324542011517850234794686105461896288852909018542590346820648871599554924608173888309006509875400463028072947692881451089253216520889747857777088322250391108240480010837398415787095518448503454777548011079895684580458429803212009394598033095585576154822039550621566910506256590554806363263900000000000e-15
1.162261467000000000000000000000000000000000000000000000000000000000000000000000000000000000000000000000000000000000000000000000000000000000000000000000000000000000000000000000000000000000000000000000000000000000000000000000000000000000000000000000000000000000000000000000000000000000000000000000000000e+09 5.869216524693293274812499733209132350810237275239477328285811601611322617296642772147763754029016281966998300739342537823723117055929615029263451192303177192048969042734248780492424694442931577982894473015881843634398273297893057920267005603385295835194535549413066333800078581930266545443900000000000e-16
3.486784401000000000000000000000000000000000000000000000000000000000000000000000000000000000000000000000000000000000000000000000000000000000000000000000000000000000000000000000000000000000000000000000000000000000000000000000000000000000000000000000000000000000000000000000000000000000000000000000000000e+09 1.648822623112332019036667172249735143392311280964998661852962993303738672281117706772923098674402739188201430917470614299409324705406211910156991890951878296419308237565522481097642680828330240276335470715355826179638157426704720674037316335783733792059303021207238517579527046109570826385600000000000e-14
1.046035320300000000000000000000000000000000000000000000000000000000000000000000000000000000000000000000000000000000000000000000000000000000000000000000000000000000000000000000000000000000000000000000000000000000000000000000000000000000000000000000000000000000000000000000000000000000000000000000000000e+10 1.820983846453268560993800072936532993364431926315000047828196321324574053601900768115393560792116806277992621887874364300003291409858777716597482333759104719916232405828202481160807617714044981368561356889153783652804610704573429713903028437425633136596606212613381846112230947529828514276200000000000e-13
3.138105960900000000000000000000000000000000000000000000000000000000000000000000000000000000000000000000000000000000000000000000000000000000000000000000000000000000000000000000000000000000000000000000000000000000000000000000000000000000000000000000000000000000000000000000000000000000000000000000000000e+10 9.441375924376337705651677574980023198083714824227999032446051270375242185862627106486971991941432490806951480933923451519195111801490027624987901189843219248311875016868579792529585626101667757251868695421501293762508766618967932031369506608892068000340322486544825150090240915872355269751700000000000e-11
9.414317882700000000000000000000000000000000000000000000000000000000000000000000000000000000000000000000000000000000000000000000000000000000000000000000000000000000000000000000000000000000000000000000000000000000000000000000000000000000000000000000000000000000000000000000000000000000000000000000000000e+10 6.795412829523614540521918589693424813121631337717182778328240493366040759923081773425168685941444264181626778782296268558096500162261929789816818357702467117613601576972651125964779332404444052615818328929253012331042955108493140793314922311797130983044266471722297807653381430431165126394300000000000e-11
2.824295364810000000000000000000000000000000000000000000000000000000000000000000000000000000000000000000000000000000000000000000000000000000000000000000000000000000000000000000000000000000000000000000000000000000000000000000000000000000000000000000000000000000000000000000000000000000000000000000000000e+11 4.362067039963412537744203598323785346849660137799027291371546630434498705759979451536434755077218351165958827504635701861070367425077687858247432746949603138486176515796286107593640089501533252935015084615520859114222140231182295440705445553329074406191392673018591925351055991041360264975200000000000e-10
8.472886094430000000000000000000000000000000000000000000000000000000000000000000000000000000000000000000000000000000000000000000000000000000000000000000000000000000000000000000000000000000000000000000000000000000000000000000000000000000000000000000000000000000000000000000000000000000000000000000000000e+11 4.190974913762039981483516947485996137729022585481533841795617804426619412697263104244196869938971171548904817273606300045382894952609808965185370656558586089392454933679483624940383043652311801088647510118119405660243996923066616212078486780301815167542772949543184118699991835109323569669100000000000e-09
2.541865828329000000000000000000000000000000000000000000000000000000000000000000000000000000000000000000000000000000000000000000000000000000000000000000000000000000000000000000000000000000000000000000000000000000000000000000000000000000000000000000000000000000000000000000000000000000000000000000000000e+12 1.361408289738969730143117376439491310272385557391918916505284185116323109438166499814621014848019864807878727173138879648065941574983809956111810821189063504899409864707789719530160382423122417150735519858077617011902242338955705980099636039707596373420551473081524373459263639292740499443100000000000e-06
7.625597484987000000000000000000000000000000000000000000000000000000000000000000000000000000000000000000000000000000000000000000000000000000000000000000000000000000000000000000000000000000000000000000000000000000000000000000000000000000000000000000000000000000000000000000000000000000000000000000000000e+12 6.176830111459118743473600288189983249397577161396808509006355012711937325236821341115299063544022971194462980701123163653890398167335819364860873633738444187859343317010510427583140353442329526377977435033327770830031758475069650087154191080118037927662751554683398563589622821820102598032800000000000e-06
2.287679245496100000000000000000000000000000000000000000000000000000000000000000000000000000000000000000000000000000000000000000000000000000000000000000000000000000000000000000000000000000000000000000000000000000000000000000000000000000000000000000000000000000000000000000000000000000000000000000000000e+13 5.358877111337857854369037071084409251854165017889601891239507815811111101013187152921972604141292063576747339047538901227787199394541769468958554094217193970754296331101213833749891474370902449806488670721262166218117944571807453005120046338694134341469413910061309282720383651758725113731800000000000e-05
6.863037736488300000000000000000000000000000000000000000000000000000000000000000000000000000000000000000000000000000000000000000000000000000000000000000000000000000000000000000000000000000000000000000000000000000000000000000000000000000000000000000000000000000000000000000000000000000000000000000000000e+13 1.058926081368026020382262740519935955799413940491524905020559523805081940328518931984596405547487700744662588938097365177234528297213210696330894666411458741230648992505362162911683259208997575141069963924576271719062658197589229919795724692964945386195522662289484292700447846050992216072100000000000e-05
2.058911320946490000000000000000000000000000000000000000000000000000000000000000000000000000000000000000000000000000000000000000000000000000000000000000000000000000000000000000000000000000000000000000000000000000000000000000000000000000000000000000000000000000000000000000000000000000000000000000000000e+14 1.599203720064695588280513773274629111456493783209593076545210819343512113747084752756118440696993210874366112002726661080667394224934927644128889876349229148916897063350677057123808479706574634294455208334598950878403931953779675789220756214413614222817841480067508693044204953494148712053000000000000e-03
6.176733962839470000000000000000000000000000000000000000000000000000000000000000000000000000000000000000000000000000000000000000000000000000000000000000000000000000000000000000000000000000000000000000000000000000000000000000000000000000000000000000000000000000000000000000000000000000000000000000000000e+14 8.146066863216419374188193580052993121799081408519328965386464450417139330071973184796686171680257111595964952164585721113331950462895912548112374513317197174417573725726549058077986103043613914757539319417043698221959156443088450248606561082047900680026801711934694826697694850694000318135700000000000e-03
1.853020188851841000000000000000000000000000000000000000000000000000000000000000000000000000000000000000000000000000000000000000000000000000000000000000000000000000000000000000000000000000000000000000000000000000000000000000000000000000000000000000000000000000000000000000000000000000000000000000000000e+15 6.208891087031626269028793827395355469838932170581366242269672088882565111008053603025915257279961181233189108546983545202959561485473002144893066650947116036972584339927167909596954454954373088080313205860630354421920267127091690123941822033284177933648959126129598002157160264093035287997300000000000e-03
5.559060566555523000000000000000000000000000000000000000000000000000000000000000000000000000000000000000000000000000000000000000000000000000000000000000000000000000000000000000000000000000000000000000000000000000000000000000000000000000000000000000000000000000000000000000000000000000000000000000000000e+15 1.286457609139804699725073582486592433073874401071259883213210326427506482948743763109070266356150408169020119824220225389826737869857904427595935266930538920879065581135035538054865034799161954066763636563075074571540290242735271476770447355864508147961193816754521725832500703268245138679200000000000e+00
