1.000000000000000000000000000000000000000000000000000000000000000000000000000000000000000000000000000000000000000000000000000000000000000000000000000000000000000000000000000000000000000000000000000000000000000000000000000000000000000000000000000000000000000000000000000000000000000000000000000000000000e+01 5.465578648484519085207072223471966554960118875036107990362676029762935826698558193639447190982664030136378861215913661805616198813948326112351209001658260652324227836495274050163618867648855210729140218172407951480864026848278651113675751275634529257018040091954096210719324635661969255905300000000000e-08
3.000000000000000000000000000000000000000000000000000000000000000000000000000000000000000000000000000000000000000000000000000000000000000000000000000000000000000000000000000000000000000000000000000000000000000000000000000000000000000000000000000000000000000000000000000000000000000000000000000000000000e+01 4.868330143583732684980046227569921481719563388769770844482086236951628980209434890630015477022395822180002890691650740006856315561345837332804162803470607625867342778202014041181281231377240691211401611471088632754426880622798875034416329713579439246610741694794262369998457806358203885692500000000000e-08
9.000000000000000000000000000000000000000000000000000000000000000000000000000000000000000000000000000000000000000000000000000000000000000000000000000000000000000000000000000000000000000000000000000000000000000000000000000000000000000000000000000000000000000000000000000000000000000000000000000000000000e+01 4.545629547557997978142927020335598136766195868138278031853997771765937882085376366677667065493906223795418308451353411015783899289521432239786302224084465616648359048253419035691918824748952253886272611965440444005477893846438020558555727126518488092804541887395529135458432546917535815983600000000000e-08
2.700000000000000000000000000000000000000000000000000000000000000000000000000000000000000000000000000000000000000000000000000000000000000000000000000000000000000000000000000000000000000000000000000000000000000000000000000000000000000000000000000000000000000000000000000000000000000000000000000000000000e+02 4.444764070160105661519311061419187296688442891783511612488428803056661391470429379349681681442923957208228931045998621033620073509939050752852401451755131347932036133614382556115666996221130090122766635333313327652327518985553677362549531716054161012614591989350023491787717237060246341461500000000000e-08
8.100000000000000000000000000000000000000000000000000000000000000000000000000000000000000000000000000000000000000000000000000000000000000000000000000000000000000000000000000000000000000000000000000000000000000000000000000000000000000000000000000000000000000000000000000000000000000000000000000000000000e+02 4.702268369265336723595487069398141539986112791979750649310777630806156463162750107962092859236131590481140938423717863223044140344808725115248213628615743219049863165899147813878837629092107280191056548365179571109396015905841148702045374853076440983100790012048564208288258447492036602796600000000000e-08
2.430000000000000000000000000000000000000000000000000000000000000000000000000000000000000000000000000000000000000000000000000000000000000000000000000000000000000000000000000000000000000000000000000000000000000000000000000000000000000000000000000000000000000000000000000000000000000000000000000000000000e+03 4.665579717284534248432274590435406459099625434379904558272950789874087324701538089539707870009050634506925129775540215989202306900257674704914928258280159238478316350175005254236755808473079197537593521305441257289106171784052030713980521774101906987972131900706725345328256805633861780530200000000000e-08
7.290000000000000000000000000000000000000000000000000000000000000000000000000000000000000000000000000000000000000000000000000000000000000000000000000000000000000000000000000000000000000000000000000000000000000000000000000000000000000000000000000000000000000000000000000000000000000000000000000000000000e+03 4.851539968348833395589801978488915826521874534528316649609292691161145813345555756555613133026297309487016492594134822930689770628211303098372774817768536312573565602968517767223378697499200167792162303556384115228000459993426980731120367454529898329780307712582165501479706408312076531620900000000000e-08
2.187000000000000000000000000000000000000000000000000000000000000000000000000000000000000000000000000000000000000000000000000000000000000000000000000000000000000000000000000000000000000000000000000000000000000000000000000000000000000000000000000000000000000000000000000000000000000000000000000000000000e+04 4.595014450616756369467854936520062695316532088909744228142611959236605049618093688810950643003383996981786161913939819693394420794652219794744185386672107738508754310727454928609218525094882301956729310762496594102881855075627294919229653636623516768483159824062502744419948649689213748543400000000000e-08
6.561000000000000000000000000000000000000000000000000000000000000000000000000000000000000000000000000000000000000000000000000000000000000000000000000000000000000000000000000000000000000000000000000000000000000000000000000000000000000000000000000000000000000000000000000000000000000000000000000000000000e+04 4.376381749208309792708490347041055333154730981585030673213340873374832298859883648594865982666325643343796477865232495193159988158379484741859957128847086899523997117491542180024591395561773344404276654371824037871755522049211150847308156169941821154634598234028888564932282102975944825275500000000000e-08
1.968300000000000000000000000000000000000000000000000000000000000000000000000000000000000000000000000000000000000000000000000000000000000000000000000000000000000000000000000000000000000000000000000000000000000000000000000000000000000000000000000000000000000000000000000000000000000000000000000000000000e+05 4.511631633701156348243169483511416528698636630892156638065088069998420182269664294731231343468325630400323638753545478137201527882408485797443823778087702627286552526828674729220348473744112129396782160958133599216452429781675941909300674743860049833494072557268139737052965627694894611619300000000000e-08
5.904900000000000000000000000000000000000000000000000000000000000000000000000000000000000000000000000000000000000000000000000000000000000000000000000000000000000000000000000000000000000000000000000000000000000000000000000000000000000000000000000000000000000000000000000000000000000000000000000000000000e+05 4.593990784030189108297953927897188884170766450588061855467373894319235325424252233349536670294664041810730135473789211176411564349101733188469819533103394552158885716577835145098955807276973249075959397419765421983411502742208626670254020535621453179636124457192330070535118769292676017755500000000000e-08
1.771470000000000000000000000000000000000000000000000000000000000000000000000000000000000000000000000000000000000000000000000000000000000000000000000000000000000000000000000000000000000000000000000000000000000000000000000000000000000000000000000000000000000000000000000000000000000000000000000000000000e+06 4.250808488032760711825268487171142692886241295763010309508620281160272292788590870061095883946000006721997404264149690811247425319696723758543896410355350542401935865970975913858296398724657699040727862817096130004286091244693837968823471475203047709076954520112201764870046467337617833410700000000000e-08
5.314410000000000000000000000000000000000000000000000000000000000000000000000000000000000000000000000000000000000000000000000000000000000000000000000000000000000000000000000000000000000000000000000000000000000000000000000000000000000000000000000000000000000000000000000000000000000000000000000000000000e+06 4.312888845021400271313421302773610743118096055656418993742306911375814544440070616179762053084859046808303867497436307340925363632795918973787503781310690248228985722456481296562770498210607321694269835742385645761359683650138660903236586682554614510310362331161662196959262019609292732465100000000000e-08
1.594323000000000000000000000000000000000000000000000000000000000000000000000000000000000000000000000000000000000000000000000000000000000000000000000000000000000000000000000000000000000000000000000000000000000000000000000000000000000000000000000000000000000000000000000000000000000000000000000000000000e+07 3.974548740897734205383058294367880123878537637176333771481796456857570005158593835138707758565718468314336902290037897920155792013161084991847139955731053616609381629342766633538872839808556676704558988127145286665796361533920845099921719067378737836516994548611330272343469189651239581499800000000000e-08
4.782969000000000000000000000000000000000000000000000000000000000000000000000000000000000000000000000000000000000000000000000000000000000000000000000000000000000000000000000000000000000000000000000000000000000000000000000000000000000000000000000000000000000000000000000000000000000000000000000000000000e+07 3.980999193744632008045280125932337080199299330568142675555814325694265948850771405437939863895865418813288284161202103877350618169080539409757849169448033300069263411381796543636664114480747484087235914359874312717995088910346399042705410000806114473295905153787854982191472192566270276742000000000000e-08
1.434890700000000000000000000000000000000000000000000000000000000000000000000000000000000000000000000000000000000000000000000000000000000000000000000000000000000000000000000000000000000000000000000000000000000000000000000000000000000000000000000000000000000000000000000000000000000000000000000000000000e+08 4.142018734605937996072612680438628086448861655304918092873617294084016204661763346157767725352622271374642663349825489423481966231313866395545583220034898865095836249873378050271865811649537217743922247963427171794088974296008302226934776865258263248382816297621999610922102047546713858801700000000000e-08
4.304672100000000000000000000000000000000000000000000000000000000000000000000000000000000000000000000000000000000000000000000000000000000000000000000000000000000000000000000000000000000000000000000000000000000000000000000000000000000000000000000000000000000000000000000000000000000000000000000000000000e+08 3.622078104994835350981100663777401661860444356266209287101532055537638897866318254290276660372199891573136589854278852936767243831613199748470006716179249930045916397891971272114832453101347494178942702701141633526256944969739178107373148805519399341855693583708073667601307845202904951497100000000000e-08
1.291401630000000000000000000000000000000000000000000000000000000000000000000000000000000000000000000000000000000000000000000000000000000000000000000000000000000000000000000000000000000000000000000000000000000000000000000000000000000000000000000000000000000000000000000000000000000000000000000000000000e+09 2.982097581330273426660332873483902087638756552574312550627841882402163643473843687821285394517284427950571605252039105170966706944154068795429497694763161462925311879757494186594326196772722541678479431753211099798077847015853762364314857686777958747742059504582390035933933335959822708757400000000000e-08
3.874204890000000000000000000000000000000000000000000000000000000000000000000000000000000000000000000000000000000000000000000000000000000000000000000000000000000000000000000000000000000000000000000000000000000000000000000000000000000000000000000000000000000000000000000000000000000000000000000000000000e+09 3.602574348588494767034811656714096138530564129950539360440598572094490081474412252578997216521350692079976639500772684011816092993425607682975983889394099140835261507085506920097712284648733138181760832896894874900140526717267143830092456912681248886580011880231000899888152468563622661094500000000000e-08
1.162261467000000000000000000000000000000000000000000000000000000000000000000000000000000000000000000000000000000000000000000000000000000000000000000000000000000000000000000000000000000000000000000000000000000000000000000000000000000000000000000000000000000000000000000000000000000000000000000000000000e+10 2.878215264764626144645645302946723337240960087557066110545031309427187046707021215177495271441875336189954696319034154355246559515287072574619107114877246533524143052864128219698356906738502425964043297168419387255519880932431677701493320210505249975708253697742155577256580615214372212501800000000000e-08
3.486784401000000000000000000000000000000000000000000000000000000000000000000000000000000000000000000000000000000000000000000000000000000000000000000000000000000000000000000000000000000000000000000000000000000000000000000000000000000000000000000000000000000000000000000000000000000000000000000000000000e+10 3.099869008835276917154607201415912523345208073964362665961063081950860598219210414367012867582641252412919472612889955911460786847679896090177002016549202524536030699671985045828984840411376865074160839063951899033453678700021983075220265612868254398868493397369984359665052350245614960402800000000000e-08
1.046035320300000000000000000000000000000000000000000000000000000000000000000000000000000000000000000000000000000000000000000000000000000000000000000000000000000000000000000000000000000000000000000000000000000000000000000000000000000000000000000000000000000000000000000000000000000000000000000000000000e+11 3.486696549604710317279264524055121703027642703858831261428835184623502500112066973009718814510014507755192852421525467258867948127658475334020506962753140337560856169502416094149607893443599514361841320677005408708103265033363679687963043560973945126537915903245198737224741312674270131866700000000000e-08
3.138105960900000000000000000000000000000000000000000000000000000000000000000000000000000000000000000000000000000000000000000000000000000000000000000000000000000000000000000000000000000000000000000000000000000000000000000000000000000000000000000000000000000000000000000000000000000000000000000000000000e+11 3.064240975947601593657196370996546937270630455965805759450447068571854133848931594960558832037480166833927272664033098362395585793637716594345274034184677938578995584068551170063391905305007282491753764078887537410252975681165110547021575243886745968675970810022260755775046823075213345687700000000000e-08
9.414317882700000000000000000000000000000000000000000000000000000000000000000000000000000000000000000000000000000000000000000000000000000000000000000000000000000000000000000000000000000000000000000000000000000000000000000000000000000000000000000000000000000000000000000000000000000000000000000000000000e+11 2.783360152416855331991316247524395231315936824252107335971969693385271486486647372671947116479877400118132832907379221949183993285736801964065651397427143690109793992426263291246953689435542056272911462847797878180546330613730042447334474824572678843783577256730323266903058339486889704786900000000000e-08
2.824295364810000000000000000000000000000000000000000000000000000000000000000000000000000000000000000000000000000000000000000000000000000000000000000000000000000000000000000000000000000000000000000000000000000000000000000000000000000000000000000000000000000000000000000000000000000000000000000000000000e+12 2.925157373268456519156472587664327299948043372683482104238756602334700461603317204420970513199165471564936714807724028067200460151229638552829022685639441180834941240815313927598060423904960585699452616231147509972097753122567935323945506335940572685991112131256728072060686965707477566203800000000000e-08
8.472886094430000000000000000000000000000000000000000000000000000000000000000000000000000000000000000000000000000000000000000000000000000000000000000000000000000000000000000000000000000000000000000000000000000000000000000000000000000000000000000000000000000000000000000000000000000000000000000000000000e+12 3.139810798052426778559049536689066065285316686264225643027042837693064292949178230331466969596906681706689722646362410401785755661075084133859590783665479473043715266922678863515247203782865486308057186953963648956334240131553404945978238734492503781066983509186186567205103159021933743362700000000000e-08
2.541865828329000000000000000000000000000000000000000000000000000000000000000000000000000000000000000000000000000000000000000000000000000000000000000000000000000000000000000000000000000000000000000000000000000000000000000000000000000000000000000000000000000000000000000000000000000000000000000000000000e+13 2.332092700497536261513117943445036683801619719372464328276455641360395718604220714536835044722988927103967429832013780695554845601427006384531266195887194753186832016168026287470108809665895640016742109399008448785301161885661153676650055717197170994901426799347141042549142301802249034046300000000000e-08
7.625597484987000000000000000000000000000000000000000000000000000000000000000000000000000000000000000000000000000000000000000000000000000000000000000000000000000000000000000000000000000000000000000000000000000000000000000000000000000000000000000000000000000000000000000000000000000000000000000000000000e+13 2.883285643399390358160305603498471391827199031859721720753382883743848797224322714287370333680929344799563631389587389973429896100977037103037775259639028313181516474300328286732566867058696627871761091144309187828428178769480627084719351237797301985812025534494804864246529249996707129580000000000000e-08
2.287679245496100000000000000000000000000000000000000000000000000000000000000000000000000000000000000000000000000000000000000000000000000000000000000000000000000000000000000000000000000000000000000000000000000000000000000000000000000000000000000000000000000000000000000000000000000000000000000000000000e+14 3.002855511081147331718257148204867265022805077937830542858046325592680276330333896246369655026009764431941422904760798334069433601291094658154533791869461164173109901028118090057962770731756296634447164065880380397376254632247364989896435326700573271539934991535987212052662754819424186474100000000000e-08
6.863037736488300000000000000000000000000000000000000000000000000000000000000000000000000000000000000000000000000000000000000000000000000000000000000000000000000000000000000000000000000000000000000000000000000000000000000000000000000000000000000000000000000000000000000000000000000000000000000000000000e+14 2.901682463990062079955583123350812314112970619275867678764316264990002877450846998901616439187520916142660401433372543863105141699974838603397172142938595347740458165527079199573564627066541731770227046858995561666504266243601830958711981473720473374561227210153659777805381002432080207859000000000000e-08
2.058911320946490000000000000000000000000000000000000000000000000000000000000000000000000000000000000000000000000000000000000000000000000000000000000000000000000000000000000000000000000000000000000000000000000000000000000000000000000000000000000000000000000000000000000000000000000000000000000000000000e+15 2.907407176348643865547882324390466620450535083725717184050777589436500479152624389312494281214779015666018916933531868004273162248795004139573578275211413305205241226613563642616043353807674990195863478938626464153919047725193993341018610852024351655973141149029680255674296039284083377724000000000000e-08
6.176733962839470000000000000000000000000000000000000000000000000000000000000000000000000000000000000000000000000000000000000000000000000000000000000000000000000000000000000000000000000000000000000000000000000000000000000000000000000000000000000000000000000000000000000000000000000000000000000000000000e+15 2.663664671340239150157077090217729723556137978010623717486748459495431996728070787554349518761530208778746409823027030106256271655987525334396522384355537746503035717461577751351207491075938653762292612593986509417050225261455647546576679075358084001801671792036505180044171075851759042446300000000000e-08
