1.000000000000000000000000000000000000000000000000000000000000000000000000000000000000000000000000000000000000000000000000000000000000000000000000000000000000000000000000000000000000000000000000000000000000000000000000000000000000000000000000000000000000000000000000000000000000000000000000000000000000e+01 3.779533386624637010469058772926798559794883948485723200557347914915197377006576521635433597827695724773138937234111482107117914437939307816687170442839540331983398884902705802133934028758533445051304242425117823115292135761328277112061944079178903161938341222897518183513622983513811071350900000000000e-02
3.000000000000000000000000000000000000000000000000000000000000000000000000000000000000000000000000000000000000000000000000000000000000000000000000000000000000000000000000000000000000000000000000000000000000000000000000000000000000000000000000000000000000000000000000000000000000000000000000000000000000e+01 4.285569124552867458383879865842579343962924301148119724156283035652251913251239766814559104404134898990963718557032870678368787440598273849927942919936919351497558215320310956225937460731264573591670334786787306222022449617651851274329019433224380781645648173397549215504105807279089248730300000000000e-02
9.000000000000000000000000000000000000000000000000000000000000000000000000000000000000000000000000000000000000000000000000000000000000000000000000000000000000000000000000000000000000000000000000000000000000000000000000000000000000000000000000000000000000000000000000000000000000000000000000000000000000e+01 4.147236026269286549551498124649545614471968240860468950741442172669801741365405984044152618681765261734806054103876316456671074944635155426722072149240085465592295317778254347914281822643745586778366353592525681501950136397419236577081335571446007720731555800672472814495240947008212716056900000000000e-02
2.700000000000000000000000000000000000000000000000000000000000000000000000000000000000000000000000000000000000000000000000000000000000000000000000000000000000000000000000000000000000000000000000000000000000000000000000000000000000000000000000000000000000000000000000000000000000000000000000000000000000e+02 4.384669191738962362673011949872518145880697481126457648828066776952116171665226783951784949299735326234352737218376068843852926876004873812954940802884721742498471714765353059166053740221510812300805800979081431404924493036975183581725200862227312835837244339587203807616924848032099237073200000000000e-02
8.100000000000000000000000000000000000000000000000000000000000000000000000000000000000000000000000000000000000000000000000000000000000000000000000000000000000000000000000000000000000000000000000000000000000000000000000000000000000000000000000000000000000000000000000000000000000000000000000000000000000e+02 7.041135378614119993497618568485012307863440913776318900421839707693234846575435703965121121847459437424121699726040775262231360670836966773826510732990074694543300061484563921338363241040419077238075238936376602507201339475837773686402129649279650456255412611844598161449881784625473771477900000000000e-02
2.430000000000000000000000000000000000000000000000000000000000000000000000000000000000000000000000000000000000000000000000000000000000000000000000000000000000000000000000000000000000000000000000000000000000000000000000000000000000000000000000000000000000000000000000000000000000000000000000000000000000e+03 1.883413068671113831722676050749362169055283247733675268578344262975742339947086848140218186493027294007875713610719887366258138314802048788899850537772649427654066189632240750712741950543660612225309510034380105755137167720417095406734158704728297622237693754734254542871066829512173917206400000000000e+00
7.290000000000000000000000000000000000000000000000000000000000000000000000000000000000000000000000000000000000000000000000000000000000000000000000000000000000000000000000000000000000000000000000000000000000000000000000000000000000000000000000000000000000000000000000000000000000000000000000000000000000e+03 1.474187659576061683266252746483143105988914744572957115576941704760789023426341187213824131916338462872721240116702152003887754627989810117183724129714784920319257913273959707318586974686805338934719378367030954387056634081965790939289487350986498417000313561100807091882056451850746912794200000000000e+00
2.187000000000000000000000000000000000000000000000000000000000000000000000000000000000000000000000000000000000000000000000000000000000000000000000000000000000000000000000000000000000000000000000000000000000000000000000000000000000000000000000000000000000000000000000000000000000000000000000000000000000e+04 2.292384450840643466210180634733167255762929602290530768004857991226585253551644388766085653496897793629856394150616679079890645715480057810055135236747510862214653512405951191320063532023072823350882922202834879494119496868396151534306309673158918038738315745039750468623748895162063853654700000000000e+00
6.561000000000000000000000000000000000000000000000000000000000000000000000000000000000000000000000000000000000000000000000000000000000000000000000000000000000000000000000000000000000000000000000000000000000000000000000000000000000000000000000000000000000000000000000000000000000000000000000000000000000e+04 3.486595155295364581163554628215343794544187321481401761378476359146382921724374663271815450912173391989976313058811210591163711833830079664991994102087307976166056692270249395914419914703330779508593155539104595016028028695357914221811784480260807307262950370401001297989755948593351527466300000000000e+00
1.968300000000000000000000000000000000000000000000000000000000000000000000000000000000000000000000000000000000000000000000000000000000000000000000000000000000000000000000000000000000000000000000000000000000000000000000000000000000000000000000000000000000000000000000000000000000000000000000000000000000e+05 2.419129376410716762792822338764442348122905774694758241897953121825617506786113424487895999638634365236298589448133242469110133520610439301004193191182355144844134747145669084630332967049193233324605665562206054979773846486298991210414947324265282001437784430422497382819089300102326637821900000000000e+00
5.904900000000000000000000000000000000000000000000000000000000000000000000000000000000000000000000000000000000000000000000000000000000000000000000000000000000000000000000000000000000000000000000000000000000000000000000000000000000000000000000000000000000000000000000000000000000000000000000000000000000e+05 3.760844580620146857182721272036972318366420314096188177658970180307607503433830267406741790049644056393239928980456678430148084091250020750584357633710770249640561773374376116364101732320752689367301664114925536639752567356770345641315179159786694975327191856704561671818017816227664276417900000000000e+00
1.771470000000000000000000000000000000000000000000000000000000000000000000000000000000000000000000000000000000000000000000000000000000000000000000000000000000000000000000000000000000000000000000000000000000000000000000000000000000000000000000000000000000000000000000000000000000000000000000000000000000e+06 3.190882845545562112125576059536589318013126320148910447635467712199313792914843488271909626714044389950672823707350124878346317539131853096505069271166314767448239027529199275616589528047978750973119787098078863371850954485024761054926931046028778308811880103128394077154247428362853169225800000000000e+00
5.314410000000000000000000000000000000000000000000000000000000000000000000000000000000000000000000000000000000000000000000000000000000000000000000000000000000000000000000000000000000000000000000000000000000000000000000000000000000000000000000000000000000000000000000000000000000000000000000000000000000e+06 5.574047744349379712389680844160457629303961096077382621254595510819242812537523158981093432037224083416815630445932213249275110470622643006024991332935785179837113308124635125320973816717983681251570128205120684618845933514183319318930223266107414789869347008703084353253461433697890610254800000000000e+00
1.594323000000000000000000000000000000000000000000000000000000000000000000000000000000000000000000000000000000000000000000000000000000000000000000000000000000000000000000000000000000000000000000000000000000000000000000000000000000000000000000000000000000000000000000000000000000000000000000000000000000e+07 5.278561320245702699262029949936022005792002914164719586149201786667894627496520189676390439538392750213549411896682322273052188304538514573198989636578048027979305616961200235795825689078470964079402876379282650222863723156268759961417001306150656774648491835198353045308604827918231095411800000000000e+00
4.782969000000000000000000000000000000000000000000000000000000000000000000000000000000000000000000000000000000000000000000000000000000000000000000000000000000000000000000000000000000000000000000000000000000000000000000000000000000000000000000000000000000000000000000000000000000000000000000000000000000e+07 5.208591005987793247484504766748737980903258823489940531892620643123198508523130085377395306887302707789531713360045603841504250319727515444907451657172912632015942286788949270151651039106977450036876564939643068321723115229543250690591224842377722772102441123802419822780627779306754679437600000000000e+00
1.434890700000000000000000000000000000000000000000000000000000000000000000000000000000000000000000000000000000000000000000000000000000000000000000000000000000000000000000000000000000000000000000000000000000000000000000000000000000000000000000000000000000000000000000000000000000000000000000000000000000e+08 5.413446029345090295821716734622360104728473936420402307849783564495885316223460536075604235349951784485012680763963618208188664547663307949522376015731157902891711459461657615710592553927438159280312465884310611720607782878980130376818659335878101960297260686594290618322616370689309748788800000000000e+00
4.304672100000000000000000000000000000000000000000000000000000000000000000000000000000000000000000000000000000000000000000000000000000000000000000000000000000000000000000000000000000000000000000000000000000000000000000000000000000000000000000000000000000000000000000000000000000000000000000000000000000e+08 5.512536911198947944425763476876882962212762896194532418608515088269034267510867943284107046650953786080541584968588239172454603575365600053604902305178944711046831981425913755510311234998150633152230586981967683462854288247822394762094631705543552303939815402608768582978264465284203977166400000000000e+00
1.291401630000000000000000000000000000000000000000000000000000000000000000000000000000000000000000000000000000000000000000000000000000000000000000000000000000000000000000000000000000000000000000000000000000000000000000000000000000000000000000000000000000000000000000000000000000000000000000000000000000e+09 5.506447190020689848952277534532705775655726695976816105917043867484241671408092737757143063367386214324216855554109676299015841759337384761456212269623642547973400647724529397588860967762290582852720882065497643834602645220753992683735778342064039261604166053636570977106870371561671674635900000000000e+00
3.874204890000000000000000000000000000000000000000000000000000000000000000000000000000000000000000000000000000000000000000000000000000000000000000000000000000000000000000000000000000000000000000000000000000000000000000000000000000000000000000000000000000000000000000000000000000000000000000000000000000e+09 5.640624751904264830469239655158103821929689475469811158653458976278511408825042458302854265379395783492379088447937791017920306457595864466930497791962775926682407799112483508165224908072440984321706668297591541736049648565224002170564671099900844329985235199358537808728457066362631598438800000000000e+00
1.162261467000000000000000000000000000000000000000000000000000000000000000000000000000000000000000000000000000000000000000000000000000000000000000000000000000000000000000000000000000000000000000000000000000000000000000000000000000000000000000000000000000000000000000000000000000000000000000000000000000e+10 5.763261033708758048245083940288248772273978811434455488766284494915965542774278509243096311364316580247357969645600955093357430926812696432548610575831041773009208077389141517431981305680545481494387670065980150345987034303563623253684439198902251006403971904046715527230014513436453388594100000000000e+00
3.486784401000000000000000000000000000000000000000000000000000000000000000000000000000000000000000000000000000000000000000000000000000000000000000000000000000000000000000000000000000000000000000000000000000000000000000000000000000000000000000000000000000000000000000000000000000000000000000000000000000e+10 5.714366969104230033711315036472856786826396577728139634903461238467053234898282010707307607248915716869835223997320051508601921508845133462471072180411771804491832906730774312536521236207791319886451655864749925256021384546421957215173413178433160298483958579436765792118147433526452489289200000000000e+00
1.046035320300000000000000000000000000000000000000000000000000000000000000000000000000000000000000000000000000000000000000000000000000000000000000000000000000000000000000000000000000000000000000000000000000000000000000000000000000000000000000000000000000000000000000000000000000000000000000000000000000e+11 4.838536819540374675089998641048160259678806637426868595831037041842262169823161243095001757678748925931063825957429266764795832774884297489970469345545768235539506369095985383086284525688010794646029337942414906365234828487939424258128004639187500956729457631811058730405739813634660070977100000000000e+00
3.138105960900000000000000000000000000000000000000000000000000000000000000000000000000000000000000000000000000000000000000000000000000000000000000000000000000000000000000000000000000000000000000000000000000000000000000000000000000000000000000000000000000000000000000000000000000000000000000000000000000e+11 6.071710306107034483497397759155898827478196364211144234978451428003526786329220813002255902342134038566828461854290974177478711959222258171295838810301289308826684347111555483142541598383496035428569161717348681094917066531275469269833055468617650408013000559180569765865261583140783238903500000000000e+00
9.414317882700000000000000000000000000000000000000000000000000000000000000000000000000000000000000000000000000000000000000000000000000000000000000000000000000000000000000000000000000000000000000000000000000000000000000000000000000000000000000000000000000000000000000000000000000000000000000000000000000e+11 6.473333043470673347454502006875651975481136705270929485751675637468035060421925230241961769825056419985393265280895374944191316421417683648844823138154210571395186696925014485538357295160121173715961721761827229556855057164452199179027112626907401845523612404721244863363599365891764314932600000000000e+00
2.824295364810000000000000000000000000000000000000000000000000000000000000000000000000000000000000000000000000000000000000000000000000000000000000000000000000000000000000000000000000000000000000000000000000000000000000000000000000000000000000000000000000000000000000000000000000000000000000000000000000e+12 6.572476347123916625140917325536246227205644830200298154547586684517758891982671474088934490448393376513768707324423114366200620120599975551703230773521895437783827273732021867504448681743768108000664889532154494294355743834666311732579607432371162233659120848393286040968489311689746312973300000000000e+00
8.472886094430000000000000000000000000000000000000000000000000000000000000000000000000000000000000000000000000000000000000000000000000000000000000000000000000000000000000000000000000000000000000000000000000000000000000000000000000000000000000000000000000000000000000000000000000000000000000000000000000e+12 6.348346429766587266743517941181006086332775386281310998296552626295769737207170759785814736510135764323696059137250453369157208765144586783455726194755595975874200482910748883464839404889566124468530514459154455025842337493412866971891742868324688648433582417559696122873440149260901217938000000000000e+00
2.541865828329000000000000000000000000000000000000000000000000000000000000000000000000000000000000000000000000000000000000000000000000000000000000000000000000000000000000000000000000000000000000000000000000000000000000000000000000000000000000000000000000000000000000000000000000000000000000000000000000e+13 5.976412591617629024395847814609364255439963175004018941604520412899350695782319468132103088705473578818593475884930083124467825755227785511383502170231692861989221379664013927396872074781635250107588586375186449366272173161337393899252403480832935379460692670929359012130316010156879252976900000000000e+00
7.625597484987000000000000000000000000000000000000000000000000000000000000000000000000000000000000000000000000000000000000000000000000000000000000000000000000000000000000000000000000000000000000000000000000000000000000000000000000000000000000000000000000000000000000000000000000000000000000000000000000e+13 5.705298090293888958511073271409428654027851942342429842604330279126416085919067440722765195087027970417501240005524706177735577161548145721786915233862245132235365747198047829446495022212442593365667416403074415138169696492920755780718264211071134251968227594152174145325329352026870304040500000000000e+00
2.287679245496100000000000000000000000000000000000000000000000000000000000000000000000000000000000000000000000000000000000000000000000000000000000000000000000000000000000000000000000000000000000000000000000000000000000000000000000000000000000000000000000000000000000000000000000000000000000000000000000e+14 6.186786033132290327714228175698498834733661933418870365907794886057269962858753748927334133990303687731423380555910856029264696844125704569973765407945928709353396549151622200555829477919756956187300157410801309878074526322226907466687513358436898914607115672153531557993809060698190250085500000000000e+00
6.863037736488300000000000000000000000000000000000000000000000000000000000000000000000000000000000000000000000000000000000000000000000000000000000000000000000000000000000000000000000000000000000000000000000000000000000000000000000000000000000000000000000000000000000000000000000000000000000000000000000e+14 6.523065434234329435792027285212762505122435741691931459724615113534396249754369863096743941376805163705355786804432153819090502304147362643771007493819831614212016175812688313637746281345785396058572274402719735557047458169136341667326048925352855763278256804219507655930890232345505163779600000000000e+00
2.058911320946490000000000000000000000000000000000000000000000000000000000000000000000000000000000000000000000000000000000000000000000000000000000000000000000000000000000000000000000000000000000000000000000000000000000000000000000000000000000000000000000000000000000000000000000000000000000000000000000e+15 6.543216855338689705946760755831359905204422547690881834708296961524313942032443542499272444461219030554189811460724903079996694756664949392039779714225329606523660368155852821550503653889838023320631142800135326954951345731778710041765320876839798595039319460263221424699512191995995221785700000000000e+00
6.176733962839470000000000000000000000000000000000000000000000000000000000000000000000000000000000000000000000000000000000000000000000000000000000000000000000000000000000000000000000000000000000000000000000000000000000000000000000000000000000000000000000000000000000000000000000000000000000000000000000e+15 6.344574857261648487287127912694611915470596428020598332594994144189131096495169594340188085568739098052224158365608762085679119836932948165025086426379298771945380516513190762397859534711153238176491659989821790469396007721301234096044843425708636665970379291003923846821260995369902973234600000000000e+00
