1.000000000000000000000000000000000000000000000000000000000000000000000000000000000000000000000000000000000000000000000000000000000000000000000000000000000000000000000000000000000000000000000000000000000000000000000000000000000000000000000000000000000000000000000000000000000000000000000000000000000000e+00 7.548771264115205841119542471338614961433376895778723502463321778888852806787157872940372265775122012887429957124029330650107037924057982850140062947776940276688042808080424520845953321205041810378458419768012800672418010773309261466071697606737193533726485990077887917061556385056387611426300000000000e-16
3.000000000000000000000000000000000000000000000000000000000000000000000000000000000000000000000000000000000000000000000000000000000000000000000000000000000000000000000000000000000000000000000000000000000000000000000000000000000000000000000000000000000000000000000000000000000000000000000000000000000000e+00 4.504753666999043331920032112977197630071015639679327563810423801947989044365860408714581607308047219205688548681318801397931018469071878943840931868662871009059510460704620706728630259669812361446351725302747736448263343160442940854245856451683705951765095021053526782932347202933164658065600000000000e-16
9.000000000000000000000000000000000000000000000000000000000000000000000000000000000000000000000000000000000000000000000000000000000000000000000000000000000000000000000000000000000000000000000000000000000000000000000000000000000000000000000000000000000000000000000000000000000000000000000000000000000000e+00 8.704879982172134389764679335943618157188006201221489713233344191468969911185320353901129032984264748647067372475014265172301601918790892285169966171420107559486576462763435704642492617595373854078431805383230736620513586970531513262980583836097028774578063011494926382762069792516527555892100000000000e-16
2.700000000000000000000000000000000000000000000000000000000000000000000000000000000000000000000000000000000000000000000000000000000000000000000000000000000000000000000000000000000000000000000000000000000000000000000000000000000000000000000000000000000000000000000000000000000000000000000000000000000000e+01 7.740206280185400002456047255083516179599534197409455949911356298374665320265743942152267526553304790436260873848408264981538263845461909015450878399911931418070583684920785275782609278242416795074926911249886256236406085349916583050993503554953944671023162605077167087435722767562105035533300000000000e-16
8.100000000000000000000000000000000000000000000000000000000000000000000000000000000000000000000000000000000000000000000000000000000000000000000000000000000000000000000000000000000000000000000000000000000000000000000000000000000000000000000000000000000000000000000000000000000000000000000000000000000000e+01 2.145808434596495098846350588398698545921474056584452367488973478591863063489926516927774176109056851005865309268516683529696083080910848248752929335161684764335627774042434069127736738788813621733654373294867960915472559829319148900124928724546961241778703713663977997904827073254058832704800000000000e-15
2.430000000000000000000000000000000000000000000000000000000000000000000000000000000000000000000000000000000000000000000000000000000000000000000000000000000000000000000000000000000000000000000000000000000000000000000000000000000000000000000000000000000000000000000000000000000000000000000000000000000000e+02 5.942023754084138160351583070684556493173419620977023730946507246690759954453937852172057296074210614398458263233677442597097977280131504913641819181578961633723220389535435613804050455824351352045436915079530684594835574123953675055323045469899663235849817080391921925273129091227841035074300000000000e-14
7.290000000000000000000000000000000000000000000000000000000000000000000000000000000000000000000000000000000000000000000000000000000000000000000000000000000000000000000000000000000000000000000000000000000000000000000000000000000000000000000000000000000000000000000000000000000000000000000000000000000000e+02 2.380780378359994918453937212924727577675507127232659240414519122142979121471089880112851774650740044260839115452125115751980080596705277256880574342277308132972161130434868560220330597306763744738503178566153674196442891432519378469725296777539383040692998689327050058513904485382936983976700000000000e-12
2.187000000000000000000000000000000000000000000000000000000000000000000000000000000000000000000000000000000000000000000000000000000000000000000000000000000000000000000000000000000000000000000000000000000000000000000000000000000000000000000000000000000000000000000000000000000000000000000000000000000000e+03 1.815907090755477377796229894389746333593500931886872774369332907853727368818728475689852481555420866682032429877178823470982789456328617494197172852730257989360785310501197679295750861840113900150039265474639153689603171002808212727625501507245562347132455605020281241436650184020859685962100000000000e-12
6.561000000000000000000000000000000000000000000000000000000000000000000000000000000000000000000000000000000000000000000000000000000000000000000000000000000000000000000000000000000000000000000000000000000000000000000000000000000000000000000000000000000000000000000000000000000000000000000000000000000000e+03 9.547138487556582860375505949581552204287271881434682468870932825525779650132663520020688876547006795181525918784350544958445319103946329200391883535551303127932330797451842236678520825818924698085437525424956074450781253512272721306691798265285404236647527721103750472455245534241108266831400000000000e-12
1.968300000000000000000000000000000000000000000000000000000000000000000000000000000000000000000000000000000000000000000000000000000000000000000000000000000000000000000000000000000000000000000000000000000000000000000000000000000000000000000000000000000000000000000000000000000000000000000000000000000000e+04 6.492148957427708436205175583054557662758467778152236931865140480461740623076091763072324820000785938577803033326631829601860698544812185892398604635939222912497315830553223233609333289818567807649317876533426999431707893792857673045319397746602113786766004600311460266629716952747240628578300000000000e-12
5.904900000000000000000000000000000000000000000000000000000000000000000000000000000000000000000000000000000000000000000000000000000000000000000000000000000000000000000000000000000000000000000000000000000000000000000000000000000000000000000000000000000000000000000000000000000000000000000000000000000000e+04 2.610624202761455790761990986964145397846631832679606102633418184106920305340361032389634052605083481154521000661620848545994301617707594623071034932132484095626964082790562409987764858888518349531248273677559317324624986929374796292802906975319224859312269119825085480715748906738487191972100000000000e-11
1.771470000000000000000000000000000000000000000000000000000000000000000000000000000000000000000000000000000000000000000000000000000000000000000000000000000000000000000000000000000000000000000000000000000000000000000000000000000000000000000000000000000000000000000000000000000000000000000000000000000000e+05 1.844605255390300163417798309961088046438510812378223772484155115111688876625976328083154341148702114727542124888768403476425564515669495143173183996786001398823527959505342270698408820560654757345361763168628423238223768207299111443784797661360145742512164563774541939692873678196656627381200000000000e-12
5.314410000000000000000000000000000000000000000000000000000000000000000000000000000000000000000000000000000000000000000000000000000000000000000000000000000000000000000000000000000000000000000000000000000000000000000000000000000000000000000000000000000000000000000000000000000000000000000000000000000000e+05 4.411123638246124315509699178682115141328323587051761454137708936500510338381928106776978584863111280878971517374167706462104685575757305879666619144536526891621212204467129509559095261887475567182860134110418651365333531049388185549836209167307280386774627600552097823648635742367854092685000000000000e-11
1.594323000000000000000000000000000000000000000000000000000000000000000000000000000000000000000000000000000000000000000000000000000000000000000000000000000000000000000000000000000000000000000000000000000000000000000000000000000000000000000000000000000000000000000000000000000000000000000000000000000000e+06 1.954608616064391584453948733222730247384320279856492928630633978738143232765858419368898629751675855276747332124300951468178718007259648155629396160653967239569679796298350825887086291324513915053430803481099439918058585900135947882281979426610925461892474361274920614561153185854020693717500000000000e-11
4.782969000000000000000000000000000000000000000000000000000000000000000000000000000000000000000000000000000000000000000000000000000000000000000000000000000000000000000000000000000000000000000000000000000000000000000000000000000000000000000000000000000000000000000000000000000000000000000000000000000000e+06 6.363536855876862779710724738029367585808334566544999624810196045209243313557995446834067298605344317867570622602735901994228360422221690559296084621152980653157302053145882316607006521132461681841985435367742090784295577304297599269869863131151902065316490489545326608506939691309419564391300000000000e-11
1.434890700000000000000000000000000000000000000000000000000000000000000000000000000000000000000000000000000000000000000000000000000000000000000000000000000000000000000000000000000000000000000000000000000000000000000000000000000000000000000000000000000000000000000000000000000000000000000000000000000000e+07 1.295207392206560343991498195099468864487936003311281234910693576691000380557363134549892024315910820837492904287685043615342600661398023430352155773632434173113740133712442790787401798526963694446203732575932688623745677633113421732142226836785361677832161452336181744933880209245165486323900000000000e-11
4.304672100000000000000000000000000000000000000000000000000000000000000000000000000000000000000000000000000000000000000000000000000000000000000000000000000000000000000000000000000000000000000000000000000000000000000000000000000000000000000000000000000000000000000000000000000000000000000000000000000000e+07 1.122462076196388800394415289436628676378244014715223540132789231493868901448434313434209742826586462724491678402784633874100308074452775388947414990958537463338639699614428932840486174583376342173560283464890937311223672568415231396047206600275668364833281538412822364613545748428065276750600000000000e-10
1.291401630000000000000000000000000000000000000000000000000000000000000000000000000000000000000000000000000000000000000000000000000000000000000000000000000000000000000000000000000000000000000000000000000000000000000000000000000000000000000000000000000000000000000000000000000000000000000000000000000000e+08 8.308831798738990433856283854829011008406928498535322072484259977751658542770454156719479627424795438492597499312637406288301118901133954986106856836564849932477810857910188844113555207666584676639231826038578037891789415567214822952125580279275106703066807757088722211600145056211360314149000000000000e-11
3.874204890000000000000000000000000000000000000000000000000000000000000000000000000000000000000000000000000000000000000000000000000000000000000000000000000000000000000000000000000000000000000000000000000000000000000000000000000000000000000000000000000000000000000000000000000000000000000000000000000000e+08 4.133083793963626270996469306176163559084437021851029941944507779289082831949448529168274857091813448752965081314786137838402061769964960029293392962706120404701877203495472960182214936662520430856049975466974959095616406959654577431029840946910797574680975231712017181765018633707220924075500000000000e-11
1.162261467000000000000000000000000000000000000000000000000000000000000000000000000000000000000000000000000000000000000000000000000000000000000000000000000000000000000000000000000000000000000000000000000000000000000000000000000000000000000000000000000000000000000000000000000000000000000000000000000000e+09 1.096069412631934229703651896383559578443472505672718059940570125343572889401833619631449220780410004039352600628401878359022531743557393728189873936076391141797906021470502668379406789003186527434976882607149130959978750811161237835597236326980387737660500916379836976549575777237923265750100000000000e-10
3.486784401000000000000000000000000000000000000000000000000000000000000000000000000000000000000000000000000000000000000000000000000000000000000000000000000000000000000000000000000000000000000000000000000000000000000000000000000000000000000000000000000000000000000000000000000000000000000000000000000000e+09 2.091595717031560670991617830474089588330830820292790340751447105947610480379150545613657698488601664296097543435609798078882301948018497989719306115308546325326454103978413697295872353597217993664946053557382039231153434377047232005065017680768851014731142779643789479567235264915350867668100000000000e-10
1.046035320300000000000000000000000000000000000000000000000000000000000000000000000000000000000000000000000000000000000000000000000000000000000000000000000000000000000000000000000000000000000000000000000000000000000000000000000000000000000000000000000000000000000000000000000000000000000000000000000000e+10 9.669117445458960730414744744780778724482112350978472983409248299591371268184828047409787333769005563292229195260014073606264657315769031568192228457247077176521081462825853028670787502911504983540088343140304729249889599856056028686558107017332055088064924655047597517753199965895928959990800000000000e-11
3.138105960900000000000000000000000000000000000000000000000000000000000000000000000000000000000000000000000000000000000000000000000000000000000000000000000000000000000000000000000000000000000000000000000000000000000000000000000000000000000000000000000000000000000000000000000000000000000000000000000000e+10 5.563804292526277117905038640994543915048237092875375360767608279939791201772881566423069717953543124922669500328348555480730762694988605716269011017598268944299206493427620992970870626461172595689952463259042892186189983894161641641780608512487506761138043858468051655753669864385372615673000000000000e-11
9.414317882700000000000000000000000000000000000000000000000000000000000000000000000000000000000000000000000000000000000000000000000000000000000000000000000000000000000000000000000000000000000000000000000000000000000000000000000000000000000000000000000000000000000000000000000000000000000000000000000000e+10 1.650663096483690190638766347876049944058971633738665818505299542535198272139372463396854675134304106172032101282737845907007746622817120089192252638272791331726605366776368823142950864229424880004559103028045514851110895788010601720702016459253845817231510095107473519745044918383591315133900000000000e-11
2.824295364810000000000000000000000000000000000000000000000000000000000000000000000000000000000000000000000000000000000000000000000000000000000000000000000000000000000000000000000000000000000000000000000000000000000000000000000000000000000000000000000000000000000000000000000000000000000000000000000000e+11 8.641251042294895718452785567507970528958606674799974705432253100059734705974809472127751559675401333093237039065305761772302427186355635721477148961477511971688872193188729306122339107505152001712863789159393694928334147138116675595800292804776017812953630148790497521440748708946246816779100000000000e-11
8.472886094430000000000000000000000000000000000000000000000000000000000000000000000000000000000000000000000000000000000000000000000000000000000000000000000000000000000000000000000000000000000000000000000000000000000000000000000000000000000000000000000000000000000000000000000000000000000000000000000000e+11 4.428687997418439388007150528322693964093593934527021824962874196647675481898489047338603277953567266419637230074405210575246506992851878658448585797842061975496965620803695371015966038357924816800098245008962447783653392217644107441420124000268087138939742976198114473662257204563685712757200000000000e-11
2.541865828329000000000000000000000000000000000000000000000000000000000000000000000000000000000000000000000000000000000000000000000000000000000000000000000000000000000000000000000000000000000000000000000000000000000000000000000000000000000000000000000000000000000000000000000000000000000000000000000000e+12 5.529645706544135094941292857266041239248418576017322994088479582723612140060279447745974693946765478016308369856504229622664965688094640144539237450058700613826574538139073071864621090659228444590380317214679065883994425177991709109716319217088311744300151051388608586565839100234704012448200000000000e-11
7.625597484987000000000000000000000000000000000000000000000000000000000000000000000000000000000000000000000000000000000000000000000000000000000000000000000000000000000000000000000000000000000000000000000000000000000000000000000000000000000000000000000000000000000000000000000000000000000000000000000000e+12 3.700925406560160095772776814654668462817389698021220619341392257504104047328186814188827088345456842810944378205280935385728816209891031646422165829345492631824369390126382231752216735673040001290940183079925109494798206958752088040842772439174230761086205412070265484585224579126147826288400000000000e-11
2.287679245496100000000000000000000000000000000000000000000000000000000000000000000000000000000000000000000000000000000000000000000000000000000000000000000000000000000000000000000000000000000000000000000000000000000000000000000000000000000000000000000000000000000000000000000000000000000000000000000000e+13 6.646980185935023161912133195538028171730740958939113060151153972596026443600397805954514202438772749001804946887706503272987623645323412474572364917591710813665282831084619712573708825094913507688916312893482358001435621456390641055484283342118272823041096635872088660262843091283869156302800000000000e-11
6.863037736488300000000000000000000000000000000000000000000000000000000000000000000000000000000000000000000000000000000000000000000000000000000000000000000000000000000000000000000000000000000000000000000000000000000000000000000000000000000000000000000000000000000000000000000000000000000000000000000000e+13 8.509575806967527670169360452198155920304734679798789825420479268780252740304111085636521143340338969237668737541927879049739279713712697816639888262387773620470499411365411080887201011993205657366928001067138958471745456538621043498218302106521622607995334300022012205386093354486649023290400000000000e-11
2.058911320946490000000000000000000000000000000000000000000000000000000000000000000000000000000000000000000000000000000000000000000000000000000000000000000000000000000000000000000000000000000000000000000000000000000000000000000000000000000000000000000000000000000000000000000000000000000000000000000000e+14 9.844136390785712240060689942607523187390850405744262985110236015198851759341935484020268174152400663320155315948971005282964006805945170424188815683738179238362269660163199416467346525894277675102063820270211181103808541267556994350583947621677048442054285575535698128181076272850334467626000000000000e-11
6.176733962839470000000000000000000000000000000000000000000000000000000000000000000000000000000000000000000000000000000000000000000000000000000000000000000000000000000000000000000000000000000000000000000000000000000000000000000000000000000000000000000000000000000000000000000000000000000000000000000000e+14 1.190837668351132131988672484503282516742069377291378613454817756530772015217704497713864128694475244492754571369253989578034468109781400405482006937813687177248817837719033397315812532589694156611800853252256643741686023336464937794327793130168310797929988279599713950022673080142653444734700000000000e-10
1.853020188851841000000000000000000000000000000000000000000000000000000000000000000000000000000000000000000000000000000000000000000000000000000000000000000000000000000000000000000000000000000000000000000000000000000000000000000000000000000000000000000000000000000000000000000000000000000000000000000000e+15 9.769476217573218520798829321264680975322523789751949079887248803747095106352324099620518384832337553338688884236474920036326738799212911795790686408991663199998145819633221725177838838191748785549066915716084888501088403789801680459266760268854467236570438007617908631662966938404941353111400000000000e-11
5.559060566555523000000000000000000000000000000000000000000000000000000000000000000000000000000000000000000000000000000000000000000000000000000000000000000000000000000000000000000000000000000000000000000000000000000000000000000000000000000000000000000000000000000000000000000000000000000000000000000000e+15 8.235489281154155780512976371129565120300584387716351897874428248879024911465817651846088929869510384003147075075943172158400605761322199189415778408714685449878957657741103006037381662963388198102287714317770741813781167355163564687797083529288274566568166431038434323031737631654327568801500000000000e-11
