1.000000000000000000000000000000000000000000000000000000000000000000000000000000000000000000000000000000000000000000000000000000000000000000000000000000000000000000000000000000000000000000000000000000000000000000000000000000000000000000000000000000000000000000000000000000000000000000000000000000000000e+00 4.191148440500336558789522837174154735359508129503078030295037834900208573246816299092258234552387886072883058630245902351984847278810919472522707098145259356465762143190273600240677548011806592007120687159694050893122315691916561600244340065007270988479310410955547644080890984683301904525000000000000e-02
3.000000000000000000000000000000000000000000000000000000000000000000000000000000000000000000000000000000000000000000000000000000000000000000000000000000000000000000000000000000000000000000000000000000000000000000000000000000000000000000000000000000000000000000000000000000000000000000000000000000000000e+00 3.583411713466443764437500409419698814255030254923741795041144389321292125625154936207722008597256761570559042846241634739667984464011184009092001382948077776351774542740969756290610060798374915628409614647355608573020666392886907748913167393991671138827177158912070295203633746819118117971500000000000e-02
9.000000000000000000000000000000000000000000000000000000000000000000000000000000000000000000000000000000000000000000000000000000000000000000000000000000000000000000000000000000000000000000000000000000000000000000000000000000000000000000000000000000000000000000000000000000000000000000000000000000000000e+00 3.113255836192142262503293296915138681623014070140097459924850116699172094092118111520022793379418713392695137699587329504416640890601427858417283002684823973377509951854531079516371835699112091179973201865245545430552900938524490497310762166603571794485335311467453715990010417447061122951800000000000e-02
2.700000000000000000000000000000000000000000000000000000000000000000000000000000000000000000000000000000000000000000000000000000000000000000000000000000000000000000000000000000000000000000000000000000000000000000000000000000000000000000000000000000000000000000000000000000000000000000000000000000000000e+01 2.371057811552364005857702563530272215638339159929906484910895288673332933477180312580674437559379245367178883587846159037473316105028473445449545197389181350490834198581809826471566251217808643505858478279653491560302832744727513835186359987096917608960103690004297763927949588391552909833300000000000e-02
8.100000000000000000000000000000000000000000000000000000000000000000000000000000000000000000000000000000000000000000000000000000000000000000000000000000000000000000000000000000000000000000000000000000000000000000000000000000000000000000000000000000000000000000000000000000000000000000000000000000000000e+01 4.406668192195473386173905601981168311317767750188664051232402892100981776911158690773018152787994213653283623749312739972359464594986227186027843263133029258383815186208758924878810319087166124676569628133273229710800875660456599028521939068110503507207671613009540522716301651470595773884200000000000e-02
2.430000000000000000000000000000000000000000000000000000000000000000000000000000000000000000000000000000000000000000000000000000000000000000000000000000000000000000000000000000000000000000000000000000000000000000000000000000000000000000000000000000000000000000000000000000000000000000000000000000000000e+02 3.474618651390572967010235687710764320468458193857383013749477801178049694450180722850089764150195090303842174532768380524643042024936366041173038538552035888584071342693299694265581815730517915010065837262603555357662114999855775104681370058617363819110189936058989153243061733123196881575800000000000e-02
7.290000000000000000000000000000000000000000000000000000000000000000000000000000000000000000000000000000000000000000000000000000000000000000000000000000000000000000000000000000000000000000000000000000000000000000000000000000000000000000000000000000000000000000000000000000000000000000000000000000000000e+02 3.194182552511712490707714009379264362344130860265915364525260465868107896692114294727992521912590249390349621236471634106853061484772352599155474380173783142820567853574751887894226042911662377482106611268160357148804730126541354291669475061058198161532574298975245940694412725667631193937200000000000e-01
2.187000000000000000000000000000000000000000000000000000000000000000000000000000000000000000000000000000000000000000000000000000000000000000000000000000000000000000000000000000000000000000000000000000000000000000000000000000000000000000000000000000000000000000000000000000000000000000000000000000000000e+03 1.463806249539259997724093796715255445786887736978436999719137010685133915451479807117455765391268052273548576019645688956784917818985622516892688640634421561497606193565020365233483154463040483223717802848745657804436186436662279987090778352082388481246669428313994106724363087101834515399500000000000e+00
6.561000000000000000000000000000000000000000000000000000000000000000000000000000000000000000000000000000000000000000000000000000000000000000000000000000000000000000000000000000000000000000000000000000000000000000000000000000000000000000000000000000000000000000000000000000000000000000000000000000000000e+03 2.885216733946019427563087314769929941458872448074637033660407689150254930116511862011168530663560992427337533528142505014428506362858695030224275565071843107723802198354891330792173081695672610360921493192403761466583938076791247929303321263291493851230604605463101915526364309614023442545400000000000e+00
1.968300000000000000000000000000000000000000000000000000000000000000000000000000000000000000000000000000000000000000000000000000000000000000000000000000000000000000000000000000000000000000000000000000000000000000000000000000000000000000000000000000000000000000000000000000000000000000000000000000000000e+04 2.886657809711351299684410855673981690410532675412333270654115225454151335747689025296212627163029685143817826040700607101322976227743348944095671325147134116243647339782279649654351663994682461905799221592538139573559582407961876100109772344631996837564837654903678423484279026092710714840800000000000e+00
5.904900000000000000000000000000000000000000000000000000000000000000000000000000000000000000000000000000000000000000000000000000000000000000000000000000000000000000000000000000000000000000000000000000000000000000000000000000000000000000000000000000000000000000000000000000000000000000000000000000000000e+04 3.334801891140451486358264759302964430715459375865751449293941690789878657818401059629755801152965979839064244082999646732726429948074662977462476410217633843240222143889226796047765222445501274859778425092212807815196015543582527038198008558691371025682451602230760747391877587839623463678200000000000e+00
1.771470000000000000000000000000000000000000000000000000000000000000000000000000000000000000000000000000000000000000000000000000000000000000000000000000000000000000000000000000000000000000000000000000000000000000000000000000000000000000000000000000000000000000000000000000000000000000000000000000000000e+05 2.423225972433920677169181795374440270388316880973949835678638982634278119083022973830825825863775394396643194550562476088442407834985959736040919283628348365255148479688054634603406039986320758143922266368628698595203936403676311045526625118151071691464202321872609098485693029631141894515100000000000e+00
5.314410000000000000000000000000000000000000000000000000000000000000000000000000000000000000000000000000000000000000000000000000000000000000000000000000000000000000000000000000000000000000000000000000000000000000000000000000000000000000000000000000000000000000000000000000000000000000000000000000000000e+05 3.548491608411550680523120051154935949158184350763081591324842615705470476098554170292794361319423118860054082963337665499865693945463559141262262034622945267580022166133365075137349018637151296344769475933004230623570796040281467293633909933552305067434281663322319192589552349397503905222000000000000e+00
1.594323000000000000000000000000000000000000000000000000000000000000000000000000000000000000000000000000000000000000000000000000000000000000000000000000000000000000000000000000000000000000000000000000000000000000000000000000000000000000000000000000000000000000000000000000000000000000000000000000000000e+06 4.255890896387874771216886309522332837567468292271670847168292646283904779613398323366891603931069966208268453737444214838111974342828001538741515920189893173154273463002762926272071650100647999684066157786652793341353161537218602111773780306605781574532199879690375361507992263733333931410800000000000e+00
4.782969000000000000000000000000000000000000000000000000000000000000000000000000000000000000000000000000000000000000000000000000000000000000000000000000000000000000000000000000000000000000000000000000000000000000000000000000000000000000000000000000000000000000000000000000000000000000000000000000000000e+06 3.977720118253299926135316399558434995430252953547596021907407186926408005800354621608471526754684303442202532233630867627520158411533498709731200533479114299217617868299705133638947584577397710027985501124111196134091542347472844372517657016585390960944173119518703105297385915805829313102700000000000e+00
1.434890700000000000000000000000000000000000000000000000000000000000000000000000000000000000000000000000000000000000000000000000000000000000000000000000000000000000000000000000000000000000000000000000000000000000000000000000000000000000000000000000000000000000000000000000000000000000000000000000000000e+07 5.604912619166212574838221838225768606564809051448942168627138350333522885442749070876555662018203010347382719274608094890220479011578331055322293566840688701547845480529133703760706204265284573982488945058659085273367284690559070298748572304333800096676393933581216939386332853312017212526300000000000e+00
4.304672100000000000000000000000000000000000000000000000000000000000000000000000000000000000000000000000000000000000000000000000000000000000000000000000000000000000000000000000000000000000000000000000000000000000000000000000000000000000000000000000000000000000000000000000000000000000000000000000000000e+07 5.566350967326637236006926196685238317275204876043725444222766650849677251252148478291319555316519250748036311387906168390018239766727871407630158266572915796464874203877030024306991369313493354374797559270385012929636590646098037036394797834848729268660063409124003714623643681056476736592000000000000e+00
1.291401630000000000000000000000000000000000000000000000000000000000000000000000000000000000000000000000000000000000000000000000000000000000000000000000000000000000000000000000000000000000000000000000000000000000000000000000000000000000000000000000000000000000000000000000000000000000000000000000000000e+08 5.544361781127697657465118564432006162136156166659618090929877226457226854905260700250332640101807796107314580401659767784524666068761111492026254757470985977280284857472844507325425992741552644473567753279587478071827195304398354438243634051881635889081433642420985183499658208981596372442900000000000e+00
3.874204890000000000000000000000000000000000000000000000000000000000000000000000000000000000000000000000000000000000000000000000000000000000000000000000000000000000000000000000000000000000000000000000000000000000000000000000000000000000000000000000000000000000000000000000000000000000000000000000000000e+08 5.559690895032316772814627781922633694817559353136306227840869987351823883921536366986501226182829030946725093156260259110479378383806052077306897514447212375976539861167574621747072116731088012015998453652715697526990986509595380511597641024610194851056228135730176815025047552866885422461500000000000e+00
1.162261467000000000000000000000000000000000000000000000000000000000000000000000000000000000000000000000000000000000000000000000000000000000000000000000000000000000000000000000000000000000000000000000000000000000000000000000000000000000000000000000000000000000000000000000000000000000000000000000000000e+09 5.566649108759596795947065613814680881709541854137836205501058053203110426154380235211551118095850754294651137612892102664367580149968751048303686661388830400463914162570943398682688406394688403899418917630717243504324201718004551963918996094911815401095016629608060894646982458153727995474800000000000e+00
3.486784401000000000000000000000000000000000000000000000000000000000000000000000000000000000000000000000000000000000000000000000000000000000000000000000000000000000000000000000000000000000000000000000000000000000000000000000000000000000000000000000000000000000000000000000000000000000000000000000000000e+09 6.484424781708686759074109872889687891394267328190810798227937898835618802897408514986404231898923224249600554221398644912439909554086083403727433389579139599960323718769424617262995036836729988567084557544516160467844311320733183392196836430705845945471191317297183679905097105209606520789800000000000e+00
1.046035320300000000000000000000000000000000000000000000000000000000000000000000000000000000000000000000000000000000000000000000000000000000000000000000000000000000000000000000000000000000000000000000000000000000000000000000000000000000000000000000000000000000000000000000000000000000000000000000000000e+10 5.509039997945740502883187511899322720517033474035950612372141147314468156519377962144059890199853638513410329231384275627779125801747456374803785940904622086697850042441416889024518072278176783737361557026767341150014859293811116857595972213538032132544930962690298363577740320803182614472700000000000e+00
3.138105960900000000000000000000000000000000000000000000000000000000000000000000000000000000000000000000000000000000000000000000000000000000000000000000000000000000000000000000000000000000000000000000000000000000000000000000000000000000000000000000000000000000000000000000000000000000000000000000000000e+10 5.675966025528988355437811101500712304489210200538549640075938958647707874250030165740607489501907814306574306292671777436861699352264495703386894349071112213851475209485384264382213043080993743415455643849792011838777453836646586378920939475171557871556861090720823149138531313535974029841800000000000e+00
9.414317882700000000000000000000000000000000000000000000000000000000000000000000000000000000000000000000000000000000000000000000000000000000000000000000000000000000000000000000000000000000000000000000000000000000000000000000000000000000000000000000000000000000000000000000000000000000000000000000000000e+10 6.208839409089436837299574386050953989555954442756845386199498481404544867916940432089876128819451580441093191637665680804702508780462282922386100447575092359297192099020263986579321886130778720510422818113048542008440154533503652535629866041143744361691497749292205539979532913746114595781200000000000e+00
2.824295364810000000000000000000000000000000000000000000000000000000000000000000000000000000000000000000000000000000000000000000000000000000000000000000000000000000000000000000000000000000000000000000000000000000000000000000000000000000000000000000000000000000000000000000000000000000000000000000000000e+11 5.584783345528184394423682926516359003305556909767319468378850762984162210623488072513187159486803817098698975051762325725252122909509984467629203604843619995950237838398428830483643325253933000064720382150892900257540921394359662607045175056856310510452056999712365273372112313845055316221200000000000e+00
8.472886094430000000000000000000000000000000000000000000000000000000000000000000000000000000000000000000000000000000000000000000000000000000000000000000000000000000000000000000000000000000000000000000000000000000000000000000000000000000000000000000000000000000000000000000000000000000000000000000000000e+11 6.184130301450872919206029627039607322108434845180856831092751458183720981919080967309345055351169511083835275383140454266072332442561981997651672995186511028273742718254243708077033619767133344084361058347479017387452737897663377241374130032733333861990379385071244874452742397269240652415900000000000e+00
2.541865828329000000000000000000000000000000000000000000000000000000000000000000000000000000000000000000000000000000000000000000000000000000000000000000000000000000000000000000000000000000000000000000000000000000000000000000000000000000000000000000000000000000000000000000000000000000000000000000000000e+12 5.497973602296962435258840364244073094311066138731703833076443663842221517702215694099377964790946892056182482574256567659831499056164085754002464321982618403567915622368129632213189529253048501124731771710505501675671506660173633577658430119545364200625898231582020116653937607337268873211300000000000e+00
7.625597484987000000000000000000000000000000000000000000000000000000000000000000000000000000000000000000000000000000000000000000000000000000000000000000000000000000000000000000000000000000000000000000000000000000000000000000000000000000000000000000000000000000000000000000000000000000000000000000000000e+12 6.153960074620214397766431343935630926198198903265831401205601805203428728827925625770717243100593624267542763073532148854314147459314510823779582895642387726565115412975275662836482555615033055010767060961284803358066194659795932527579447749638451907959636286870863953663008742072145803289600000000000e+00
2.287679245496100000000000000000000000000000000000000000000000000000000000000000000000000000000000000000000000000000000000000000000000000000000000000000000000000000000000000000000000000000000000000000000000000000000000000000000000000000000000000000000000000000000000000000000000000000000000000000000000e+13 6.545561955452028376948672062012822500170397654021560019074852192569410565416778119759582246173119904470941966028009332620531434235461716708471271919459026912390645453735679955571415373526222389434988141673796165213466309536003037060155392791119803504108675561558530463026031944497788255899500000000000e+00
6.863037736488300000000000000000000000000000000000000000000000000000000000000000000000000000000000000000000000000000000000000000000000000000000000000000000000000000000000000000000000000000000000000000000000000000000000000000000000000000000000000000000000000000000000000000000000000000000000000000000000e+13 6.043416452191364782240037850885503935523347277198009993128952241639333047626488897727129499966766060130940584251361977022415392240373623473599925179668957244543283080425796201698256044406381748634778031914834412479320226368816721781128057741471954838818374343493347167606600623232578085488100000000000e+00
2.058911320946490000000000000000000000000000000000000000000000000000000000000000000000000000000000000000000000000000000000000000000000000000000000000000000000000000000000000000000000000000000000000000000000000000000000000000000000000000000000000000000000000000000000000000000000000000000000000000000000e+14 6.630853230778817287941958397443217253287662959739957859956387281951123304817047016165933338227236033230790737017414652269371433886084517078924337154961087166238902594203712997713020236686030609134705857304402366298118596295498379683633338863018257664553683850462222258701865066871528378573500000000000e+00
6.176733962839470000000000000000000000000000000000000000000000000000000000000000000000000000000000000000000000000000000000000000000000000000000000000000000000000000000000000000000000000000000000000000000000000000000000000000000000000000000000000000000000000000000000000000000000000000000000000000000000e+14 6.729567082717939947225985191602551831748762567125949511799117857398277431068662903776886954246925461063357768543998824794733219716668566072279443300810337116203016174518381526371363951492315383974561523764552017475427842619024557783107547149674432646906095436880763907397600952399921840795400000000000e+00
1.853020188851841000000000000000000000000000000000000000000000000000000000000000000000000000000000000000000000000000000000000000000000000000000000000000000000000000000000000000000000000000000000000000000000000000000000000000000000000000000000000000000000000000000000000000000000000000000000000000000000e+15 6.674364306587393408164483605437361243980110522351164350425155231035478038475207170020935959706266496520305756847265474612280799206779606597382152377257520370111379302802140838719923554307234321608699804429185365700701027146813813768249754477208736507109200522538388569784727600157385244839200000000000e+00
5.559060566555523000000000000000000000000000000000000000000000000000000000000000000000000000000000000000000000000000000000000000000000000000000000000000000000000000000000000000000000000000000000000000000000000000000000000000000000000000000000000000000000000000000000000000000000000000000000000000000000e+15 6.599396145054483537096785942434064027369552091428058335543753014775876305983480739019742227759224964831572325369626382739469481786140961782286792182690974621901353623553717845984505214766593420362576527707966382963409101850025115635107179730515609705661905112412647240912185041097891817103300000000000e+00
