1.000000000000000000000000000000000000000000000000000000000000000000000000000000000000000000000000000000000000000000000000000000000000000000000000000000000000000000000000000000000000000000000000000000000000000000000000000000000000000000000000000000000000000000000000000000000000000000000000000000000000e+00 6.944523286885992303820435761720759689794910744725987703913690524114268417512613210686782039549402227488107510357107614146855124326610191526029924043074515251505045523605172618388679704642291583190336915599219836197644401734502762207286004685580846446378040508540488128349307225605956792074600000000000e-04
3.000000000000000000000000000000000000000000000000000000000000000000000000000000000000000000000000000000000000000000000000000000000000000000000000000000000000000000000000000000000000000000000000000000000000000000000000000000000000000000000000000000000000000000000000000000000000000000000000000000000000e+00 3.739142528089880482930792284830017251197056340022873282921470657864932675462629459684099959451136792569186379681466787242540666426083239778881663096276018564367578955719547940069829839652320835966598173149699149764205413799056654282930639939153502314161151727413098752062723813872435945898000000000000e-03
9.000000000000000000000000000000000000000000000000000000000000000000000000000000000000000000000000000000000000000000000000000000000000000000000000000000000000000000000000000000000000000000000000000000000000000000000000000000000000000000000000000000000000000000000000000000000000000000000000000000000000e+00 3.364425185922231563482096790747424698666096327474059217470168672569638976192941582958007692579972218870902810105851839692638664515932858409022682794282649164040113981800574251311349806489649984584255101125403846718983883824243968171991218218085224542738536779167656228287035710086252228306400000000000e-03
2.700000000000000000000000000000000000000000000000000000000000000000000000000000000000000000000000000000000000000000000000000000000000000000000000000000000000000000000000000000000000000000000000000000000000000000000000000000000000000000000000000000000000000000000000000000000000000000000000000000000000e+01 3.057972863261681340326329268700265594312925958703125666884489135926647212514786685089666481388026531985800351043361359450210843350631297534394270012967035349791455447383768832957378169487068843297969247754650617868427678421995613794274404911164859130573985750959370090100751461483060607226600000000000e-03
8.100000000000000000000000000000000000000000000000000000000000000000000000000000000000000000000000000000000000000000000000000000000000000000000000000000000000000000000000000000000000000000000000000000000000000000000000000000000000000000000000000000000000000000000000000000000000000000000000000000000000e+01 2.888380432649057304517442139490614168468801578186363235738560561886784922354685160392879840126304330813485297144619993635869810631750204365771725214919091615539818726042146677812749108720283112799573952176060782451277733423122595162120619226284658422206164034839538915643312904473160380182700000000000e-03
2.430000000000000000000000000000000000000000000000000000000000000000000000000000000000000000000000000000000000000000000000000000000000000000000000000000000000000000000000000000000000000000000000000000000000000000000000000000000000000000000000000000000000000000000000000000000000000000000000000000000000e+02 3.211743895380462853762671829432136686933606236818936998435345609499938362411148096794108897540557223000967083752726431603529851269952405113819631708361132583807442806303318330143906668252838103965582078900956934965137412367439576436625854956374194773015678540158854741255666217560195631851600000000000e-03
7.290000000000000000000000000000000000000000000000000000000000000000000000000000000000000000000000000000000000000000000000000000000000000000000000000000000000000000000000000000000000000000000000000000000000000000000000000000000000000000000000000000000000000000000000000000000000000000000000000000000000e+02 4.217382134950255726031694812410699947530198788661973873428462516163831690283827380217376260722798423246892802556861595231166494427170760704784655912128469259639186270896319316827395061656419926745565723005972755919775279028944929871523696813284901806865638111241541809090388691637673068903600000000000e-03
2.187000000000000000000000000000000000000000000000000000000000000000000000000000000000000000000000000000000000000000000000000000000000000000000000000000000000000000000000000000000000000000000000000000000000000000000000000000000000000000000000000000000000000000000000000000000000000000000000000000000000e+03 3.276043282010046632425212734801268105764369284893708867819689918382309873389825002242315385925645132529384300476019000603666691241371633477097846944776372579445442812642792829143743295360890467493021261149545837606111490447462702292261376748377661401226873392702691154322660408966795412521900000000000e-03
6.561000000000000000000000000000000000000000000000000000000000000000000000000000000000000000000000000000000000000000000000000000000000000000000000000000000000000000000000000000000000000000000000000000000000000000000000000000000000000000000000000000000000000000000000000000000000000000000000000000000000e+03 1.248668056983464408112283807085257936961532607793509566860681816911867611753866034571476226756066359538012710724766350037866235856588544784313116085545286041079432774830281209647886418015285496954179901017210663270768006530331251065306130826833634854583608863638447867647770794099626766271500000000000e-02
1.968300000000000000000000000000000000000000000000000000000000000000000000000000000000000000000000000000000000000000000000000000000000000000000000000000000000000000000000000000000000000000000000000000000000000000000000000000000000000000000000000000000000000000000000000000000000000000000000000000000000e+04 4.389110692979448839879418759557612881103225845466402699227502935206008090155341599926198060579412187855677523495750420210422049159962705949316357078520582664670864793039756643521248345960786593219258255457594336405070122668457682088771943478350629006643389127038163170338519306334454864599800000000000e-02
5.904900000000000000000000000000000000000000000000000000000000000000000000000000000000000000000000000000000000000000000000000000000000000000000000000000000000000000000000000000000000000000000000000000000000000000000000000000000000000000000000000000000000000000000000000000000000000000000000000000000000e+04 1.736399310451810270391507819086822299102767899166378463951012436477600216333946066147865553538513836433379727333671170403129827496899675435076492657915103944382902709992757266545138959836183341006676878791358540322512414375140143090605663576270564420573479433620523646996370854550797939291500000000000e-02
1.771470000000000000000000000000000000000000000000000000000000000000000000000000000000000000000000000000000000000000000000000000000000000000000000000000000000000000000000000000000000000000000000000000000000000000000000000000000000000000000000000000000000000000000000000000000000000000000000000000000000e+05 1.028470186407847155929334577951030166548411398643405579015093843564189721091387185657417752553019213584194271829275775548299693560524686794709387208997609091412467165465478065999828731296283712454064075152141487576303897723177137491642016416137828667422428446338775458473854439443055781639400000000000e-01
5.314410000000000000000000000000000000000000000000000000000000000000000000000000000000000000000000000000000000000000000000000000000000000000000000000000000000000000000000000000000000000000000000000000000000000000000000000000000000000000000000000000000000000000000000000000000000000000000000000000000000e+05 3.862731508956016661957229031180564703817237693596836353149488935039589460519736692212459647062406614140420247068371949104957706567055969753209543368674827937592761223307247079163965777721754668981046582661822426054416035709772679874301492765395279161128873055488948182763368138129086508965300000000000e-02
1.594323000000000000000000000000000000000000000000000000000000000000000000000000000000000000000000000000000000000000000000000000000000000000000000000000000000000000000000000000000000000000000000000000000000000000000000000000000000000000000000000000000000000000000000000000000000000000000000000000000000e+06 6.385869495821512654970435969385022039655255355918349364807892689422565699532552851152910008205564110548380400218209718047767765161963185183187741615049402687186281319174325075204456226245349053560751162151243397017632048380942791085166493055016186087548637729740121002847910898357351374248900000000000e-02
4.782969000000000000000000000000000000000000000000000000000000000000000000000000000000000000000000000000000000000000000000000000000000000000000000000000000000000000000000000000000000000000000000000000000000000000000000000000000000000000000000000000000000000000000000000000000000000000000000000000000000e+06 5.428286457599154275029265824854818541368893282027726640299293340486169137247874058088228496514260838211658521366098867107001173421947434527616989341460289419449513992262791986450197036545101233068634884943093030910645828932233338676712930137427987089862327438434812038699249903630382472666900000000000e-02
1.434890700000000000000000000000000000000000000000000000000000000000000000000000000000000000000000000000000000000000000000000000000000000000000000000000000000000000000000000000000000000000000000000000000000000000000000000000000000000000000000000000000000000000000000000000000000000000000000000000000000e+07 2.374272297309492306425873223729155646425014661092706969628870868091577617978341162733039684541676990459816392529803631824962636475150287060389837563683942722402276711772984248180697298029065645843142441466162157417088303985223944045961808417411989968202198057159204667018258818509923159669900000000000e-02
4.304672100000000000000000000000000000000000000000000000000000000000000000000000000000000000000000000000000000000000000000000000000000000000000000000000000000000000000000000000000000000000000000000000000000000000000000000000000000000000000000000000000000000000000000000000000000000000000000000000000000e+07 2.546578772796358276607005072701300910944098475659849043262715429165860675338981486042322216778414729388651110621610553522289201378025143684963389142538973659379297385438587557700790793203305329584043140192473078650283708302410357188579298062268490525535698134746864740403343583970539609463000000000000e-02
1.291401630000000000000000000000000000000000000000000000000000000000000000000000000000000000000000000000000000000000000000000000000000000000000000000000000000000000000000000000000000000000000000000000000000000000000000000000000000000000000000000000000000000000000000000000000000000000000000000000000000e+08 3.898667783162342116829083574721538746968531821636568960426067961364389805211762869353742765003929402471957741197881022646877695792623336796316687513995189549137293343500864996965068468448563543830453467452178414518131999765053339197132712335400040698341314647119091170597719489249050588309600000000000e-02
3.874204890000000000000000000000000000000000000000000000000000000000000000000000000000000000000000000000000000000000000000000000000000000000000000000000000000000000000000000000000000000000000000000000000000000000000000000000000000000000000000000000000000000000000000000000000000000000000000000000000000e+08 3.545033144907404086220851467713222983733372492748635599566975853988979050924149745612328136390508400629950176202488484033754176792809044386163248356013126671167002670931198025584377990369621603786168985620378221558327542163542561097751141770379332548374164681933521421714454115098309576858900000000000e-02
1.162261467000000000000000000000000000000000000000000000000000000000000000000000000000000000000000000000000000000000000000000000000000000000000000000000000000000000000000000000000000000000000000000000000000000000000000000000000000000000000000000000000000000000000000000000000000000000000000000000000000e+09 3.437539162453224997677409580718757424616195416095585691825269673443736917001899699709990464621055785847078734205384616439926147600117558955364328108967478639090158108495138288345530640320509325987695891279509074664684606624446665054000380226046058387594732448010843917519488178274210784201500000000000e-02
3.486784401000000000000000000000000000000000000000000000000000000000000000000000000000000000000000000000000000000000000000000000000000000000000000000000000000000000000000000000000000000000000000000000000000000000000000000000000000000000000000000000000000000000000000000000000000000000000000000000000000e+09 3.167750916444043818108817279619304726149161338563946696952735506434560487630490240625218028731531176739206816778248307155641123615636544729508990628682284988914114166045298789007131280947832676306010529191813264368099508757090557381208395652400870394345497949887376420496916909993514850133200000000000e-02
1.046035320300000000000000000000000000000000000000000000000000000000000000000000000000000000000000000000000000000000000000000000000000000000000000000000000000000000000000000000000000000000000000000000000000000000000000000000000000000000000000000000000000000000000000000000000000000000000000000000000000e+10 4.174076126110699473939710828995381628541671461139184031173404374275541404195723088705608307524155866942072422328094424741936790540098014152668009895174344637354235368133047658294739533478600548066061280443529133904408496821463677443335245740703038943083777787295603276349372259144779705126500000000000e-02
3.138105960900000000000000000000000000000000000000000000000000000000000000000000000000000000000000000000000000000000000000000000000000000000000000000000000000000000000000000000000000000000000000000000000000000000000000000000000000000000000000000000000000000000000000000000000000000000000000000000000000e+10 3.954771005190613341834395050722451209483439121801459280904570829286832491056640530075715644206060864921344398726547987197836278309454622067412579619113192817778915380119578885937699022332577041519756286413372414587201717982435267821443425204452247245198010018782935123737580620014992815822100000000000e-02
9.414317882700000000000000000000000000000000000000000000000000000000000000000000000000000000000000000000000000000000000000000000000000000000000000000000000000000000000000000000000000000000000000000000000000000000000000000000000000000000000000000000000000000000000000000000000000000000000000000000000000e+10 3.326413531017535878679080776634180783677467772061617929198437846706181844670658793422486656059118299041321105042804386185180535208634099982900542179348179722271474446453979811510501238504429332881676438628556517374884188991295239976413283129486325363529486923531032802197492103447428085858300000000000e-02
2.824295364810000000000000000000000000000000000000000000000000000000000000000000000000000000000000000000000000000000000000000000000000000000000000000000000000000000000000000000000000000000000000000000000000000000000000000000000000000000000000000000000000000000000000000000000000000000000000000000000000e+11 9.111244687780457755633975447465863421669623470432347030154578239346555377613204882908780675246915684119639224195070188099692432724970802065601497514468071914298449974355156405194696392394468775964692212016711327964249851440126150162413126885865919180025681859929515225195002221635919306964900000000000e-03
8.472886094430000000000000000000000000000000000000000000000000000000000000000000000000000000000000000000000000000000000000000000000000000000000000000000000000000000000000000000000000000000000000000000000000000000000000000000000000000000000000000000000000000000000000000000000000000000000000000000000000e+11 5.943562319644260113159692988180655081586842540221895077343067927622951478279371929547350262846142764164809289444247877821589090176957699215146984489442581621986649955233112498413189029503793065965583437420076112213977593474028231206388876846628051269585718718311393332102755109170821610022300000000000e-02
2.541865828329000000000000000000000000000000000000000000000000000000000000000000000000000000000000000000000000000000000000000000000000000000000000000000000000000000000000000000000000000000000000000000000000000000000000000000000000000000000000000000000000000000000000000000000000000000000000000000000000e+12 1.940610961376640720270239141932927598548554303200121040118129774714433765061981719050198983167979212160939961249210092939897966577644402479122829087659503855987574002986136652746914477016102795919733826579821755685336942838823488270170790260450343278824168516410293642505305601318143902223900000000000e-02
7.625597484987000000000000000000000000000000000000000000000000000000000000000000000000000000000000000000000000000000000000000000000000000000000000000000000000000000000000000000000000000000000000000000000000000000000000000000000000000000000000000000000000000000000000000000000000000000000000000000000000e+12 1.719696137999259650729784721157037590543388107351786083110364385234828001480057049751004015761703734348209798987567547013544955833870717668412062873978446908675110631381108529434071545438783741938971878291347885348919361416898233602606680206479274197440666776679530587961309637753289185766200000000000e-02
2.287679245496100000000000000000000000000000000000000000000000000000000000000000000000000000000000000000000000000000000000000000000000000000000000000000000000000000000000000000000000000000000000000000000000000000000000000000000000000000000000000000000000000000000000000000000000000000000000000000000000e+13 2.764345969902475754614639708775409592212168254565685170894379015521245864429560628138879351908072044769854847691537799316076605144277948024218567366888222867212259443853540110595286012701651637208969672140363860689852802600365916574941632412175159739804701140405557344451073756894117774543300000000000e-02
6.863037736488300000000000000000000000000000000000000000000000000000000000000000000000000000000000000000000000000000000000000000000000000000000000000000000000000000000000000000000000000000000000000000000000000000000000000000000000000000000000000000000000000000000000000000000000000000000000000000000000e+13 8.599384274152116580770789529667182051708699056421788516133426150704645508952956767245737990061345582919753468176942865558272047816581478135247658862723385444938289509608241960258625331469939744134890585189352804341262975884483279575288141962919945267940479966942591403736181295320170615182600000000000e-03
2.058911320946490000000000000000000000000000000000000000000000000000000000000000000000000000000000000000000000000000000000000000000000000000000000000000000000000000000000000000000000000000000000000000000000000000000000000000000000000000000000000000000000000000000000000000000000000000000000000000000000e+14 1.729567946534433547273430305525947084751031570976666739881770697639698150289889847537253673365553798189982872638262235963708492879736469370286073618051623641805390154453069055513878444447922106812010349314091799168958974310230115625208407181954166980328778022854536222482057349442907140140100000000000e-02
6.176733962839470000000000000000000000000000000000000000000000000000000000000000000000000000000000000000000000000000000000000000000000000000000000000000000000000000000000000000000000000000000000000000000000000000000000000000000000000000000000000000000000000000000000000000000000000000000000000000000000e+14 8.241945656523427150488185912351219300895558325119397775144827366021319650777745844310222962931379208766328289519924911958556646371854555135480576623502738965285913936668096161921261034390365917450702117063836369559222607513955910005532639101732622134153718350080059407845362062767036415775700000000000e-03
1.853020188851841000000000000000000000000000000000000000000000000000000000000000000000000000000000000000000000000000000000000000000000000000000000000000000000000000000000000000000000000000000000000000000000000000000000000000000000000000000000000000000000000000000000000000000000000000000000000000000000e+15 1.349483975315055799671584450873742737190276325325446505250803480562293712926697157306756769555742039353810353680927989857402438303562525178779195952282330121000860492824333600822473736289317013449588477099818138329141920758601957231104817027804940391200396195257924895775269307236333447836700000000000e-02
5.559060566555523000000000000000000000000000000000000000000000000000000000000000000000000000000000000000000000000000000000000000000000000000000000000000000000000000000000000000000000000000000000000000000000000000000000000000000000000000000000000000000000000000000000000000000000000000000000000000000000e+15 1.961158600415322467796586893957184578215895007042755621975844934082639537393724300176540415910944871504382651119954645424664545216000824047188376604037765119795750340259810390242716808441463027766961955191352714760468211812419328055312636033545166473684907766528494593753335423448445194466000000000000e-02
