1.000000000000000000000000000000000000000000000000000000000000000000000000000000000000000000000000000000000000000000000000000000000000000000000000000000000000000000000000000000000000000000000000000000000000000000000000000000000000000000000000000000000000000000000000000000000000000000000000000000000000e+01 1.293158383546759113381798821139661924396023104341452494499081893130863620764052735583753998700864929175660808429493153788210253430091320457466023671395441210656759340693944383930359559099038596205145045644968126390805794497328901059742772073416464490204826862314890195163132118493973888710600000000000e-02
3.000000000000000000000000000000000000000000000000000000000000000000000000000000000000000000000000000000000000000000000000000000000000000000000000000000000000000000000000000000000000000000000000000000000000000000000000000000000000000000000000000000000000000000000000000000000000000000000000000000000000e+01 1.101614647028254732349238726367218477633139504231237243246278134768843033301788798111557280999539388957097445977522205937503897825779072102414227249878320455403194760310382311389671109704247544028677588439479175019274336418243849703174668484909503651651592731226004591531295332931512298168100000000000e-02
9.000000000000000000000000000000000000000000000000000000000000000000000000000000000000000000000000000000000000000000000000000000000000000000000000000000000000000000000000000000000000000000000000000000000000000000000000000000000000000000000000000000000000000000000000000000000000000000000000000000000000e+01 1.755949886523013138369883327666692046170027981816237452486170879952535031819314500048647805256519821901345051182790826751407439894003568074750072839285938758907578039278398424895803051070576048233488848829606125052581108284030896285385037434700640234546426508128581020862536964603637826821000000000000e-02
2.700000000000000000000000000000000000000000000000000000000000000000000000000000000000000000000000000000000000000000000000000000000000000000000000000000000000000000000000000000000000000000000000000000000000000000000000000000000000000000000000000000000000000000000000000000000000000000000000000000000000e+02 1.119353167079263609646906775575051962628024354782614573417156889957041738163656461463700332007934602274091804351675097244261779682522799829727315501417178765258254640697726711728887822015360125460501586282898019861465474375726261498430721786951943897777361698835792138525719562374673181369100000000000e-01
8.100000000000000000000000000000000000000000000000000000000000000000000000000000000000000000000000000000000000000000000000000000000000000000000000000000000000000000000000000000000000000000000000000000000000000000000000000000000000000000000000000000000000000000000000000000000000000000000000000000000000e+02 1.142009475343768277356859105631170006772887402664046680556738658782102973148386477948850835964567658117659254193606812610324424383627563420144398845756046101518816216908069456887893448635556443202497869449110708222164366683080012213321484117911113471107600322807183496646557845134780693231700000000000e-01
2.430000000000000000000000000000000000000000000000000000000000000000000000000000000000000000000000000000000000000000000000000000000000000000000000000000000000000000000000000000000000000000000000000000000000000000000000000000000000000000000000000000000000000000000000000000000000000000000000000000000000e+03 1.393652632744855382591789899002341718675452111963492927088058639392682897096828611431381494290640772008986143282099032788089452051141354371568355523232998725392960618510927666280473939680629663719937832321813453208031510852329759633178170596935055339264729540397809990694933167319759897849800000000000e-01
7.290000000000000000000000000000000000000000000000000000000000000000000000000000000000000000000000000000000000000000000000000000000000000000000000000000000000000000000000000000000000000000000000000000000000000000000000000000000000000000000000000000000000000000000000000000000000000000000000000000000000e+03 8.419649281691569225348999015811953306856947669153359966377579167663711354471997955021442746491567135351159268400248061062714622786455290813695780633758433473349995014252565301401117947542974065535946208219408181452978347904957976003240822557657089675782504551391568871287190399269534168342800000000000e-02
2.187000000000000000000000000000000000000000000000000000000000000000000000000000000000000000000000000000000000000000000000000000000000000000000000000000000000000000000000000000000000000000000000000000000000000000000000000000000000000000000000000000000000000000000000000000000000000000000000000000000000e+04 1.274227479145898965896329142860528052158049526182125067778901588916720223909382537986987392598941588136160575094614617214460914633246966668445372330245153386225341511675016774888156727449067136233210216130803540425551935338548825391698330262907840659317036018251127449628478660150265479229600000000000e-01
6.561000000000000000000000000000000000000000000000000000000000000000000000000000000000000000000000000000000000000000000000000000000000000000000000000000000000000000000000000000000000000000000000000000000000000000000000000000000000000000000000000000000000000000000000000000000000000000000000000000000000e+04 1.363352877811113133966405675740026128979809514270359172498343162514385964055480879996403249258525761667652419824924253143463517548284481864646063903683143046319439709614556306990140531826087783210362977054489117600239420255149245247550283623235343201033500620755960836117767199306479441221500000000000e-01
1.968300000000000000000000000000000000000000000000000000000000000000000000000000000000000000000000000000000000000000000000000000000000000000000000000000000000000000000000000000000000000000000000000000000000000000000000000000000000000000000000000000000000000000000000000000000000000000000000000000000000e+05 1.032049871566813458569344027555568177922252237371587079505194432308142276105023726080756397246200152627049034471147592063790333838152056076681473102615632511409388463497438679179532707159425360584844014439953707140798593615598647805550708888170440850317001255829197223913367227562382981093700000000000e-01
5.904900000000000000000000000000000000000000000000000000000000000000000000000000000000000000000000000000000000000000000000000000000000000000000000000000000000000000000000000000000000000000000000000000000000000000000000000000000000000000000000000000000000000000000000000000000000000000000000000000000000e+05 1.493771303774440468737718700403617205659675765557647668033441285678829522749774807752446715395975022493174517955901920775969174303933839701420480331390130275278072818359342785516127618613544756455332332694436794327609555179456191708718306976389135229686399862913372507562489927820041503767900000000000e-01
1.771470000000000000000000000000000000000000000000000000000000000000000000000000000000000000000000000000000000000000000000000000000000000000000000000000000000000000000000000000000000000000000000000000000000000000000000000000000000000000000000000000000000000000000000000000000000000000000000000000000000e+06 6.275875024946900412352146433623248739941755756732284405148230076075243983840415905147517992401662963627614084618573757848279673937505225991361324337383596002862161185404044173497752786829974538429804300633178171926408254742210193379861740013247330225370481733916602353817084296700725406554800000000000e-01
5.314410000000000000000000000000000000000000000000000000000000000000000000000000000000000000000000000000000000000000000000000000000000000000000000000000000000000000000000000000000000000000000000000000000000000000000000000000000000000000000000000000000000000000000000000000000000000000000000000000000000e+06 5.078169283837651449201302761223394583637962561015450258733219557751097921874060655732219802409998642382404428081132578888840927473087455038503035924875043465204524682845973634966934647340391563127115737311436810091730173164165854919206301569610479527867275901004259652086738049576091948572800000000000e-01
1.594323000000000000000000000000000000000000000000000000000000000000000000000000000000000000000000000000000000000000000000000000000000000000000000000000000000000000000000000000000000000000000000000000000000000000000000000000000000000000000000000000000000000000000000000000000000000000000000000000000000e+07 5.591623186940650989305188680927584349942891401602387870284138582929243478992437943234351123410349941540007655126291586852687609506871121643763928220223118537107528403591392649224312462952646145181369884157745103689944418055368579573141216895678230032094321839573550611758439120083461286121100000000000e-01
4.782969000000000000000000000000000000000000000000000000000000000000000000000000000000000000000000000000000000000000000000000000000000000000000000000000000000000000000000000000000000000000000000000000000000000000000000000000000000000000000000000000000000000000000000000000000000000000000000000000000000e+07 5.158875770306995908978925068113602556670708960915060758692024632656375194985110484330952212602313569669219004641864975454592971850509231554012697775244020937387271223589290592568137911029772788476429399473727502111736828765523962704212423997325465053929111162753451210538233545235557014804400000000000e-01
1.434890700000000000000000000000000000000000000000000000000000000000000000000000000000000000000000000000000000000000000000000000000000000000000000000000000000000000000000000000000000000000000000000000000000000000000000000000000000000000000000000000000000000000000000000000000000000000000000000000000000e+08 1.507239868495456074742889686334699177817731033242218908578021414030497182946003076186306814203232255043120707376247354208059195910099893640158051234334788206280277839695673779062101677385450240183008507356854411487218912671413920495660095580492203377325044036392713264810502958778667596946500000000000e-01
4.304672100000000000000000000000000000000000000000000000000000000000000000000000000000000000000000000000000000000000000000000000000000000000000000000000000000000000000000000000000000000000000000000000000000000000000000000000000000000000000000000000000000000000000000000000000000000000000000000000000000e+08 2.432310119283629849083183129973406879412147932337199765727717005809679138323543847355190239591794158310132538085226416561000741101123666421666257375610556308830810087385785645659583202783795501915178953003347996390293869269764804538783137173113950351088128129957481856513230392560261694906600000000000e+00
1.291401630000000000000000000000000000000000000000000000000000000000000000000000000000000000000000000000000000000000000000000000000000000000000000000000000000000000000000000000000000000000000000000000000000000000000000000000000000000000000000000000000000000000000000000000000000000000000000000000000000e+09 3.341335479990479455295957421100178370174585357615246789906985008636563846136824241104893168460696729654930465806097958437695629241014389866818192053465496504267411648369593346439442563827624175997940399810831099752169226377791061797728590298832728625580406258591269657533051448500584919794800000000000e-01
3.874204890000000000000000000000000000000000000000000000000000000000000000000000000000000000000000000000000000000000000000000000000000000000000000000000000000000000000000000000000000000000000000000000000000000000000000000000000000000000000000000000000000000000000000000000000000000000000000000000000000e+09 4.853213431300531429306550761183046105428601692245520515365662102588171021740290593945625921252464978587044789365153514617466734067804662479117362339088141341643594861932388443149761324372216707729611061427083504957100651615758250004252146198578058888379253703610262218817331309536808041277300000000000e-01
1.162261467000000000000000000000000000000000000000000000000000000000000000000000000000000000000000000000000000000000000000000000000000000000000000000000000000000000000000000000000000000000000000000000000000000000000000000000000000000000000000000000000000000000000000000000000000000000000000000000000000e+10 9.710954392764383811083836873174245658018491633046025365339792059155413755337237739406187122156154729484587276348182996459373234085581980867030661530142263520945928080153165693479108415193012958647623458920722164442321727198144888882283131003565016730115505730408693291392984863430159941088200000000000e-01
3.486784401000000000000000000000000000000000000000000000000000000000000000000000000000000000000000000000000000000000000000000000000000000000000000000000000000000000000000000000000000000000000000000000000000000000000000000000000000000000000000000000000000000000000000000000000000000000000000000000000000e+10 2.553729185218697508087723992795814316812764421381620594159035724309176365215393427343149393657851439756833473074954196244540891868447457625741011971277674083070469530501731516198429056555060293839364633173841759390577440929207847616676217003671665479734633360556151885343446964921982630620700000000000e-01
1.046035320300000000000000000000000000000000000000000000000000000000000000000000000000000000000000000000000000000000000000000000000000000000000000000000000000000000000000000000000000000000000000000000000000000000000000000000000000000000000000000000000000000000000000000000000000000000000000000000000000e+11 6.927635649460284621819810867270361854010882137590943193822516672700029565667417148712441467941621300750828110083240525874847783975635077064881095280340112348612525004615224288860836130328758214271967063375387714947883275970786908101073700874317322714417848132415964904252631920633429997458000000000000e-01
3.138105960900000000000000000000000000000000000000000000000000000000000000000000000000000000000000000000000000000000000000000000000000000000000000000000000000000000000000000000000000000000000000000000000000000000000000000000000000000000000000000000000000000000000000000000000000000000000000000000000000e+11 7.513906455084869295295532983295158872213326214975960405695054375026267401355969472991486109599980716848248418995615613840812443221768260967948793358638725082151510358231131626281597871183129473908505687644872605804132261855549490541731950840000278741191461985601268511734322198456794560912600000000000e-02
9.414317882700000000000000000000000000000000000000000000000000000000000000000000000000000000000000000000000000000000000000000000000000000000000000000000000000000000000000000000000000000000000000000000000000000000000000000000000000000000000000000000000000000000000000000000000000000000000000000000000000e+11 8.449222194559987962794290378242821506561386422484928242018568035494013120386587970404602454982609945387318312220223144790364116344300459736503252125612802494355484149902743133986867485831767869987817389678937843471781762034590442688143260281855663255528001537254084991352811138461584060348300000000000e-01
2.824295364810000000000000000000000000000000000000000000000000000000000000000000000000000000000000000000000000000000000000000000000000000000000000000000000000000000000000000000000000000000000000000000000000000000000000000000000000000000000000000000000000000000000000000000000000000000000000000000000000e+12 3.246198833663595742324478187688973182807563534377026937078004849266519352726847825437512979346966576194367663710848593055141510205170758762465117590959474305421152516657304453120312147812764468391587727624120891434122953307655190561831280663411631483503379221209585283194859536867379410967200000000000e-01
8.472886094430000000000000000000000000000000000000000000000000000000000000000000000000000000000000000000000000000000000000000000000000000000000000000000000000000000000000000000000000000000000000000000000000000000000000000000000000000000000000000000000000000000000000000000000000000000000000000000000000e+12 1.428551423248087905148892839608306023348976036342566798950860152337050185987638354494043840012605592577968902644937783477348719968922582593474124505658808559479295782363007847064223664604050028784438510262222376638059650314497802098554459855254842497940069520618634385477923163989213985334900000000000e-01
2.541865828329000000000000000000000000000000000000000000000000000000000000000000000000000000000000000000000000000000000000000000000000000000000000000000000000000000000000000000000000000000000000000000000000000000000000000000000000000000000000000000000000000000000000000000000000000000000000000000000000e+13 3.381416219671216881752959909763090021892906268181366308188641597495331312066181682576464539915327404129855827137591713942636508613619118456031784406673233489976260615240346871047542433012384667503127867133681544027005488854593102174979920105990023264972482049538201532776697079902636673636200000000000e-01
7.625597484987000000000000000000000000000000000000000000000000000000000000000000000000000000000000000000000000000000000000000000000000000000000000000000000000000000000000000000000000000000000000000000000000000000000000000000000000000000000000000000000000000000000000000000000000000000000000000000000000e+13 6.173643832413439068229017300068952466088752115839207455563146662018966696767715702365221547438480621160723743273597463256999681421064830967330114945471112681456019771268260082915763945678799920023391940100817079989339940554157787646727499738789768015237238049226194561553648185124742337062600000000000e-02
2.287679245496100000000000000000000000000000000000000000000000000000000000000000000000000000000000000000000000000000000000000000000000000000000000000000000000000000000000000000000000000000000000000000000000000000000000000000000000000000000000000000000000000000000000000000000000000000000000000000000000e+14 2.699001892262640700715424485136300575612596360773752065727286719577473825161139916451382467288800942086499623425907101087527204713480046250736115728094161063976596031403203497636627317798905291492274705399327778417111963715531045199307739340740340061862170935401435723701899144742018629574400000000000e-01
6.863037736488300000000000000000000000000000000000000000000000000000000000000000000000000000000000000000000000000000000000000000000000000000000000000000000000000000000000000000000000000000000000000000000000000000000000000000000000000000000000000000000000000000000000000000000000000000000000000000000000e+14 4.279278712542076134410524469237895780048576546810977534191815940258172055463469397471486989871963046159448114329881417422948984905992909932023963967007943256639491067433667927248758039074293033767722474395147768880898059834480333631907394392059323646943363686051173502435294220405170265647800000000000e-01
2.058911320946490000000000000000000000000000000000000000000000000000000000000000000000000000000000000000000000000000000000000000000000000000000000000000000000000000000000000000000000000000000000000000000000000000000000000000000000000000000000000000000000000000000000000000000000000000000000000000000000e+15 3.196991932595856773642407787633631037346235085658760103179307228390584326772146918382117115702480333614568281708851122473449277604972951350837795098701890920157649596362612092760154101301868832715343546382466858238981158588897949132295274091030071875944272341966579167867679084191265018019800000000000e+00
6.176733962839470000000000000000000000000000000000000000000000000000000000000000000000000000000000000000000000000000000000000000000000000000000000000000000000000000000000000000000000000000000000000000000000000000000000000000000000000000000000000000000000000000000000000000000000000000000000000000000000e+15 3.256326729697893664414524089847813654538308726678847779466356225245939334637804022177529769126199596217346233343048632375528972492907676202936105831473179642848706819803897810588150949802751285872258163533094045996933761008115419068142063600527262027967226807638694522918726247320620681290800000000000e-01
