1.000000000000000000000000000000000000000000000000000000000000000000000000000000000000000000000000000000000000000000000000000000000000000000000000000000000000000000000000000000000000000000000000000000000000000000000000000000000000000000000000000000000000000000000000000000000000000000000000000000000000e+01 4.195697580553425670640283878586829418709767483344828208467255921388653659647627598610901043474579611517427967597540647270343513175265984266324884997073119583036901554002143268631808072024885435442833741394150841942640643370276158406934613858261999487167904512188533911666549737382611822182800000000000e-07
3.000000000000000000000000000000000000000000000000000000000000000000000000000000000000000000000000000000000000000000000000000000000000000000000000000000000000000000000000000000000000000000000000000000000000000000000000000000000000000000000000000000000000000000000000000000000000000000000000000000000000e+01 4.838164975684990838965557037402346963676921907649171132090829453458281892072700070079621135245447578427224279595736540795314475653422631173363175063783575198642644483026666445860280028790688493148502468464559546255355143700151739203770576526371182016595493139970787105309704837821789700222000000000000e-07
9.000000000000000000000000000000000000000000000000000000000000000000000000000000000000000000000000000000000000000000000000000000000000000000000000000000000000000000000000000000000000000000000000000000000000000000000000000000000000000000000000000000000000000000000000000000000000000000000000000000000000e+01 4.421558091047043669848780347516282060584522583211218415749214791595979952257369537734957652440114102932425924821167883255378052186791528102690370609702454230738000261752724749246495038853232036388871127281679311523689625474249190963533584847359537534222965942279881391758803529254096439415600000000000e-07
2.700000000000000000000000000000000000000000000000000000000000000000000000000000000000000000000000000000000000000000000000000000000000000000000000000000000000000000000000000000000000000000000000000000000000000000000000000000000000000000000000000000000000000000000000000000000000000000000000000000000000e+02 5.410204975182320784025647635522626862144086457647235110985764510646016621855880683754730643014709289600161114110168685326822591069364465826611171508985490769086915607769124190565305195088713292154006225388686644105765657744041025574109853835347394303730271304970121774938691431305640523926000000000000e-07
8.100000000000000000000000000000000000000000000000000000000000000000000000000000000000000000000000000000000000000000000000000000000000000000000000000000000000000000000000000000000000000000000000000000000000000000000000000000000000000000000000000000000000000000000000000000000000000000000000000000000000e+02 5.893208613722306070711629378470737196627962620089196833224085879925822504883776196908107671424207330039436748280807534017294212964031016564629974513104940286430876630537512027586344140646289764875620138221252943744467522239663897800973454807550298716691581130977194499346121459525104707408700000000000e-07
2.430000000000000000000000000000000000000000000000000000000000000000000000000000000000000000000000000000000000000000000000000000000000000000000000000000000000000000000000000000000000000000000000000000000000000000000000000000000000000000000000000000000000000000000000000000000000000000000000000000000000e+03 4.567943988960221647465515812535835485538820263275165484006624845951395864377184150731005897855520437288389978165936702217035660066239166397739477232523463307485145572262637908801236652458535829469726240424406134361610148833566674823007097584743772379949625615233961722932692727036905038938100000000000e-07
7.290000000000000000000000000000000000000000000000000000000000000000000000000000000000000000000000000000000000000000000000000000000000000000000000000000000000000000000000000000000000000000000000000000000000000000000000000000000000000000000000000000000000000000000000000000000000000000000000000000000000e+03 5.103292133901886081097369686524439919177915781441035313655339524764399647335030740443764999798202186996865864118959620822932280779321534076536716840524540947065945325947605843389015880224091657465391676364622216413208053488939645598790016176146586964382144793161377926717452275969456907948400000000000e-07
2.187000000000000000000000000000000000000000000000000000000000000000000000000000000000000000000000000000000000000000000000000000000000000000000000000000000000000000000000000000000000000000000000000000000000000000000000000000000000000000000000000000000000000000000000000000000000000000000000000000000000e+04 1.008691100811306877302326638645886480790062995281494474833541484915371800677005385933003022946767018104340221990921675420248110975920225016605009501641560240467700253016171225581580948974560944985571698895087407941161588483150803914180157480870394979054971277073299011514988003142885355730700000000000e-06
6.561000000000000000000000000000000000000000000000000000000000000000000000000000000000000000000000000000000000000000000000000000000000000000000000000000000000000000000000000000000000000000000000000000000000000000000000000000000000000000000000000000000000000000000000000000000000000000000000000000000000e+04 2.725095227670442021781030850480609376402544674347393240955313718765381307655446649378021878374009012053891988624937725843616634896746232325993830054489193170423384519471955940583593726562293782027810293019367167053639705218070601247656828046650873580325225674679328191644224956690487999644500000000000e-06
1.968300000000000000000000000000000000000000000000000000000000000000000000000000000000000000000000000000000000000000000000000000000000000000000000000000000000000000000000000000000000000000000000000000000000000000000000000000000000000000000000000000000000000000000000000000000000000000000000000000000000e+05 2.059102490499439697428919343080378428478086233148280341582718555843349844253791315804364932477512419021913546527213255418419304643057510303443839727303792588475952714179672248454181376408984031327977672374909421726576166691236095121060869461014120327231973155163682404429058273673900467593200000000000e-06
5.904900000000000000000000000000000000000000000000000000000000000000000000000000000000000000000000000000000000000000000000000000000000000000000000000000000000000000000000000000000000000000000000000000000000000000000000000000000000000000000000000000000000000000000000000000000000000000000000000000000000e+05 8.550974581313996472091182056303332858058227610607103891506035089990852954558677741184712451329394894941000655327998443211426134973537068890874296527848814406739979034042464178217768455910333236269248066523373705302486745250114290051209958739368524681694560115893949748298195850894340826415700000000000e-04
1.771470000000000000000000000000000000000000000000000000000000000000000000000000000000000000000000000000000000000000000000000000000000000000000000000000000000000000000000000000000000000000000000000000000000000000000000000000000000000000000000000000000000000000000000000000000000000000000000000000000000e+06 3.068016225462497453545248652303539872675727149534512021258172234063478237732312968489580278196305770247228823725366960393282424195102583864344211755526910083093759022936541718128153540726871721123411494757816692748202026616788798507259756696102709426697371669569343261680841536842810317013100000000000e-03
5.314410000000000000000000000000000000000000000000000000000000000000000000000000000000000000000000000000000000000000000000000000000000000000000000000000000000000000000000000000000000000000000000000000000000000000000000000000000000000000000000000000000000000000000000000000000000000000000000000000000000e+06 9.993975335447631075749456201194580044743836453412252700629522492130637680089449524201008256433993759940862384961091701860487914257848990396107567093990383121591381473391826048192990702384111562093212527650805978490037039873780876865133389100799598612554321577043669371636614990031034485741700000000000e-02
1.594323000000000000000000000000000000000000000000000000000000000000000000000000000000000000000000000000000000000000000000000000000000000000000000000000000000000000000000000000000000000000000000000000000000000000000000000000000000000000000000000000000000000000000000000000000000000000000000000000000000e+07 1.317883875608930357080479561747255361659290020391906608326316120625816907681592923647042975136759988388599107705466307418247611638397890409168548310312569654527869308427546816754100961107602124584820935891059679730094759373152149160712498023794942755819070035698015231850394004518930727227700000000000e+00
4.782969000000000000000000000000000000000000000000000000000000000000000000000000000000000000000000000000000000000000000000000000000000000000000000000000000000000000000000000000000000000000000000000000000000000000000000000000000000000000000000000000000000000000000000000000000000000000000000000000000000e+07 1.628638755814264027194530958671715448894505619847148787410110060511111664113680441219022001375333263728024488529180711752972161105176512248135286097476702101614196846132917886547898405378213257064142541404530835122344874487020056121023723920847317360562636233566075944426733712502778247210800000000000e+00
1.434890700000000000000000000000000000000000000000000000000000000000000000000000000000000000000000000000000000000000000000000000000000000000000000000000000000000000000000000000000000000000000000000000000000000000000000000000000000000000000000000000000000000000000000000000000000000000000000000000000000e+08 2.446324597568444143395786778295172686429701031650546094268478470060261277224631463616113220705680232518148102766721378157277974730943757189262322719871011248586744520114721022531730607348138476471551580592782719778148122743317424283230250309013732673365541440627775854814950358612225444259300000000000e+00
4.304672100000000000000000000000000000000000000000000000000000000000000000000000000000000000000000000000000000000000000000000000000000000000000000000000000000000000000000000000000000000000000000000000000000000000000000000000000000000000000000000000000000000000000000000000000000000000000000000000000000e+08 2.450934066247947599395530817429428234523579553837219551881936474852657036120364160828126679183083082997338180220949877378423849018067796646678180434747420834041743879834527722390710614917140539878732776925249776803447276209851954799389813148952706690617232460761853378762725190450184187675400000000000e+00
1.291401630000000000000000000000000000000000000000000000000000000000000000000000000000000000000000000000000000000000000000000000000000000000000000000000000000000000000000000000000000000000000000000000000000000000000000000000000000000000000000000000000000000000000000000000000000000000000000000000000000e+09 3.292859293133446951888485593902401439398048805655945610184048888790758412647534327027095963909703462281793217748846983054788651221670496338702872670501560370213321009069008150998269974807019989291584890084862321728086250549564712967884412644411469690546295446158393745583176604313655953563000000000000e+00
3.874204890000000000000000000000000000000000000000000000000000000000000000000000000000000000000000000000000000000000000000000000000000000000000000000000000000000000000000000000000000000000000000000000000000000000000000000000000000000000000000000000000000000000000000000000000000000000000000000000000000e+09 3.454357118999513563220526200395842449063332267777180129110568217849278978701253019908806290035822683815776474255801480028095411598559850779762344855194687467281901187507280695231814590161852567789815106480828545490791018140277757972674265561034820968732763657501342889503312204687123806664900000000000e+00
1.162261467000000000000000000000000000000000000000000000000000000000000000000000000000000000000000000000000000000000000000000000000000000000000000000000000000000000000000000000000000000000000000000000000000000000000000000000000000000000000000000000000000000000000000000000000000000000000000000000000000e+10 3.467116743434101684227493565447800003154930056645407750337397586290157886302947672773585306496391522019249504028087453218769273510178021802288400227128597063330889658987435275597969831961861821752087427986020621977654451765872662219851742976445290410667561315562280222991196018134410161506200000000000e+00
3.486784401000000000000000000000000000000000000000000000000000000000000000000000000000000000000000000000000000000000000000000000000000000000000000000000000000000000000000000000000000000000000000000000000000000000000000000000000000000000000000000000000000000000000000000000000000000000000000000000000000e+10 3.438443946918697273216675727734886259305306668716695072178199714595261255822933683199401819243375820593734902946341700902451356386756761413986844027471029867570996137831836913846560140847277378513112844252768242745084824157256778601964911954436994557168397710740031625457544203818259053765000000000000e+00
1.046035320300000000000000000000000000000000000000000000000000000000000000000000000000000000000000000000000000000000000000000000000000000000000000000000000000000000000000000000000000000000000000000000000000000000000000000000000000000000000000000000000000000000000000000000000000000000000000000000000000e+11 4.174209623005998727411295315886315335912143007772404795884620491395791038448147900772887914012691537622924815490754396575363443411191635935045414649362701024031383716886946470229748744818647256978079401133826420342502613327414534053634874545195411151151089443758594997872965057182647002746000000000000e+00
3.138105960900000000000000000000000000000000000000000000000000000000000000000000000000000000000000000000000000000000000000000000000000000000000000000000000000000000000000000000000000000000000000000000000000000000000000000000000000000000000000000000000000000000000000000000000000000000000000000000000000e+11 3.468589395791310362310627345068711449827566335085309929610137574007586509518907370843941046033625455073522687260869024581481426657178738669199958150999812184213099503564464483943871923102627366392505163524530706570224309001909582125519812887670152285222273866571540809909006285670268234500700000000000e+00
9.414317882700000000000000000000000000000000000000000000000000000000000000000000000000000000000000000000000000000000000000000000000000000000000000000000000000000000000000000000000000000000000000000000000000000000000000000000000000000000000000000000000000000000000000000000000000000000000000000000000000e+11 4.472131335210187221800503204058560597424380245898647354555791555300345647394665030996831546267308155576655194327887580576680677011819782931481667538654326486552126217655550209647694214660198098287123039107350437431582341574225697427960230900077503918683062444345845281856026648458343915538400000000000e+00
2.824295364810000000000000000000000000000000000000000000000000000000000000000000000000000000000000000000000000000000000000000000000000000000000000000000000000000000000000000000000000000000000000000000000000000000000000000000000000000000000000000000000000000000000000000000000000000000000000000000000000e+12 4.471958971821251735294719950574147702322836081138944835384285958799364167387050612512185136887868955168492006673254145515711868637178571186587692786018654440511895713355022623001105806836263218805886279153491098365538018378131025058061544133216441027236800472211716666694457014381775972676200000000000e+00
8.472886094430000000000000000000000000000000000000000000000000000000000000000000000000000000000000000000000000000000000000000000000000000000000000000000000000000000000000000000000000000000000000000000000000000000000000000000000000000000000000000000000000000000000000000000000000000000000000000000000000e+12 4.640325068353555445237469206731021581649074356435939704168933283562744458735157931218762120649644713084523904350752858174385019962465357051566133076097593829182939446520999914841788526496504596768047234806708388652539486597978075543588523168135165251965735439504632159745141044776965631627300000000000e+00
2.541865828329000000000000000000000000000000000000000000000000000000000000000000000000000000000000000000000000000000000000000000000000000000000000000000000000000000000000000000000000000000000000000000000000000000000000000000000000000000000000000000000000000000000000000000000000000000000000000000000000e+13 4.878428032636950880592410705897722971895471429235062436753817854751737302981249732890469704605803504683967698055744126359865448642343687237168515177411894889043990770903679016798778921307721812885586835043348651849430658847386450795586171766645912428138902255580252692907101745555387464242800000000000e+00
7.625597484987000000000000000000000000000000000000000000000000000000000000000000000000000000000000000000000000000000000000000000000000000000000000000000000000000000000000000000000000000000000000000000000000000000000000000000000000000000000000000000000000000000000000000000000000000000000000000000000000e+13 5.472242079113524655767427715607397456867692129917004460302751788869764057569556787630225356207859207548864763442152665423089034324676700140640115177460389187933691131342359999401157482803652580795796995853757758538924324840653046445648687627726931536441742992708797596791191688352484031914700000000000e+00
2.287679245496100000000000000000000000000000000000000000000000000000000000000000000000000000000000000000000000000000000000000000000000000000000000000000000000000000000000000000000000000000000000000000000000000000000000000000000000000000000000000000000000000000000000000000000000000000000000000000000000e+14 5.476589449853913377446806475806676384223361794094624907928818756141251427740758979643785453165119010392133685091251620308311256301237345270554564990699799265581779072864374872926366919159058227958086025617062836741526004184889665019364940782092299717076084099288270715589389405843470786164900000000000e+00
6.863037736488300000000000000000000000000000000000000000000000000000000000000000000000000000000000000000000000000000000000000000000000000000000000000000000000000000000000000000000000000000000000000000000000000000000000000000000000000000000000000000000000000000000000000000000000000000000000000000000000e+14 5.477135387008520566335553371318406278743984619169327954309914532152242665808524329995577248726328445417817678203412541546671224583369090734076025185933017036377963126902799601633974475376570357773271805847175877097473889922055612301662110226077847602325616356361621145581745823206952978736500000000000e+00
2.058911320946490000000000000000000000000000000000000000000000000000000000000000000000000000000000000000000000000000000000000000000000000000000000000000000000000000000000000000000000000000000000000000000000000000000000000000000000000000000000000000000000000000000000000000000000000000000000000000000000e+15 5.477544982475695394157653022897773269642108927049943911583577177723157404357068738281993958763123348616197281476877910474827543678524533800300312650992418802409457238805172181943197613940725255213544356886994106590068415549573219335371323635983074261737218971178492786272909876440317978161500000000000e+00
6.176733962839470000000000000000000000000000000000000000000000000000000000000000000000000000000000000000000000000000000000000000000000000000000000000000000000000000000000000000000000000000000000000000000000000000000000000000000000000000000000000000000000000000000000000000000000000000000000000000000000e+15 5.477232894510331382560101188509186729411675779209747662110502777317822946652830762354859770503453153329337731496049184910328420322753325353258512072937882190116919177465662851726036038686315308018098314569442669814483067962508089861020600758587645808821817194506564890940146569810535813336900000000000e+00
