1.000000000000000000000000000000000000000000000000000000000000000000000000000000000000000000000000000000000000000000000000000000000000000000000000000000000000000000000000000000000000000000000000000000000000000000000000000000000000000000000000000000000000000000000000000000000000000000000000000000000000e+00 7.849100131487471182525071490110352774423927243048815392708205598706382621438287082513789752248984083160771488030708535146133708981508451049598463896884972401610020666084337314506982308714554676551963937161727193343938494438138451392149586488109192693941413267238816890232243397959627604483700000000000e-03
3.000000000000000000000000000000000000000000000000000000000000000000000000000000000000000000000000000000000000000000000000000000000000000000000000000000000000000000000000000000000000000000000000000000000000000000000000000000000000000000000000000000000000000000000000000000000000000000000000000000000000e+00 6.416947398125695124115866761853988790671984811488815124317904790691321767227542298670879803206941352609382592211805466470889316780883504920789503872863212953421095907795528207409547419008098096746846659348888107266268236043274390626684649398872018487484191142736713770511297639487239059635500000000000e-03
9.000000000000000000000000000000000000000000000000000000000000000000000000000000000000000000000000000000000000000000000000000000000000000000000000000000000000000000000000000000000000000000000000000000000000000000000000000000000000000000000000000000000000000000000000000000000000000000000000000000000000e+00 7.125106558930444193996981717900760449104171872093866193862468977845035669665661889606099467025363771536935118504120554536732272434282423197905049266965692426944229483298633045083029264580076160304079171084097750381250810365877406849724054862461349886447935671885255952631949155218511307285800000000000e-03
2.700000000000000000000000000000000000000000000000000000000000000000000000000000000000000000000000000000000000000000000000000000000000000000000000000000000000000000000000000000000000000000000000000000000000000000000000000000000000000000000000000000000000000000000000000000000000000000000000000000000000e+01 8.830030856361770676442565837703517701140301002865532067109578777279852864061025008460215354839510804424071222947019678344921989147093253889749090786034332070929858119980382935105266611282755292985108432043693568525300071386880966962382108717232327381651302684035258474124359745871477219328100000000000e-03
8.100000000000000000000000000000000000000000000000000000000000000000000000000000000000000000000000000000000000000000000000000000000000000000000000000000000000000000000000000000000000000000000000000000000000000000000000000000000000000000000000000000000000000000000000000000000000000000000000000000000000e+01 7.237362500991995023609151868393578915312470288432780818221738421072512477131719697331566546542503750717941625358878493284646415865599230041666849332988737020527913905432077540382149950349746321324233594966416292506530220439418806897520715612867035022614225655928773920656668001602571555635200000000000e-02
2.430000000000000000000000000000000000000000000000000000000000000000000000000000000000000000000000000000000000000000000000000000000000000000000000000000000000000000000000000000000000000000000000000000000000000000000000000000000000000000000000000000000000000000000000000000000000000000000000000000000000e+02 1.175954964879053165107134318650794419975010160947540728641973753703714347613974412015226879022518977211570972110039703003432657513748057741236025206110985487070884939794243275507058548751365912817911356212230446940032881057509750738183988535910367443237309604439449335300392557734592690595900000000000e+00
7.290000000000000000000000000000000000000000000000000000000000000000000000000000000000000000000000000000000000000000000000000000000000000000000000000000000000000000000000000000000000000000000000000000000000000000000000000000000000000000000000000000000000000000000000000000000000000000000000000000000000e+02 3.204279718886697937983933775270533419116237413743474993780563414817171728177980869408590892917509957422681654015229590344020162218561267812034889826663607528091108944651411831543018357427954562190265171048654184852270897121977107324070873793486893761400098178410388201959700030117664995497000000000000e+00
2.187000000000000000000000000000000000000000000000000000000000000000000000000000000000000000000000000000000000000000000000000000000000000000000000000000000000000000000000000000000000000000000000000000000000000000000000000000000000000000000000000000000000000000000000000000000000000000000000000000000000e+03 3.381716198143066897358074882397430594257726386900101292472037254548367451759578196676697393072172992028136208590322383274176745701670780109152076326329715905109144175766925847188627010313833480823969090253733794148123470379427543089982869443550460034608623424405765002605831500940106449115100000000000e+00
6.561000000000000000000000000000000000000000000000000000000000000000000000000000000000000000000000000000000000000000000000000000000000000000000000000000000000000000000000000000000000000000000000000000000000000000000000000000000000000000000000000000000000000000000000000000000000000000000000000000000000e+03 2.093229343532781144150399130626588023369786111640075626936393294055678749279129631941134395064683180225383998705444446978139387380998480334926267959024380372932998482637501752525055561672554350185744398694059117556240411189354247553299572212415356885282478255574461886613382222148362221105600000000000e+00
1.968300000000000000000000000000000000000000000000000000000000000000000000000000000000000000000000000000000000000000000000000000000000000000000000000000000000000000000000000000000000000000000000000000000000000000000000000000000000000000000000000000000000000000000000000000000000000000000000000000000000e+04 4.312654414606825341034378655378703216036760748888450885934936398796022763439366764061322000978378068048626253633228434419504666716004564485089339389752154254110071013617609031597498915819033087401465932474433452176973678776778008417100770037874477035597677731262112620218877417582366939387800000000000e+00
5.904900000000000000000000000000000000000000000000000000000000000000000000000000000000000000000000000000000000000000000000000000000000000000000000000000000000000000000000000000000000000000000000000000000000000000000000000000000000000000000000000000000000000000000000000000000000000000000000000000000000e+04 5.232686815488925241781814165744120685523286353345966858587496525901704358808232229173818754618740248904693811062944736224426990264222256694584294630123428779612535243278102798757342427686273521207181342963516218895072658349534598806320174187102942793903602314539645731274120447023036227307800000000000e+00
1.771470000000000000000000000000000000000000000000000000000000000000000000000000000000000000000000000000000000000000000000000000000000000000000000000000000000000000000000000000000000000000000000000000000000000000000000000000000000000000000000000000000000000000000000000000000000000000000000000000000000e+05 4.628838142768245256993503208704053562512534812388953263044076559709599871927226887283884970644077602759167575155526661310807972309564460875073940745086752043588306444134719886594338686695395851468930283612247973037012612495359376444296341211220843838436882117363543109522238683188527694730200000000000e+00
5.314410000000000000000000000000000000000000000000000000000000000000000000000000000000000000000000000000000000000000000000000000000000000000000000000000000000000000000000000000000000000000000000000000000000000000000000000000000000000000000000000000000000000000000000000000000000000000000000000000000000e+05 6.409595431159882334651704594339907311408963954786442622620546467787300863100679826153315291654930711699510358437335426142701460419889546029833060369391924886759280238268873882083561961755818239949124554100521955519853039909190243693310875802148308791938101781949778816898547557392513742272800000000000e+00
1.594323000000000000000000000000000000000000000000000000000000000000000000000000000000000000000000000000000000000000000000000000000000000000000000000000000000000000000000000000000000000000000000000000000000000000000000000000000000000000000000000000000000000000000000000000000000000000000000000000000000e+06 6.147275641688045025577893224065418741552455269643188314197391696661891748051066198910058899220841735150268074008287845563985718702188531878971602099190036067272362172602034520341799394125866978644046219583906702695750965690776862060014455174093398229555142962148759592136142573837832126694800000000000e+00
4.782969000000000000000000000000000000000000000000000000000000000000000000000000000000000000000000000000000000000000000000000000000000000000000000000000000000000000000000000000000000000000000000000000000000000000000000000000000000000000000000000000000000000000000000000000000000000000000000000000000000e+06 6.485593512557551203075786942103988261515841581158866022707244932086352782161745160725401624600208789225248530057023950104101333336221605567196174480609610005581173939769673288792116556184674145754056993879989498846249832651196861832279975675605350496141642872853165383635468789632449088147700000000000e+00
1.434890700000000000000000000000000000000000000000000000000000000000000000000000000000000000000000000000000000000000000000000000000000000000000000000000000000000000000000000000000000000000000000000000000000000000000000000000000000000000000000000000000000000000000000000000000000000000000000000000000000e+07 6.144563901596009172051301614783965673604363276940953812197352466044078019256655727827782962010162738317336207446814168316114501930758819806661919685298897364210435726905471318199690621060321150682495227769297336259607392088810799537197337437604710341921056807898620492653280497155848676661500000000000e+00
4.304672100000000000000000000000000000000000000000000000000000000000000000000000000000000000000000000000000000000000000000000000000000000000000000000000000000000000000000000000000000000000000000000000000000000000000000000000000000000000000000000000000000000000000000000000000000000000000000000000000000e+07 5.117503883410455762650047506079242357184402954044971235819281867197592292105071629302646942308661144385664626402895990568046108031374605922632940952450830462734670918409753863616540868126791807641737835656067042470073094875762317798064133626188265120382075536839074465812429917765960236098000000000000e+00
1.291401630000000000000000000000000000000000000000000000000000000000000000000000000000000000000000000000000000000000000000000000000000000000000000000000000000000000000000000000000000000000000000000000000000000000000000000000000000000000000000000000000000000000000000000000000000000000000000000000000000e+08 6.564944046824234389936574939886695479244314497784301894081962853380105373855735355174162633518288281948032966026164549008216716338220875500482820332309382279820434976519100903706831803697881351098473673611313415471310571395198988864999832832777661695491091937165458883170485288262417105978500000000000e+00
3.874204890000000000000000000000000000000000000000000000000000000000000000000000000000000000000000000000000000000000000000000000000000000000000000000000000000000000000000000000000000000000000000000000000000000000000000000000000000000000000000000000000000000000000000000000000000000000000000000000000000e+08 6.697158984462005490995471742746202087750862708702330237497823440299864960904815097973998811082269848083694324606996538763059117198647141138869021861006941137148518505562852445374515944542887439353651265633875960954022015648689307123504421329174465221755225153924985468954956220520607333136000000000000e+00
1.162261467000000000000000000000000000000000000000000000000000000000000000000000000000000000000000000000000000000000000000000000000000000000000000000000000000000000000000000000000000000000000000000000000000000000000000000000000000000000000000000000000000000000000000000000000000000000000000000000000000e+09 6.499245606282891073111931443451733458393262163776865634179955886303942907744428450787256933614525338794273620788501952306036760528232897151958438341017169571037290790532226459331479102603220639947768636477992836078156299520046294776061120119493265849398118799846795736837938308802731007646900000000000e+00
3.486784401000000000000000000000000000000000000000000000000000000000000000000000000000000000000000000000000000000000000000000000000000000000000000000000000000000000000000000000000000000000000000000000000000000000000000000000000000000000000000000000000000000000000000000000000000000000000000000000000000e+09 6.773817942752726519206397966932027748480254740949705718048769370492989173588255306419563891829374266585622802612332651552884459301036877948325094460125259391478674212111074215339244742051539650597687971896631663040613385664100893934547467455885328947190416318687402724573117286794960382151100000000000e+00
1.046035320300000000000000000000000000000000000000000000000000000000000000000000000000000000000000000000000000000000000000000000000000000000000000000000000000000000000000000000000000000000000000000000000000000000000000000000000000000000000000000000000000000000000000000000000000000000000000000000000000e+10 7.169897227701607799349770949743688705100158045325735300513526210185908263424179517716205093524090259624326080376745273105102668019068228770121453390517484993637651852334201050672779873314521591891401454971491410647110621402065584478078998256845195823243399597251285437066315307513264166743600000000000e+00
3.138105960900000000000000000000000000000000000000000000000000000000000000000000000000000000000000000000000000000000000000000000000000000000000000000000000000000000000000000000000000000000000000000000000000000000000000000000000000000000000000000000000000000000000000000000000000000000000000000000000000e+10 6.990333982187833411195876727248201541165130973769512487384405189076977735737224881232898672462883090335168871869042687186125381963442240268812574678905142681754945425560523729876486170036025694911847242741579512240876647948751144775924666660838721347436722357010424983775547712794856326098600000000000e+00
9.414317882700000000000000000000000000000000000000000000000000000000000000000000000000000000000000000000000000000000000000000000000000000000000000000000000000000000000000000000000000000000000000000000000000000000000000000000000000000000000000000000000000000000000000000000000000000000000000000000000000e+10 7.308980127595500463973456671664767110536192558146520072700276108040493753535213692520073955181871401363212133901908847022492057316702965019710103308759699710991650689313423177651434593941346374910771626046940396015665023697569264466218980030471497090498098903873410508000334852587606347312500000000000e+00
2.824295364810000000000000000000000000000000000000000000000000000000000000000000000000000000000000000000000000000000000000000000000000000000000000000000000000000000000000000000000000000000000000000000000000000000000000000000000000000000000000000000000000000000000000000000000000000000000000000000000000e+11 7.351010087522538463262360377063171240847943542380480281408159699684107041663967790240561067303628959927362138470574744160885144805990683748209275419065194998862875159500080192920293152073687764505786332521502036795447636236286019097258715232540670812455635896026559360001435096494451562301500000000000e+00
8.472886094430000000000000000000000000000000000000000000000000000000000000000000000000000000000000000000000000000000000000000000000000000000000000000000000000000000000000000000000000000000000000000000000000000000000000000000000000000000000000000000000000000000000000000000000000000000000000000000000000e+11 7.428582519282061887027307560493025410599407868750753894442528929810279879487588720104010953027779510107463976431706657125319044178989370509719339943343446592945429997661669558818131050833896058766876960060820376236672029154253049472489156704745236588385079275559953263819730909614334792682700000000000e+00
2.541865828329000000000000000000000000000000000000000000000000000000000000000000000000000000000000000000000000000000000000000000000000000000000000000000000000000000000000000000000000000000000000000000000000000000000000000000000000000000000000000000000000000000000000000000000000000000000000000000000000e+12 7.476980459942764236209260821462076841491998444241332568226998453248796133175261890626497574253250288313176535852144550175915081167064721570546971888765591348277916532283883124986911148622826172472893337117309755134200787883112842056675352560655415533493749609970498892433583800291565896594700000000000e+00
7.625597484987000000000000000000000000000000000000000000000000000000000000000000000000000000000000000000000000000000000000000000000000000000000000000000000000000000000000000000000000000000000000000000000000000000000000000000000000000000000000000000000000000000000000000000000000000000000000000000000000e+12 7.533292276518305010674409289281096979509968757474016323265958994276618373278653953942081413255665387831851718075985418028692188924633389480824822670046859901448574095099547848763106821965910442008704552820589410837303229989650395121482043797381099402896801819318061262715682659966852464724700000000000e+00
2.287679245496100000000000000000000000000000000000000000000000000000000000000000000000000000000000000000000000000000000000000000000000000000000000000000000000000000000000000000000000000000000000000000000000000000000000000000000000000000000000000000000000000000000000000000000000000000000000000000000000e+13 7.326746361314048604106863210798788983778592701120612401613801923630202887365221846039348228281491133027734356867390621076114390154877744784745297141004217457957024807884008227291827786158532377535400434212516966239575696925173435973608598249533536567453735780534097543231922634266641785897800000000000e+00
6.863037736488300000000000000000000000000000000000000000000000000000000000000000000000000000000000000000000000000000000000000000000000000000000000000000000000000000000000000000000000000000000000000000000000000000000000000000000000000000000000000000000000000000000000000000000000000000000000000000000000e+13 7.916566019948881116164939479482488757458657433596545552569709321184833146402909470118832414756839927686243965850789616629129884941616699375521381959505741156750326183707560343112865810113463495134733435562578761814467194645269530684914840082589455846999811461720154354090627896675615611136800000000000e+00
2.058911320946490000000000000000000000000000000000000000000000000000000000000000000000000000000000000000000000000000000000000000000000000000000000000000000000000000000000000000000000000000000000000000000000000000000000000000000000000000000000000000000000000000000000000000000000000000000000000000000000e+14 8.106583447421576275220086686848280613961457706358299538509595843336612080954559326490953850694545275341522710008687377760967963543244026173415502702569773643399884037413369594482664671186894871160607358257151289785166727530846621495583984128907404610699218709954207996287873925742069806522100000000000e+00
6.176733962839470000000000000000000000000000000000000000000000000000000000000000000000000000000000000000000000000000000000000000000000000000000000000000000000000000000000000000000000000000000000000000000000000000000000000000000000000000000000000000000000000000000000000000000000000000000000000000000000e+14 8.413238412647874006803218374380613421119439709619517247342059345014203177240910380015974226822096683036668364395725245576231126843046686573326413645301906644842306092120842577176735471387804024570276902719244487394113918290194942685539173416994255472009031303428587150108227155393931212747000000000000e+00
1.853020188851841000000000000000000000000000000000000000000000000000000000000000000000000000000000000000000000000000000000000000000000000000000000000000000000000000000000000000000000000000000000000000000000000000000000000000000000000000000000000000000000000000000000000000000000000000000000000000000000e+15 7.555299402077123989815049999644053717458322356698104201213631162216291837456058088249574429536224398633605753640905352437077115660437656222622842059246396528011026762815939202531401883913454278889003404849958592979342156316564317015325468239989789912236656752344629423473458857636831381537400000000000e+00
5.559060566555523000000000000000000000000000000000000000000000000000000000000000000000000000000000000000000000000000000000000000000000000000000000000000000000000000000000000000000000000000000000000000000000000000000000000000000000000000000000000000000000000000000000000000000000000000000000000000000000e+15 8.235458368835962079140558666775500756884683470070419510102937352315793516972647569118146799368580335460251059399345325938458731057583851669780730963206502339592766377761538545622811238223865562288160441929650256381536521822648117098287600381408293440502629849845685531951984241927718805480000000000000e+00
