1.000000000000000000000000000000000000000000000000000000000000000000000000000000000000000000000000000000000000000000000000000000000000000000000000000000000000000000000000000000000000000000000000000000000000000000000000000000000000000000000000000000000000000000000000000000000000000000000000000000000000e+00 1.616110322070387282899317097673049043152001835279370867018601014719834396898090383044113938947155084894989293982539688324238909068465355241878830602686192008994554693738928470652059666346453165945624321877470913072925556867619824331785152260491183241801760154038617754158395556820767447296700000000000e-03
3.000000000000000000000000000000000000000000000000000000000000000000000000000000000000000000000000000000000000000000000000000000000000000000000000000000000000000000000000000000000000000000000000000000000000000000000000000000000000000000000000000000000000000000000000000000000000000000000000000000000000e+00 3.317416606388668053937734430115393302894364091742152025517055468645049586539986762124037862623167752261925356065760524368922748195383685252923297407948514484464112605925408787679885848361786716684431021496334545495961824765037582046506421695068433954665523855642331154730221032183206052959300000000000e-03
9.000000000000000000000000000000000000000000000000000000000000000000000000000000000000000000000000000000000000000000000000000000000000000000000000000000000000000000000000000000000000000000000000000000000000000000000000000000000000000000000000000000000000000000000000000000000000000000000000000000000000e+00 4.124207205692508642764823324123739985327832839217397322955626508188458250791416358773127167814090627079051835880843435788353367536793948596593369407223826171755851707244471984600771157392456709981717040808182955389415713996309025668351056451434084079760382705371950822787738458377909422477100000000000e-03
2.700000000000000000000000000000000000000000000000000000000000000000000000000000000000000000000000000000000000000000000000000000000000000000000000000000000000000000000000000000000000000000000000000000000000000000000000000000000000000000000000000000000000000000000000000000000000000000000000000000000000e+01 3.563420208443819096751890442759909766158036483946108975409692163963061940611073568325968594324864841676802646038243033180672980599650071013512715793017796501198243294750208541203535568223547117143451618946904854552736419738234519183259183066080612487174982670548550328004150372142663668309100000000000e-03
8.100000000000000000000000000000000000000000000000000000000000000000000000000000000000000000000000000000000000000000000000000000000000000000000000000000000000000000000000000000000000000000000000000000000000000000000000000000000000000000000000000000000000000000000000000000000000000000000000000000000000e+01 3.929980278307771710882358895239788030511260291637838356520653987506800352024501026716104954879839332928172869058533993267289239149052023404113270291114366034314740169224794339632070137911792958856057131583950329085579241919123457166632561575290622987427144914631205870977856002904925449481700000000000e-03
2.430000000000000000000000000000000000000000000000000000000000000000000000000000000000000000000000000000000000000000000000000000000000000000000000000000000000000000000000000000000000000000000000000000000000000000000000000000000000000000000000000000000000000000000000000000000000000000000000000000000000e+02 1.347620127912361361589566844154991501546860876985803035673346448473532531148669985310918897232259767255184061158297467074149872344347406273637140916434624764635394973236620767889491212531924114894330617306206472023814831445181740719432099385281850323933092092672300610636863102133312591302900000000000e-02
7.290000000000000000000000000000000000000000000000000000000000000000000000000000000000000000000000000000000000000000000000000000000000000000000000000000000000000000000000000000000000000000000000000000000000000000000000000000000000000000000000000000000000000000000000000000000000000000000000000000000000e+02 9.161084660166894468101456162995120292850865387747014883039422566229393165192574179515775127395067037141373849121426809028109447385264903003467341433805568317290977373162814076093475200936776387439160228727569477923620032620548172756999377617074191680478436807369509268716257874265951102525300000000000e-02
2.187000000000000000000000000000000000000000000000000000000000000000000000000000000000000000000000000000000000000000000000000000000000000000000000000000000000000000000000000000000000000000000000000000000000000000000000000000000000000000000000000000000000000000000000000000000000000000000000000000000000e+03 1.293334244790910898287403037761535194757312910308077607004484996769449941493145186487593450948975370807013684728411216751329481374558113513932066031992964502554936782682012053270455295849427392016380460616728259753769709993668683460345833569263744090299690270345966322235383091490307974052900000000000e+00
6.561000000000000000000000000000000000000000000000000000000000000000000000000000000000000000000000000000000000000000000000000000000000000000000000000000000000000000000000000000000000000000000000000000000000000000000000000000000000000000000000000000000000000000000000000000000000000000000000000000000000e+03 3.103262233558471093552602034847376030846006758250810964033492931564091983581141391883509331496989867959434815236054405872986021067891267542866960610813152010809335514009328071094431424565265548850206365441771022865514705915310647093757053246220893402692558563469739262382585889896457519503300000000000e+00
1.968300000000000000000000000000000000000000000000000000000000000000000000000000000000000000000000000000000000000000000000000000000000000000000000000000000000000000000000000000000000000000000000000000000000000000000000000000000000000000000000000000000000000000000000000000000000000000000000000000000000e+04 3.188036844072276889072097393152747443285326554511474310688800218928389700543578841999791086659704393449171154245596908308994841064173662636797184755553220732141621609406171378834522218675105041155947371251044868729560974581837551847407765324169546773540154633459476847649820519244767864394500000000000e+00
5.904900000000000000000000000000000000000000000000000000000000000000000000000000000000000000000000000000000000000000000000000000000000000000000000000000000000000000000000000000000000000000000000000000000000000000000000000000000000000000000000000000000000000000000000000000000000000000000000000000000000e+04 3.473626507635387528421073159454131991783395269213083717340958817505234368212307304765199719036506378559885725383350183937788666147699893137658712806799508061673296024193003502887665791716575826890165905684465426481530182854451209442846469958524381932164445528089318900427638936481131835995200000000000e+00
1.771470000000000000000000000000000000000000000000000000000000000000000000000000000000000000000000000000000000000000000000000000000000000000000000000000000000000000000000000000000000000000000000000000000000000000000000000000000000000000000000000000000000000000000000000000000000000000000000000000000000e+05 3.450916876325592410726949766110715111255899197342874971287010951239785990922505571377953581046981068275377342668416246961953568716439084364088281684637555343104093599450015866228718795587539548253152266779745639489875727831277896745493025681749768992625452326709641560186397287850500273530300000000000e+00
5.314410000000000000000000000000000000000000000000000000000000000000000000000000000000000000000000000000000000000000000000000000000000000000000000000000000000000000000000000000000000000000000000000000000000000000000000000000000000000000000000000000000000000000000000000000000000000000000000000000000000e+05 5.134329967241665117704740268526199405357464168605162300400786184309628434152380324276959759210977701130465286522338613945889176674408066272289820379716727521025267738926668106494415444530340256786008638734812223875708708134461365883300405507430408721551868593088410270574258755414644021695400000000000e+00
1.594323000000000000000000000000000000000000000000000000000000000000000000000000000000000000000000000000000000000000000000000000000000000000000000000000000000000000000000000000000000000000000000000000000000000000000000000000000000000000000000000000000000000000000000000000000000000000000000000000000000e+06 3.998226648266086638036472234517217836030698580826447863413653328995339193999956210187133269637163505378229491260530169070630392352352504082261060587277466478192041684621684431089135165700216175604123409323906213252851561155866387452728982578782525952274143144329421870484972342709642593188300000000000e+00
4.782969000000000000000000000000000000000000000000000000000000000000000000000000000000000000000000000000000000000000000000000000000000000000000000000000000000000000000000000000000000000000000000000000000000000000000000000000000000000000000000000000000000000000000000000000000000000000000000000000000000e+06 4.538088854564162943769697984207434483070877340339156134900955919383916981830021273353347039954409285998610613770463113850262742252658989416662643356609607132109959385412319125353626162551673688006559739141588303599034494791742782600148801506066830657481911017731536568379865285192505387802900000000000e+00
1.434890700000000000000000000000000000000000000000000000000000000000000000000000000000000000000000000000000000000000000000000000000000000000000000000000000000000000000000000000000000000000000000000000000000000000000000000000000000000000000000000000000000000000000000000000000000000000000000000000000000e+07 5.464060101597950143463619652620225698696388340907116200946113907093734496764655635015985783604857236249379220402736861005838488874381243799102293387014479619526716865791423796036068470266056226977900863451333352473308929626611710995817500051877645594346327405666558410446034666657120974723100000000000e+00
4.304672100000000000000000000000000000000000000000000000000000000000000000000000000000000000000000000000000000000000000000000000000000000000000000000000000000000000000000000000000000000000000000000000000000000000000000000000000000000000000000000000000000000000000000000000000000000000000000000000000000e+07 3.282179992971982187662699463022153990537104188289490491713959445250686900951519465761244390249498096727845695963912549307762448803803117877363655955540343375500347930243938907053435407808322848740573293441224562833653097703480465859189893535312914180567968959886593368082392866306753349800600000000000e+00
1.291401630000000000000000000000000000000000000000000000000000000000000000000000000000000000000000000000000000000000000000000000000000000000000000000000000000000000000000000000000000000000000000000000000000000000000000000000000000000000000000000000000000000000000000000000000000000000000000000000000000e+08 4.656723919966556669112463380375741255354121953655242771522489485308195399194831487003687237230708191743359207665522776924390447898864317497698186426096499252921227120829564442484263783505394636813657445768837578996086402784551777906789656493635407146516315954478812658679236581373371332694500000000000e+00
3.874204890000000000000000000000000000000000000000000000000000000000000000000000000000000000000000000000000000000000000000000000000000000000000000000000000000000000000000000000000000000000000000000000000000000000000000000000000000000000000000000000000000000000000000000000000000000000000000000000000000e+08 5.524884385079223809138931949689759411080166216132139463719973241471617626653375256997850441538095117449464299904570436469735736611104742372901125071955982293200291844314879592721392723677396042476152890538653428771723332667691809654637032041054979786863230016773213819641778985459358363828600000000000e+00
1.162261467000000000000000000000000000000000000000000000000000000000000000000000000000000000000000000000000000000000000000000000000000000000000000000000000000000000000000000000000000000000000000000000000000000000000000000000000000000000000000000000000000000000000000000000000000000000000000000000000000e+09 5.224528483099548364907655978290499256389070390935757022701286363507834580823838389923927546155110111915358671586566412553512272444749385984173205536724942342749232017058740430842205365169053427015891201841346877453824960638813597742358038882228493831035119072795642408471567972013189458907100000000000e+00
3.486784401000000000000000000000000000000000000000000000000000000000000000000000000000000000000000000000000000000000000000000000000000000000000000000000000000000000000000000000000000000000000000000000000000000000000000000000000000000000000000000000000000000000000000000000000000000000000000000000000000e+09 6.480196005995332022430561234568034643740455600920834060068860314534733297640660685401145842698730113104697222811785194859638775826775952044891757769989369126994297458389403973407380209519820801473763682380587400956823583266753849911211357313183488112925604025462404331192197030092572520562300000000000e+00
1.046035320300000000000000000000000000000000000000000000000000000000000000000000000000000000000000000000000000000000000000000000000000000000000000000000000000000000000000000000000000000000000000000000000000000000000000000000000000000000000000000000000000000000000000000000000000000000000000000000000000e+10 4.563660711357639048724729505091680052138687075220987971113658948063111454009792316436726183339181682638640716162888940974704706293887577141694710412292875431798733669970414079607917286747655806132187421344923126945426228178103412993552740959021922863879094632448191988274210949826234119830100000000000e+00
3.138105960900000000000000000000000000000000000000000000000000000000000000000000000000000000000000000000000000000000000000000000000000000000000000000000000000000000000000000000000000000000000000000000000000000000000000000000000000000000000000000000000000000000000000000000000000000000000000000000000000e+10 6.417938844617058992439071264010444354199565624242044261329518292890285484539366834082065950744696184589452056084692176042145730815956895555930203593876342640422398072085297079231482041250788735266932284769930153484046245015479591661761350472006972254252293023795035729803336485806249932349400000000000e+00
9.414317882700000000000000000000000000000000000000000000000000000000000000000000000000000000000000000000000000000000000000000000000000000000000000000000000000000000000000000000000000000000000000000000000000000000000000000000000000000000000000000000000000000000000000000000000000000000000000000000000000e+10 6.538165515849105273382500452027892355248166753393562564672159140568359054450964296770754027887422276612790898707687413746996411546002507467221393446952452975811536561747422447817844073878676142116087545149812622471286374232890321202089147682222869749178693887665575318379249334738727223075700000000000e+00
2.824295364810000000000000000000000000000000000000000000000000000000000000000000000000000000000000000000000000000000000000000000000000000000000000000000000000000000000000000000000000000000000000000000000000000000000000000000000000000000000000000000000000000000000000000000000000000000000000000000000000e+11 6.551536707903231845064398690497363428321989047471755280930675687847270441318989694118068266691641884604812350007828721669745976674413400476822293977016232003375219739522675377218386906747708611569529177139055970000567261324559437811620815438632987990607423576250391936763334932645855586973300000000000e+00
8.472886094430000000000000000000000000000000000000000000000000000000000000000000000000000000000000000000000000000000000000000000000000000000000000000000000000000000000000000000000000000000000000000000000000000000000000000000000000000000000000000000000000000000000000000000000000000000000000000000000000e+11 6.519440912723337626823789280763283381597241295816588268969782847327555085585945597631663772764494147609283147715450701888188538005416535392377435569813492668672593418770728280967792552199714687715511779433163350013459496716859619137469475802503564191538894592412960705492139476243145291004200000000000e+00
2.541865828329000000000000000000000000000000000000000000000000000000000000000000000000000000000000000000000000000000000000000000000000000000000000000000000000000000000000000000000000000000000000000000000000000000000000000000000000000000000000000000000000000000000000000000000000000000000000000000000000e+12 6.714783583873828230465734304040817432045227867783373141653245580081459774247136619809703172555909339171483974647371219312742535223682071438601810479815554908202086264757868030065301111404075098934901402986595320121804606699219137124854073027904504969115113765371429310923459062415780341992500000000000e+00
7.625597484987000000000000000000000000000000000000000000000000000000000000000000000000000000000000000000000000000000000000000000000000000000000000000000000000000000000000000000000000000000000000000000000000000000000000000000000000000000000000000000000000000000000000000000000000000000000000000000000000e+12 7.102044521842876257354734058634923258824805065634869390624419070198143816907674155471133451282231666911292653513172301702421099018088369928457872649937914636453829157752243315006555548317078122243851058202597699049023548243515126717062421457704096293668923741013366558176101079223815366077300000000000e+00
2.287679245496100000000000000000000000000000000000000000000000000000000000000000000000000000000000000000000000000000000000000000000000000000000000000000000000000000000000000000000000000000000000000000000000000000000000000000000000000000000000000000000000000000000000000000000000000000000000000000000000e+13 7.101117675152945760719617002826407524447640542050252240423483783659035976252827164154979023107865165891758267876649193270238497455505283623089137065668609067890060551813623912400739477694401121204252678607497339425542797663828118780172064529917467200171789333539772305065044040895836325622000000000000e+00
6.863037736488300000000000000000000000000000000000000000000000000000000000000000000000000000000000000000000000000000000000000000000000000000000000000000000000000000000000000000000000000000000000000000000000000000000000000000000000000000000000000000000000000000000000000000000000000000000000000000000000e+13 6.376111451511447261084555675997348958498272541212379912667103208484596999090321897962876509586499634716872517639905569679999058231081568305713379796974339773247010764916706549159510869162011599518565776023075970899800026289533559160038106215590021158628038153301306997763330216710269570299200000000000e+00
2.058911320946490000000000000000000000000000000000000000000000000000000000000000000000000000000000000000000000000000000000000000000000000000000000000000000000000000000000000000000000000000000000000000000000000000000000000000000000000000000000000000000000000000000000000000000000000000000000000000000000e+14 6.537619197222260762895295348283703270626508088357009686332776191394600153907844896757384204689037718707330178189460806317630986824346223861662002952424402066148215092016563843456021431775243875961549061493528864485222443198868337496580706129091076271920197884266650424928350502041820371837000000000000e+00
6.176733962839470000000000000000000000000000000000000000000000000000000000000000000000000000000000000000000000000000000000000000000000000000000000000000000000000000000000000000000000000000000000000000000000000000000000000000000000000000000000000000000000000000000000000000000000000000000000000000000000e+14 6.923857108535724262923393006396544821272706155666322617180312431346365905900513524087170617805484016493583917274575799916114418898443060465054666974335481645470231159328969525629366595609434073733412754105611438846477069471686283152394263423033613100709930939082500595499211576860462705741600000000000e+00
1.853020188851841000000000000000000000000000000000000000000000000000000000000000000000000000000000000000000000000000000000000000000000000000000000000000000000000000000000000000000000000000000000000000000000000000000000000000000000000000000000000000000000000000000000000000000000000000000000000000000000e+15 6.740872627686043308116583501590822677441655688987469151186288142678783881003241629416318826194679135323050651196004936360026926818303993890028956266609357434427888012337647619941507297738592012111866023030919294791898380198182493775596345317902968173372162122225340393575255176794911997083000000000000e+00
5.559060566555523000000000000000000000000000000000000000000000000000000000000000000000000000000000000000000000000000000000000000000000000000000000000000000000000000000000000000000000000000000000000000000000000000000000000000000000000000000000000000000000000000000000000000000000000000000000000000000000e+15 6.540363563687166956071616475314504140866295205222608414169809443213737352693225059984992702199150467684935489054298457705874551891101040401976024211060107377057153756751338078011741360054308878024030473525026836812032345783457987489296213205760185820361315438173059970902947137020026440890700000000000e+00
