1.000000000000000000000000000000000000000000000000000000000000000000000000000000000000000000000000000000000000000000000000000000000000000000000000000000000000000000000000000000000000000000000000000000000000000000000000000000000000000000000000000000000000000000000000000000000000000000000000000000000000e+00 1.403071433130684400019337475834792661017571749492964135506133939519710348093749443483137457333482260640451944673869016482019372713212676313656914741440061254566922323539357926294016760677206971625716290843694377909302037450235319702300954808575365052315103025516297785001228634877606150863200000000000e-03
3.000000000000000000000000000000000000000000000000000000000000000000000000000000000000000000000000000000000000000000000000000000000000000000000000000000000000000000000000000000000000000000000000000000000000000000000000000000000000000000000000000000000000000000000000000000000000000000000000000000000000e+00 3.341851619127031529765218792760819918469503626065495279655954227361374641397490211322848301285603166471660419086187522160090598539433015911202037682439922622449448136217263368495360153115289900279902022383228149500559533401685825334307908620311019567863189195986751842976198337243121660169500000000000e-03
9.000000000000000000000000000000000000000000000000000000000000000000000000000000000000000000000000000000000000000000000000000000000000000000000000000000000000000000000000000000000000000000000000000000000000000000000000000000000000000000000000000000000000000000000000000000000000000000000000000000000000e+00 3.049382611325294805029149815406853070467437354985392349994808454163072407269616791436969397655866603647102706483894202506864447371820439903257038878232451251941318880580993271812293147356496702231306271949296547477955409134742813666933644387493498381605509585232884674536322678622362169659900000000000e-03
2.700000000000000000000000000000000000000000000000000000000000000000000000000000000000000000000000000000000000000000000000000000000000000000000000000000000000000000000000000000000000000000000000000000000000000000000000000000000000000000000000000000000000000000000000000000000000000000000000000000000000e+01 3.159570143083824115261368602434293980068740967255625894939855479536011537432432358265373450602233585278308197442564422125491831002139956831549699015467441657361906219676702925717964050739092112337045404097877493352153532744089525314477883097215668489403290927675659455565211191961637905561600000000000e-03
8.100000000000000000000000000000000000000000000000000000000000000000000000000000000000000000000000000000000000000000000000000000000000000000000000000000000000000000000000000000000000000000000000000000000000000000000000000000000000000000000000000000000000000000000000000000000000000000000000000000000000e+01 3.044547984577629981882087737007586151730402865314641915962435519724388534610782576449634885130176871171375807382146468197275756200711093970293244873463019033179806031596170595940748748225954998081480098593177379176230438742532166949501969624344040393824018364416403765494511058416235740788000000000000e-03
2.430000000000000000000000000000000000000000000000000000000000000000000000000000000000000000000000000000000000000000000000000000000000000000000000000000000000000000000000000000000000000000000000000000000000000000000000000000000000000000000000000000000000000000000000000000000000000000000000000000000000e+02 3.116245459654063686918832368361388730137118371713967417963441179261367351409509969096691718546301989149599475443112469282491993866124012363643897566387886620095990407993009376647576683580834468958833191715823515029091187404101910906775598024184139570937244653830235722232841711255006381584700000000000e-03
7.290000000000000000000000000000000000000000000000000000000000000000000000000000000000000000000000000000000000000000000000000000000000000000000000000000000000000000000000000000000000000000000000000000000000000000000000000000000000000000000000000000000000000000000000000000000000000000000000000000000000e+02 3.046115754046321887588634094475239783167656838586474069720173632713952122478724193073658187478320448491587146930227618641235417105697828733490083745446877489557069321480014097870161305650508289111878421724334377601357171357786372310189657862782487952262080696794392627591513989120694815383100000000000e-03
2.187000000000000000000000000000000000000000000000000000000000000000000000000000000000000000000000000000000000000000000000000000000000000000000000000000000000000000000000000000000000000000000000000000000000000000000000000000000000000000000000000000000000000000000000000000000000000000000000000000000000e+03 2.929919416935993629092391132334431113901551574110849614116198392676884716207755757229196381166301881612752497578146715101814246093415757428137230261484358432649491533874906116574464473764117018148892028148115437226660012040194159952036857856829197874696541556898831981007043739243980361406900000000000e-03
6.561000000000000000000000000000000000000000000000000000000000000000000000000000000000000000000000000000000000000000000000000000000000000000000000000000000000000000000000000000000000000000000000000000000000000000000000000000000000000000000000000000000000000000000000000000000000000000000000000000000000e+03 2.829839354084780448385490500107647532731661833742165135971296181381345714215865970138827000472133965620852189047675665719920931773646656498554496180186538814536534291811671751031343599940448614367875849690770764587562751026919610907845814751934651542587787097054906048510661083268197316425500000000000e-03
1.968300000000000000000000000000000000000000000000000000000000000000000000000000000000000000000000000000000000000000000000000000000000000000000000000000000000000000000000000000000000000000000000000000000000000000000000000000000000000000000000000000000000000000000000000000000000000000000000000000000000e+04 2.509763269572850550528561939987765113555511660116397229452444991558296308155206967500579952100423391638160200008087444790211228252332737855023917203318141655413270827804706409444081808551961499865050147310991026852760880024480155302139500423002087198406380658091556212696027304493225197420400000000000e-03
5.904900000000000000000000000000000000000000000000000000000000000000000000000000000000000000000000000000000000000000000000000000000000000000000000000000000000000000000000000000000000000000000000000000000000000000000000000000000000000000000000000000000000000000000000000000000000000000000000000000000000e+04 2.562032905018905795910042782048666404472974413769179722215253956728426308206507773640516033581875814902143542789512793324296628687308860917142458594225562752616018450418409256885032212531803901180612764710175740909435307876286937243576572940963696489050595716656337586348987684322349371218000000000000e-03
1.771470000000000000000000000000000000000000000000000000000000000000000000000000000000000000000000000000000000000000000000000000000000000000000000000000000000000000000000000000000000000000000000000000000000000000000000000000000000000000000000000000000000000000000000000000000000000000000000000000000000e+05 2.156177624191318005561406796324415919570862409972186617472929482352452450871851261645313173082535354910271517226770706938808246560130934654244629581204180472905087813871605550828295310739111891272433525210549280321530374020513081185298233117669690513359428174089856352625523198336690287026700000000000e-03
5.314410000000000000000000000000000000000000000000000000000000000000000000000000000000000000000000000000000000000000000000000000000000000000000000000000000000000000000000000000000000000000000000000000000000000000000000000000000000000000000000000000000000000000000000000000000000000000000000000000000000e+05 2.620105152109801582333993089888446198484090375408253735717279913723255624050162254435974748504695731891059655044949912274210818770756866739325993337923738307510470922133600090927110382100816663307968076125137678494724377513847854516217819971173838699720001989320999471263145264212474021360900000000000e-03
1.594323000000000000000000000000000000000000000000000000000000000000000000000000000000000000000000000000000000000000000000000000000000000000000000000000000000000000000000000000000000000000000000000000000000000000000000000000000000000000000000000000000000000000000000000000000000000000000000000000000000e+06 2.213523660335348063841246070540543225323272539223149352913387821710193533642728379707019075621719009497328621519213449965343274038158063945138645616353024829082217752760481433664777148403841120815243290482879729165148878462876279472924359327591212271977011935541180989629043181000694242751200000000000e-03
4.782969000000000000000000000000000000000000000000000000000000000000000000000000000000000000000000000000000000000000000000000000000000000000000000000000000000000000000000000000000000000000000000000000000000000000000000000000000000000000000000000000000000000000000000000000000000000000000000000000000000e+06 2.427557887847425497715885337051745319325748859284844626650826486116463446781735275593571517015702445502367184169369096985279902596930502650718028393568158333293892320105242713325771817821270702844175193106932316614264286630735955478823092947260575120423836283179634518497612898430623385258700000000000e-03
1.434890700000000000000000000000000000000000000000000000000000000000000000000000000000000000000000000000000000000000000000000000000000000000000000000000000000000000000000000000000000000000000000000000000000000000000000000000000000000000000000000000000000000000000000000000000000000000000000000000000000e+07 1.957327263584167366112791580155774847671360986148010704967683253364397284915989141744674734071865480000313471488445199276998292446389000372737413980795502871714781850224247727236706799057720087259782623374351952400344113488262684687681576881522170827435036723172953612613350396872928050281700000000000e-03
4.304672100000000000000000000000000000000000000000000000000000000000000000000000000000000000000000000000000000000000000000000000000000000000000000000000000000000000000000000000000000000000000000000000000000000000000000000000000000000000000000000000000000000000000000000000000000000000000000000000000000e+07 2.289107813569275269879817497311447147028963746788158297573439907881032098086729077121014602999684367846075336055339740586399842469658886391990622090131229586440498651428102106843743401566547409889032247137906067372218763953100946067212925101546257096207426276349068111899072274244376065357900000000000e-03
1.291401630000000000000000000000000000000000000000000000000000000000000000000000000000000000000000000000000000000000000000000000000000000000000000000000000000000000000000000000000000000000000000000000000000000000000000000000000000000000000000000000000000000000000000000000000000000000000000000000000000e+08 2.636901370851334896834725156339904549809473176466035376691298294048939484379943535779971849482365928012451846950607202887917698814410054246951279935703496293391135309030783443826348609627706610465881716584704902756832437676633930789956548733328705140736006663888012550679048808374207197508900000000000e-03
3.874204890000000000000000000000000000000000000000000000000000000000000000000000000000000000000000000000000000000000000000000000000000000000000000000000000000000000000000000000000000000000000000000000000000000000000000000000000000000000000000000000000000000000000000000000000000000000000000000000000000e+08 2.294516494085713311151089403068266433613540497283081623998863222185144417442074986761333945751156251774189989990112132942860018337710086275736423849339703675789224322267086930341592509170404435251354095635335709116777715240033323435405319460991891454210052588021174747236594820684753184558900000000000e-03
1.162261467000000000000000000000000000000000000000000000000000000000000000000000000000000000000000000000000000000000000000000000000000000000000000000000000000000000000000000000000000000000000000000000000000000000000000000000000000000000000000000000000000000000000000000000000000000000000000000000000000e+09 2.195626165188917992928646427746664769918682716351289733088062863590505351703406826661265031381869992992708828228403484379032987829588785320103329094698796298131531759815783529603828507014943097587707523124850203821752750828508057418478787383452821401168452184221593770716374737740204052790700000000000e-03
3.486784401000000000000000000000000000000000000000000000000000000000000000000000000000000000000000000000000000000000000000000000000000000000000000000000000000000000000000000000000000000000000000000000000000000000000000000000000000000000000000000000000000000000000000000000000000000000000000000000000000e+09 2.031939692244710766755086588147589797078461814056937841574772664058397399602672677250475118011760973922493088703756735017347505962215887818554113732060448137329812071205410083368478481776514318169574620235547053224539129005233282334529117320120700630923848963724151778014633951438541951105100000000000e-03
1.046035320300000000000000000000000000000000000000000000000000000000000000000000000000000000000000000000000000000000000000000000000000000000000000000000000000000000000000000000000000000000000000000000000000000000000000000000000000000000000000000000000000000000000000000000000000000000000000000000000000e+10 2.426417463611477643701514601044337664639730141646224254581703391578724902797859639376143920600214539787403207884179390044566018832990419054640827371973671326126006387060471259945277894440442155309054049959401486928559735808459871659839924123513259020336171261730909556369398382194218776746000000000000e-03
3.138105960900000000000000000000000000000000000000000000000000000000000000000000000000000000000000000000000000000000000000000000000000000000000000000000000000000000000000000000000000000000000000000000000000000000000000000000000000000000000000000000000000000000000000000000000000000000000000000000000000e+10 2.655623188839269959362122798417965800170752734601204841889989094491551237493780368438231339539841187181099842023415437344450621296014635657258875504593957271897237587763195753466881301634732659687904651274624891087739171431733870677042028570886990966145739080673133212887416419729185501276700000000000e-03
9.414317882700000000000000000000000000000000000000000000000000000000000000000000000000000000000000000000000000000000000000000000000000000000000000000000000000000000000000000000000000000000000000000000000000000000000000000000000000000000000000000000000000000000000000000000000000000000000000000000000000e+10 2.229831577359011824424796707859059707455334206804458085604686217180011136108545142908232828053016236368524792895677066591273297617681324601118352063672916822756955504515346541251893954579941869151276385881122411411033991159959194932602461921067429608420969864761082625697866201547922258407300000000000e-03
2.824295364810000000000000000000000000000000000000000000000000000000000000000000000000000000000000000000000000000000000000000000000000000000000000000000000000000000000000000000000000000000000000000000000000000000000000000000000000000000000000000000000000000000000000000000000000000000000000000000000000e+11 2.408448871149466781512173919063526842330579353979638365355217428921784593500457267639285442039706525772775848298767166788153689298406021548768987445829060825564369505219731577023956738344156412258254020175291412145158077878397011089923333202563287612191150903042120440671318040535354917172600000000000e-03
8.472886094430000000000000000000000000000000000000000000000000000000000000000000000000000000000000000000000000000000000000000000000000000000000000000000000000000000000000000000000000000000000000000000000000000000000000000000000000000000000000000000000000000000000000000000000000000000000000000000000000e+11 2.308404378399679954559426284232980326108035053598814406955418151437691467098530718621094245165323155347860095627863196143782272391648653636153453062627904435056971376238481491201384109582386920745597482536814397972500760443427139221474978744636936257933648834918295114431953880606863470478900000000000e-03
2.541865828329000000000000000000000000000000000000000000000000000000000000000000000000000000000000000000000000000000000000000000000000000000000000000000000000000000000000000000000000000000000000000000000000000000000000000000000000000000000000000000000000000000000000000000000000000000000000000000000000e+12 2.556850181436488021677819100980204319594667074081757645174801538343888142089921356282510739713262786257119802134570272449623751906478782719264249447310305297177251090679115112283800253898410403131465667176222943944012437278677370209731783177111332659520041121411337863449059495402711737691600000000000e-03
7.625597484987000000000000000000000000000000000000000000000000000000000000000000000000000000000000000000000000000000000000000000000000000000000000000000000000000000000000000000000000000000000000000000000000000000000000000000000000000000000000000000000000000000000000000000000000000000000000000000000000e+12 2.346375453213067916308276116232779375370085934050451868639402110144167756130459331368212812127801174575974457896462047904431053716271049880434394217965872032594012403666406562550204920093608099762087875096964877759039596836360862356431422359220459292518859336148699610561307513587577747800500000000000e-03
2.287679245496100000000000000000000000000000000000000000000000000000000000000000000000000000000000000000000000000000000000000000000000000000000000000000000000000000000000000000000000000000000000000000000000000000000000000000000000000000000000000000000000000000000000000000000000000000000000000000000000e+13 2.084942502849021583504275496941905304012529774181195092496216297317767556039603470558653427170190600939283404989917021843121203360422271654884174543113240359210843574187141105107068790417086240754417421880116799565889957797346872570617956094555239680958748932006001503887050837268829813740600000000000e-03
6.863037736488300000000000000000000000000000000000000000000000000000000000000000000000000000000000000000000000000000000000000000000000000000000000000000000000000000000000000000000000000000000000000000000000000000000000000000000000000000000000000000000000000000000000000000000000000000000000000000000000e+13 1.971633531652304337860580619120454000173263862144445391447776217734245326747736121281733527232614909916170305875732742484639586357834727753215977059089107717379404460435236139052076092625913990460802142813369119786720869570362197651420567365539799230969216696021178771678462196248652520200200000000000e-03
2.058911320946490000000000000000000000000000000000000000000000000000000000000000000000000000000000000000000000000000000000000000000000000000000000000000000000000000000000000000000000000000000000000000000000000000000000000000000000000000000000000000000000000000000000000000000000000000000000000000000000e+14 2.390956292791908347646970190217190144091344869668542801034423630539339218702620332060977434733259876044886127060299514557539579805517595151139886275064381482970105506466305539279068020795333178479443435285714410731086504534207626720364618339886217039097674965568419978097076883722905620158300000000000e-03
6.176733962839470000000000000000000000000000000000000000000000000000000000000000000000000000000000000000000000000000000000000000000000000000000000000000000000000000000000000000000000000000000000000000000000000000000000000000000000000000000000000000000000000000000000000000000000000000000000000000000000e+14 2.321855187423992740621585253271650845773064006095164134861729136595445032963343103089709239581508391833826810160358669241587174516607385494933181442592983613978393752008819055962485891663385702996762679198641666043363110879226935890796671361682135466355042932078435310013994308810454062368900000000000e-03
1.853020188851841000000000000000000000000000000000000000000000000000000000000000000000000000000000000000000000000000000000000000000000000000000000000000000000000000000000000000000000000000000000000000000000000000000000000000000000000000000000000000000000000000000000000000000000000000000000000000000000e+15 2.459252931022550934771292374654603048459075661289443564599907721780383947225003205690963045603051313256841367628280223603631866630255080726044560128129266973075583283247209786372113359065085908548867051002158390690836384624909467077234239258821022342827282322100287758179136069253999605796800000000000e-03
5.559060566555523000000000000000000000000000000000000000000000000000000000000000000000000000000000000000000000000000000000000000000000000000000000000000000000000000000000000000000000000000000000000000000000000000000000000000000000000000000000000000000000000000000000000000000000000000000000000000000000e+15 2.164855559941709190353150322829544293627023228889437928638728588575570855061928410918536560169493890498614789539520283269343242409955685537344749420376983331397804673456966412128985090021127343237778091683655124741916665637813306018955674899541047387734650995978526509645619934862891040369300000000000e-03
