1.000000000000000000000000000000000000000000000000000000000000000000000000000000000000000000000000000000000000000000000000000000000000000000000000000000000000000000000000000000000000000000000000000000000000000000000000000000000000000000000000000000000000000000000000000000000000000000000000000000000000e+01 5.939224571997799464169895427912302136425882477761995600617716122775804785080515966188374833157555841298186161067079809899753255626058086052560166527778263306766066703382575071490230139969449479727839631505335447455332403107168667710476892649471927453687895562949065675592990713938058715956700000000000e-08
3.000000000000000000000000000000000000000000000000000000000000000000000000000000000000000000000000000000000000000000000000000000000000000000000000000000000000000000000000000000000000000000000000000000000000000000000000000000000000000000000000000000000000000000000000000000000000000000000000000000000000e+01 5.729290173751692335499345261643970409689556558263782616786559186371401086485589623208712599738642997472009729281364353560347828718203927059093873221995964948309574322731449192495480668090740064385729328048467934430158685908286760330286053758597648404825099518513017052666936824482029016829300000000000e-08
9.000000000000000000000000000000000000000000000000000000000000000000000000000000000000000000000000000000000000000000000000000000000000000000000000000000000000000000000000000000000000000000000000000000000000000000000000000000000000000000000000000000000000000000000000000000000000000000000000000000000000e+01 5.547406441217819238747744789714734511414495924059837135953036398420409903296750686578982727970202452388640969422931202813503062553376004682949488733989988046669445181273523430161850665395602199636617589147945987725251759396247390662338743827628572487654762033876988310222736693460335041608400000000000e-08
2.700000000000000000000000000000000000000000000000000000000000000000000000000000000000000000000000000000000000000000000000000000000000000000000000000000000000000000000000000000000000000000000000000000000000000000000000000000000000000000000000000000000000000000000000000000000000000000000000000000000000e+02 4.685891968574127846080372677073995133321834859517483636682279101027654380164067385171632961313630590611016103891026146440472897735918496279066335053090218561585078964928352895250093657654816880080079730161570877095526885988530804317015367296621643950081365257166028310723495575060513285134900000000000e-08
8.100000000000000000000000000000000000000000000000000000000000000000000000000000000000000000000000000000000000000000000000000000000000000000000000000000000000000000000000000000000000000000000000000000000000000000000000000000000000000000000000000000000000000000000000000000000000000000000000000000000000e+02 4.956239225453752397683231179171900245548743342318565100613719817523598711248305567985714362104609840002381635706002362524809311120945425101000239852530265774743771857160758678534184896745520770157501668039464655992437746473978634702106977303846859837673151564881135398343643817075280684408000000000000e-08
2.430000000000000000000000000000000000000000000000000000000000000000000000000000000000000000000000000000000000000000000000000000000000000000000000000000000000000000000000000000000000000000000000000000000000000000000000000000000000000000000000000000000000000000000000000000000000000000000000000000000000e+03 4.859832793582970927315384857378852343911492372117605684785616209017302672821606135881481584064283846036730427364954934435790913852894848909319396808382972964573923847268578626377548871417397812304311033027157994091850797918427563579537564284822137354218935735137996433816118947338016499121100000000000e-08
7.290000000000000000000000000000000000000000000000000000000000000000000000000000000000000000000000000000000000000000000000000000000000000000000000000000000000000000000000000000000000000000000000000000000000000000000000000000000000000000000000000000000000000000000000000000000000000000000000000000000000e+03 5.267027896465769343690089120746058751345710777182017431626791475513623597315531157675174167244092610016329508147083568011610642274482497249976026990565071821352977016379334504703948592317041571741264184789167567591198970753587648813401686993518395097990591861954533622748410758973011038908500000000000e-08
2.187000000000000000000000000000000000000000000000000000000000000000000000000000000000000000000000000000000000000000000000000000000000000000000000000000000000000000000000000000000000000000000000000000000000000000000000000000000000000000000000000000000000000000000000000000000000000000000000000000000000e+04 5.826642648075535189200164219785372762669949334231197991418513691188614049051881096133724792202446698230956643298806568037324394610618513815178883787992296198497899297360989553939618655230132727857203394610040205702212765317654009332516673435630360509033219498861154371166806130160151921956900000000000e-08
6.561000000000000000000000000000000000000000000000000000000000000000000000000000000000000000000000000000000000000000000000000000000000000000000000000000000000000000000000000000000000000000000000000000000000000000000000000000000000000000000000000000000000000000000000000000000000000000000000000000000000e+04 5.871293723028520231673140635044647995176645530264680172500604762129980190966108055338765562940055111311201403966650520475204739330934301665290042461431721387887410181467700992092594669682767287950546252844560283293520164422970360470372486653042629049791773004810835442660493814016457443343700000000000e-08
1.968300000000000000000000000000000000000000000000000000000000000000000000000000000000000000000000000000000000000000000000000000000000000000000000000000000000000000000000000000000000000000000000000000000000000000000000000000000000000000000000000000000000000000000000000000000000000000000000000000000000e+05 5.728642365837781330252041220351675821177574252707442316301122563933591501919863580945801689723172060122317966692690536625424778920808916969030301053949169666633962646676735625515420051872049945050439346823627247331360961450377390743062440484998993300268714434637779033799315815682267864239500000000000e-07
5.904900000000000000000000000000000000000000000000000000000000000000000000000000000000000000000000000000000000000000000000000000000000000000000000000000000000000000000000000000000000000000000000000000000000000000000000000000000000000000000000000000000000000000000000000000000000000000000000000000000000e+05 7.136905616109476215979406247558313152419584016509637808565428287965512763132814687613084087856048438003515263144471404394461275525119482017055278563514463365434996792282346030410088945133718713062040649673486099969283258293937964879122965256454311945447631069257653439061828279206312460476700000000000e-08
1.771470000000000000000000000000000000000000000000000000000000000000000000000000000000000000000000000000000000000000000000000000000000000000000000000000000000000000000000000000000000000000000000000000000000000000000000000000000000000000000000000000000000000000000000000000000000000000000000000000000000e+06 8.189846197226167471609496093581258098145862758074697761664209735615630200375557294794035988532895495090260522637543235122488276801241234987567102097260545316742229461214922719816762356668555283583917746524041479217376856479923696066043415438688643888157155334665303650295934654415116801745200000000000e-07
5.314410000000000000000000000000000000000000000000000000000000000000000000000000000000000000000000000000000000000000000000000000000000000000000000000000000000000000000000000000000000000000000000000000000000000000000000000000000000000000000000000000000000000000000000000000000000000000000000000000000000e+06 1.450979058749349357311517761605545672687709133170277690295372972687655347466393687052681767540948466236495397393313894376377878835265861569477687262560584362049122340491416037414272539641809220042780908938029880106301829883869491171856480054573963813402329130033202449503704666096380246921500000000000e-06
1.594323000000000000000000000000000000000000000000000000000000000000000000000000000000000000000000000000000000000000000000000000000000000000000000000000000000000000000000000000000000000000000000000000000000000000000000000000000000000000000000000000000000000000000000000000000000000000000000000000000000e+07 1.291619933337451939034941250374266004449474336799052151679973518676471433591580026208644513876069792039106525988994982263697056170583234804331500982393997107568386964923406592532502755422716490751121712972679265226223772622526057481877918935960399091253187973033773486360895847965869416669400000000000e-05
4.782969000000000000000000000000000000000000000000000000000000000000000000000000000000000000000000000000000000000000000000000000000000000000000000000000000000000000000000000000000000000000000000000000000000000000000000000000000000000000000000000000000000000000000000000000000000000000000000000000000000e+07 3.263378468324934324060698303270630348178614057156277746679712626124809575955574046973040472484527561128032963348460928132980799463457543121777083616247519241362932899163329113122364880007210189699296476636119092003866354379739444277403615413772412841756960828990739509200999641156567195203200000000000e-05
1.434890700000000000000000000000000000000000000000000000000000000000000000000000000000000000000000000000000000000000000000000000000000000000000000000000000000000000000000000000000000000000000000000000000000000000000000000000000000000000000000000000000000000000000000000000000000000000000000000000000000e+08 2.617637334081695357580503287097769056200580730012277242010336152652055610029883254041186218301936569734802716658798572289419465255692145520986717958936294571642557714318835272364918345287002913321812129912567585979142121180006809100353563132793735747847755977553467011774554192881785370339900000000000e-04
4.304672100000000000000000000000000000000000000000000000000000000000000000000000000000000000000000000000000000000000000000000000000000000000000000000000000000000000000000000000000000000000000000000000000000000000000000000000000000000000000000000000000000000000000000000000000000000000000000000000000000e+08 3.676724172890923007040615437434550833425280474517592082495961900651321097872528816213760660585416422417260023338985067107199681870630339949852689432508911225572448466425666493486114943796479475021644882130916270053612198805333501849019821276406588619815615537652299809148671764492717854638600000000000e-04
1.291401630000000000000000000000000000000000000000000000000000000000000000000000000000000000000000000000000000000000000000000000000000000000000000000000000000000000000000000000000000000000000000000000000000000000000000000000000000000000000000000000000000000000000000000000000000000000000000000000000000e+09 2.345243647987712355402698909931283794026481096225467184491523775807918754125465949443333208022541210660649064240693871499976753094205284657167659872812178194876199677193115889976031149920862606727358059664339370521656215070468101240098455063992809854399311752223573466525147525437536073887800000000000e-04
3.874204890000000000000000000000000000000000000000000000000000000000000000000000000000000000000000000000000000000000000000000000000000000000000000000000000000000000000000000000000000000000000000000000000000000000000000000000000000000000000000000000000000000000000000000000000000000000000000000000000000e+09 1.659613356273243076402756804623831985438417991025787267785804264172876823672201485734822588372626463328826657364087560576537473452679992771763784615335838394784689664716054963022019724247244574522116581605990477148166942225370893044528801860452259240553262200857763623113158334927377308599300000000000e-04
1.162261467000000000000000000000000000000000000000000000000000000000000000000000000000000000000000000000000000000000000000000000000000000000000000000000000000000000000000000000000000000000000000000000000000000000000000000000000000000000000000000000000000000000000000000000000000000000000000000000000000e+10 1.640712047351057180490848076371947378517507904406359536487980122498711967987544614473642458077596387851598759738616549595051089244526412009741323922971109690482887994776945982536483434073874535995452632241151790209158290624678360047939329694140918395029925135691930467283238919222485027590500000000000e-03
3.486784401000000000000000000000000000000000000000000000000000000000000000000000000000000000000000000000000000000000000000000000000000000000000000000000000000000000000000000000000000000000000000000000000000000000000000000000000000000000000000000000000000000000000000000000000000000000000000000000000000e+10 2.381703244555547479188076243174422662315547183182854843168352460235186590819461809592354591409030931131842205755256226686856442145282290205158924494046368594270293053572641725999187062549909423872079515306383302624171579297496316609989819253820449316753390209515443169985424085354137480851800000000000e-04
1.046035320300000000000000000000000000000000000000000000000000000000000000000000000000000000000000000000000000000000000000000000000000000000000000000000000000000000000000000000000000000000000000000000000000000000000000000000000000000000000000000000000000000000000000000000000000000000000000000000000000e+11 4.719260282677199411178688141496464275494735063733118739673463442868801839911121295008245635637367541073667690678372471245510003359595157945616181293623223872623442682834320746203837415890161814574861814062497611688646897580655312178317529237924501489671222139001651911182516023520228763544100000000000e-04
3.138105960900000000000000000000000000000000000000000000000000000000000000000000000000000000000000000000000000000000000000000000000000000000000000000000000000000000000000000000000000000000000000000000000000000000000000000000000000000000000000000000000000000000000000000000000000000000000000000000000000e+11 1.153771179858208007241097299696043673948400397929134754699781915835608885186566370042894514905964164029001430827143500478583574418492052726646878821789550814467462663393824324005082981994144252826530271911900966053932104219016096712461107446203490137877944227888596932592414838154569139593200000000000e-04
9.414317882700000000000000000000000000000000000000000000000000000000000000000000000000000000000000000000000000000000000000000000000000000000000000000000000000000000000000000000000000000000000000000000000000000000000000000000000000000000000000000000000000000000000000000000000000000000000000000000000000e+11 3.172410309378018771936720554085831393152977970592478493557941914422396061695599685349500718646673275062431818189413131297654209982460589740422920261591252763383989765485452740338733785621250112055064449724762906439877228205305654838220912548111358624461638515047028945528953656790478291860700000000000e-05
2.824295364810000000000000000000000000000000000000000000000000000000000000000000000000000000000000000000000000000000000000000000000000000000000000000000000000000000000000000000000000000000000000000000000000000000000000000000000000000000000000000000000000000000000000000000000000000000000000000000000000e+12 2.812522008109873446891867437676956881905170513777805101801000090499853586622114355079073323783662926127716345492293389090929987756757468867785935441456850329232168042040898538597709395949178161219014236392299917212161279720877030677747062347504314986958475795997039096798725603036575560677400000000000e-04
8.472886094430000000000000000000000000000000000000000000000000000000000000000000000000000000000000000000000000000000000000000000000000000000000000000000000000000000000000000000000000000000000000000000000000000000000000000000000000000000000000000000000000000000000000000000000000000000000000000000000000e+12 1.303877119211973088236157253722703015795503942296701144832717710662847795411329177774588530479510517136850405496310789916154514026665995758528711047598484594644716302427479667625806645202149977022617041916380269258619934727363184354543334094020470533058296276765514972156233780873266195841300000000000e-04
2.541865828329000000000000000000000000000000000000000000000000000000000000000000000000000000000000000000000000000000000000000000000000000000000000000000000000000000000000000000000000000000000000000000000000000000000000000000000000000000000000000000000000000000000000000000000000000000000000000000000000e+13 1.476082420870420913825960553651353262651648880692179522733212333832310036004234975894156306474804063900551581737113525311770915773681711803288142722513294295250311953225214306538458197826188616572011266670392877897841877463729785513459084932080283254576557411514873124670968977312862452766000000000000e-04
7.625597484987000000000000000000000000000000000000000000000000000000000000000000000000000000000000000000000000000000000000000000000000000000000000000000000000000000000000000000000000000000000000000000000000000000000000000000000000000000000000000000000000000000000000000000000000000000000000000000000000e+13 5.627987580394216250937895131212309905723881764470542631888661998264370554192329854227905710836622050187872797755577493585318584882470201598689779824371294887020341106070990769948650156427979149232718611149691502699876933473358141347454555469745052499207795143832028205395224309426145142742800000000000e-05
2.287679245496100000000000000000000000000000000000000000000000000000000000000000000000000000000000000000000000000000000000000000000000000000000000000000000000000000000000000000000000000000000000000000000000000000000000000000000000000000000000000000000000000000000000000000000000000000000000000000000000e+14 5.550470261583316177652511331914771192775535352800421366232089679367691491458918109699787225717310241859537850618524213115022976914797566286045602261111304242703762509796145274283816300397574355842474885470680528129158420593787791998886323961755267093837567522597027468264250148816262685981400000000000e-04
6.863037736488300000000000000000000000000000000000000000000000000000000000000000000000000000000000000000000000000000000000000000000000000000000000000000000000000000000000000000000000000000000000000000000000000000000000000000000000000000000000000000000000000000000000000000000000000000000000000000000000e+14 1.196187857509441975437582552319140316521808736898229913977210313757482263753133537000723947469372005536377688902816183325152673853092155485826682589365478378726561062881728471369380664449284439717480769325983271238896347585490396520416406858818341449756937593813948129448403931596606539594300000000000e-03
2.058911320946490000000000000000000000000000000000000000000000000000000000000000000000000000000000000000000000000000000000000000000000000000000000000000000000000000000000000000000000000000000000000000000000000000000000000000000000000000000000000000000000000000000000000000000000000000000000000000000000e+15 2.506667114251625191728240817691685863678761811914530297068139021382381449231579589012471940787473043327005459397097428002371077567330208614766384038344358421397185795699463473637578109610767247654736588073783267312361602218823744509185775121575707079935606459293458027296828646140773661903300000000000e-04
6.176733962839470000000000000000000000000000000000000000000000000000000000000000000000000000000000000000000000000000000000000000000000000000000000000000000000000000000000000000000000000000000000000000000000000000000000000000000000000000000000000000000000000000000000000000000000000000000000000000000000e+15 2.445507964374752273112161016052860836819713233583827881702548670008644688861545619909931656021613217436690084187736948799720890168726154413411292681359579274696720268008580353858053670920100679079393394471529062820432647074287507676727816552868188506076095172873748930975560350672965938726600000000000e-04
