1.000000000000000000000000000000000000000000000000000000000000000000000000000000000000000000000000000000000000000000000000000000000000000000000000000000000000000000000000000000000000000000000000000000000000000000000000000000000000000000000000000000000000000000000000000000000000000000000000000000000000e+00 9.377167980653814788043814997352424540963808968799382833776445227633434994777630783582575605217504620791259180684819328511040484303986940160057765772481071531024542006845653214523718482041665847462181050050289825534662797179243172325856536452320552457883432827759994168697841137578290602209100000000000e-16
3.000000000000000000000000000000000000000000000000000000000000000000000000000000000000000000000000000000000000000000000000000000000000000000000000000000000000000000000000000000000000000000000000000000000000000000000000000000000000000000000000000000000000000000000000000000000000000000000000000000000000e+00 1.051501124269384795287070233457341405555387671530980459993094894868625271571532032200964158316839392195552357996563350011222993148544667185711425731167781639947517894153680954645466477704035087500462890076054556374522660706558510234375243327143106905701425468946038331194617984203710785934200000000000e-15
9.000000000000000000000000000000000000000000000000000000000000000000000000000000000000000000000000000000000000000000000000000000000000000000000000000000000000000000000000000000000000000000000000000000000000000000000000000000000000000000000000000000000000000000000000000000000000000000000000000000000000e+00 1.055766789105143694393330690404669537428658523891037614993485548200978729433658636194942569631762803608386967629234969473423664221046449472357285212959366226849703997042459408072129760425210898080899385434911368271344953965667898115824196635266246757019534654027277422277791746220243241945400000000000e-15
2.700000000000000000000000000000000000000000000000000000000000000000000000000000000000000000000000000000000000000000000000000000000000000000000000000000000000000000000000000000000000000000000000000000000000000000000000000000000000000000000000000000000000000000000000000000000000000000000000000000000000e+01 1.035782888629925911662023068102922449345243557756112208256427578543264159093381664342391735787891648923532317615604407142985394100587258229260892436482304591968259822296192895798088308543188198632324337735407640931440046522046141483646344415274751998143325129035463094304342454400489594990500000000000e-15
8.100000000000000000000000000000000000000000000000000000000000000000000000000000000000000000000000000000000000000000000000000000000000000000000000000000000000000000000000000000000000000000000000000000000000000000000000000000000000000000000000000000000000000000000000000000000000000000000000000000000000e+01 9.658436950698709884650821490163130384223978104814194547810216213723459335638442227359434245343037767772951415577898564057074165139722113826048029374895213758306785816631062482974266062860232969699181937213076393699518296713341246383878599701295201811717877612747742692519272792492669026296900000000000e-16
2.430000000000000000000000000000000000000000000000000000000000000000000000000000000000000000000000000000000000000000000000000000000000000000000000000000000000000000000000000000000000000000000000000000000000000000000000000000000000000000000000000000000000000000000000000000000000000000000000000000000000e+02 1.173781801234212141947363987123379711228861956559205429073112721019293450877275258086013590463317675448771561086122542631465069617763577948260046227587279014159620186941938302077793491026566104931303004822838388317414680827184203084373860128135008597437441617721273362051886714415188403397500000000000e-15
7.290000000000000000000000000000000000000000000000000000000000000000000000000000000000000000000000000000000000000000000000000000000000000000000000000000000000000000000000000000000000000000000000000000000000000000000000000000000000000000000000000000000000000000000000000000000000000000000000000000000000e+02 8.226839105734073743192413170419477857429946522142463290639573324898820608534768284778275029086622131636675925085021291609387621507574177243525184161557915026218930398677101579348918628036785361621873231924897552224456255189889630853789123910618591139584708754312732692518214900563625446550800000000000e-16
2.187000000000000000000000000000000000000000000000000000000000000000000000000000000000000000000000000000000000000000000000000000000000000000000000000000000000000000000000000000000000000000000000000000000000000000000000000000000000000000000000000000000000000000000000000000000000000000000000000000000000e+03 7.636406897633043125246970861397404261061913716429493179720038861081784003118280058816291024905698002248911250587717242359349061368519884913557134745028920723330476406468436288594097894204674382129813805861706966508378791984084234853988802400008687077043456333270638354383043938455534187119600000000000e-16
6.561000000000000000000000000000000000000000000000000000000000000000000000000000000000000000000000000000000000000000000000000000000000000000000000000000000000000000000000000000000000000000000000000000000000000000000000000000000000000000000000000000000000000000000000000000000000000000000000000000000000e+03 9.899775475781555096842658349133691242150164131018507217496935354072664314546818038754535908080586151108302305223511862353388313294869062548700136160693536815731959181603646581313109860808105481307295459372145333427942933255264146821811730862024207506804956278996823315900370374265203147688600000000000e-16
1.968300000000000000000000000000000000000000000000000000000000000000000000000000000000000000000000000000000000000000000000000000000000000000000000000000000000000000000000000000000000000000000000000000000000000000000000000000000000000000000000000000000000000000000000000000000000000000000000000000000000e+04 1.036934680581296119276716268701793950796633012161867426109934456836765693799785717892885313099359812550074339069389767219097952542392394029570380506699301757277649140035295763968788664434638835605866146433643220840159231573509011872767581632565031947813670670108371012734452778698612074585000000000000e-15
5.904900000000000000000000000000000000000000000000000000000000000000000000000000000000000000000000000000000000000000000000000000000000000000000000000000000000000000000000000000000000000000000000000000000000000000000000000000000000000000000000000000000000000000000000000000000000000000000000000000000000e+04 1.199183300398803401178273555291049893035527347657953641361177670733543026571925975016862130416893931842652200269778934596075795812126536567255817024406984670453712946950402329481386533305627061668507394190214319234404496977541287523831819217516519176505566187469986329868717744735444254759800000000000e-15
1.771470000000000000000000000000000000000000000000000000000000000000000000000000000000000000000000000000000000000000000000000000000000000000000000000000000000000000000000000000000000000000000000000000000000000000000000000000000000000000000000000000000000000000000000000000000000000000000000000000000000e+05 1.089470405901307484569758700704002075297618100672514563045712931506632037138359637574144076469824988735530068144535120858357760791560988595140765966044421102758955343888983571764549453777062813209905781196799566810334741237910583596601234920711544310712205601277756039054309232548328168846700000000000e-15
5.314410000000000000000000000000000000000000000000000000000000000000000000000000000000000000000000000000000000000000000000000000000000000000000000000000000000000000000000000000000000000000000000000000000000000000000000000000000000000000000000000000000000000000000000000000000000000000000000000000000000e+05 1.033420217549267685242853460276944423537668185247227701501857690197407252794230231591208500813186631929954254014164170989436932345066768641020135619766825987414848287918285727544786320009412061750907622607584013226040817153474044834176258158829952420303352131200835158129211772065634360945200000000000e-15
1.594323000000000000000000000000000000000000000000000000000000000000000000000000000000000000000000000000000000000000000000000000000000000000000000000000000000000000000000000000000000000000000000000000000000000000000000000000000000000000000000000000000000000000000000000000000000000000000000000000000000e+06 6.117005096177758814239645365277685843903983921162931105089898499355093867244452087850417359575022540326864423667043334432542747302911273311690820478389357127560451175573612515910930530108605231811153185007755361128177838378277382450003366533532355339604398704120156432191017439324743987884000000000000e-16
4.782969000000000000000000000000000000000000000000000000000000000000000000000000000000000000000000000000000000000000000000000000000000000000000000000000000000000000000000000000000000000000000000000000000000000000000000000000000000000000000000000000000000000000000000000000000000000000000000000000000000e+06 7.300155167585486046830415076099953344705854272483520373951878113178783622369809526048899710790734748025158560038353397378911985606816238445795384624635934471817807411853882319991450104132263138763325667178345938061724337873569379312076839317894325903915057442418556852512477902885135271600800000000000e-16
1.434890700000000000000000000000000000000000000000000000000000000000000000000000000000000000000000000000000000000000000000000000000000000000000000000000000000000000000000000000000000000000000000000000000000000000000000000000000000000000000000000000000000000000000000000000000000000000000000000000000000e+07 7.105392438607380980162836275937932256492155261750108896991231036866057386497348015106237387809274975623232518902981394180065235292336778646683028999167876025610798383556599733807450975292293377544838046454394479319499538563658866414172494294178228764077964704774355055732629149471285864150900000000000e-16
4.304672100000000000000000000000000000000000000000000000000000000000000000000000000000000000000000000000000000000000000000000000000000000000000000000000000000000000000000000000000000000000000000000000000000000000000000000000000000000000000000000000000000000000000000000000000000000000000000000000000000e+07 1.001055273897634315249731716262601083491692994904466650537069087622746171190769427897527144175947631037126230048246659710700046710960713508236174184914925869223393032737833783951771768816396582030901268490078462462397906305403234027909394303963337350412505845372362275497418190049509042415900000000000e-15
1.291401630000000000000000000000000000000000000000000000000000000000000000000000000000000000000000000000000000000000000000000000000000000000000000000000000000000000000000000000000000000000000000000000000000000000000000000000000000000000000000000000000000000000000000000000000000000000000000000000000000e+08 1.167070720260887733011476214661608912961990670057474960857249791063844787411050890470198515030684766161993157255382578516084369461194937993393062835232979884370767411068679047257412722737943403754035592402176764732986221056091002109957888541587469872441555170917201242234174856230378375994600000000000e-15
3.874204890000000000000000000000000000000000000000000000000000000000000000000000000000000000000000000000000000000000000000000000000000000000000000000000000000000000000000000000000000000000000000000000000000000000000000000000000000000000000000000000000000000000000000000000000000000000000000000000000000e+08 8.758741684590605743365509205718098618971846645524354689327770803173552847011543422716809533668439194694590302491583250161520282422031509464023694126107842141105560142728965583498151167027803221238777335690225609517164577194258799158931541180239416805275742473243495556950499625974009975172500000000000e-15
1.162261467000000000000000000000000000000000000000000000000000000000000000000000000000000000000000000000000000000000000000000000000000000000000000000000000000000000000000000000000000000000000000000000000000000000000000000000000000000000000000000000000000000000000000000000000000000000000000000000000000e+09 5.296441657121811041166030530898678457908159331909145731178317835437848594196260726707627930323844585335597840499086745087028533885013707981773980703247742596511305077805139454909899573756537684220270698893123633288312774669353138943297438689036703165861434843412588006596177715314110613985100000000000e-15
3.486784401000000000000000000000000000000000000000000000000000000000000000000000000000000000000000000000000000000000000000000000000000000000000000000000000000000000000000000000000000000000000000000000000000000000000000000000000000000000000000000000000000000000000000000000000000000000000000000000000000e+09 9.544248067189981270216459705701499116056762807639640611543346205280367438893048008557206117409612295059499089484557872754532771900499296248706678636479085714982873160833806251096409379888146680253655627238386911805573531019323623472280630688623308445501818945547260834671613694891944307082800000000000e-14
1.046035320300000000000000000000000000000000000000000000000000000000000000000000000000000000000000000000000000000000000000000000000000000000000000000000000000000000000000000000000000000000000000000000000000000000000000000000000000000000000000000000000000000000000000000000000000000000000000000000000000e+10 1.320993506618983000768609211388498624105323692610278139681815177667852586880890462652188662789790266399435675138380254551144188232339508797865004869306998682096189275472990960988929653664592798110880438770273133330161998510446380690462347410933276278187263436799850739277602245930755917776100000000000e-13
3.138105960900000000000000000000000000000000000000000000000000000000000000000000000000000000000000000000000000000000000000000000000000000000000000000000000000000000000000000000000000000000000000000000000000000000000000000000000000000000000000000000000000000000000000000000000000000000000000000000000000e+10 4.522255741177667077602561596796842520765429304642553259927925272458104121898366242558885309432970885480250423474157966488497650059505346392861075215690189097409948248323236659129500566999218098890989652065224852817971275391066965310676510636372664552380004165990755992826125817756599602597000000000000e-11
9.414317882700000000000000000000000000000000000000000000000000000000000000000000000000000000000000000000000000000000000000000000000000000000000000000000000000000000000000000000000000000000000000000000000000000000000000000000000000000000000000000000000000000000000000000000000000000000000000000000000000e+10 6.508042149915955901203147160295584509136251934484285929881107936496645444684689293118398054548026480932107421057983539997303815967995433909058580166188182166113254740323360236382496198562425080504296312881116516806901092554933530284468823200458505740219436765769274934347107181609626829556100000000000e-10
2.824295364810000000000000000000000000000000000000000000000000000000000000000000000000000000000000000000000000000000000000000000000000000000000000000000000000000000000000000000000000000000000000000000000000000000000000000000000000000000000000000000000000000000000000000000000000000000000000000000000000e+11 1.223284214349434042287283806065708682137129856514947878369606331406971554376414791400291111516097403482855289820641403119920834937379945252290405538044079084627767640224360079200186007355583986289450398692243913672257385375324769724463275573100630150149304214898412509765229178032723421657000000000000e-09
8.472886094430000000000000000000000000000000000000000000000000000000000000000000000000000000000000000000000000000000000000000000000000000000000000000000000000000000000000000000000000000000000000000000000000000000000000000000000000000000000000000000000000000000000000000000000000000000000000000000000000e+11 2.591125132740819405102367163934207100000634036485310732007127633603570286658349890099866803563627792466003371478169562011599649293018530795716364483423722174111942893805167550121186833149416280538262828238920474357008880793565041596456716236652423215368038366203471071860396186808857598787300000000000e-08
2.541865828329000000000000000000000000000000000000000000000000000000000000000000000000000000000000000000000000000000000000000000000000000000000000000000000000000000000000000000000000000000000000000000000000000000000000000000000000000000000000000000000000000000000000000000000000000000000000000000000000e+12 1.320512009350003770301687387427645339726313871929066538498244361642414376318757687781567470957679543660161486638911753486968153413912346076122239490400631057876955456553717905369965455481579963035893792812524228647634317530565946943380074498615532310017081000919938529860565321619705261145700000000000e-06
7.625597484987000000000000000000000000000000000000000000000000000000000000000000000000000000000000000000000000000000000000000000000000000000000000000000000000000000000000000000000000000000000000000000000000000000000000000000000000000000000000000000000000000000000000000000000000000000000000000000000000e+12 1.212872296104840490960184999819472857069764850762749425924881192405997370356309081844119921570358691596815421742276095033912775369663780071626003869336192161899968800459961984909922244035201410323693904913364867484701586718451573629517965462297237790052010899011013529578543325971971112913400000000000e-05
2.287679245496100000000000000000000000000000000000000000000000000000000000000000000000000000000000000000000000000000000000000000000000000000000000000000000000000000000000000000000000000000000000000000000000000000000000000000000000000000000000000000000000000000000000000000000000000000000000000000000000e+13 1.174446519681449392772025137477790959986468361927489957752987235444587927076077786593750313046440957819137175753482821360246259241004280909964027953476352302719320295258181956844993392963776847913822568715223021371939662546082102325053570566416264059164228550156554509860960306723608206530600000000000e-04
6.863037736488300000000000000000000000000000000000000000000000000000000000000000000000000000000000000000000000000000000000000000000000000000000000000000000000000000000000000000000000000000000000000000000000000000000000000000000000000000000000000000000000000000000000000000000000000000000000000000000000e+13 6.098708878919481018298204075890182625438361953802636293394752526781103158452160681845492429207948148345335455098944129926856761909667492045368039128818834913934510142890709025324741090354111511583188184185975509593039099045911124669157804289061707463081973395611326725520527861698007118662300000000000e-05
2.058911320946490000000000000000000000000000000000000000000000000000000000000000000000000000000000000000000000000000000000000000000000000000000000000000000000000000000000000000000000000000000000000000000000000000000000000000000000000000000000000000000000000000000000000000000000000000000000000000000000e+14 3.644784799758481234125856755653310844604809738410681132746833999867996677776178764163555047867558976268798139453763310669453292000204122700066233542683902276963100953881013581415551673634111495934480977515933301376732711812277361893558292052262330981491414393237395424540259060398599617341400000000000e-05
6.176733962839470000000000000000000000000000000000000000000000000000000000000000000000000000000000000000000000000000000000000000000000000000000000000000000000000000000000000000000000000000000000000000000000000000000000000000000000000000000000000000000000000000000000000000000000000000000000000000000000e+14 6.056906152111840636024646339166262046542568613888324633345934218121138195642380880215480685261563017445886096612680953283059129919149251001464026611713557986495092694842826990814700260196260412325431603670258715151018040185815105715179142956625307821291758269942063176992521893641213549096300000000000e-02
1.853020188851841000000000000000000000000000000000000000000000000000000000000000000000000000000000000000000000000000000000000000000000000000000000000000000000000000000000000000000000000000000000000000000000000000000000000000000000000000000000000000000000000000000000000000000000000000000000000000000000e+15 2.404056728080989771140651234601150209184569717065231888220507890712291104535195141847752158548928321671141338267127121846978820853975080030540716957992170638690828508216441315717186316028001002262482070441490104650926643953329863090610625834658687457329707019744195656447022178915401990005800000000000e-02
5.559060566555523000000000000000000000000000000000000000000000000000000000000000000000000000000000000000000000000000000000000000000000000000000000000000000000000000000000000000000000000000000000000000000000000000000000000000000000000000000000000000000000000000000000000000000000000000000000000000000000e+15 1.280890128181480017636735009968848355445290688690875433657416405917520740774455635700394053408684667839094691829459285676192122306078002008879226190419031833378461371554510726963223650658698006122407666393871038960916979462959939955774564007977877628378443143073806617324360592371075713377400000000000e+00
