1.000000000000000000000000000000000000000000000000000000000000000000000000000000000000000000000000000000000000000000000000000000000000000000000000000000000000000000000000000000000000000000000000000000000000000000000000000000000000000000000000000000000000000000000000000000000000000000000000000000000000e+00 1.340701691998483288729370024177514807555154850528938801471056968475924979262939420543157755176999058767437001967024411257380069839540962679051660320162115606867887676862537993246459839115680152284165455657114485294338858428769095997000782082301318032905277738302015340454032591735502611178600000000000e-02
3.000000000000000000000000000000000000000000000000000000000000000000000000000000000000000000000000000000000000000000000000000000000000000000000000000000000000000000000000000000000000000000000000000000000000000000000000000000000000000000000000000000000000000000000000000000000000000000000000000000000000e+00 1.224159301625837564984288044281619968099907910706156458637110585911442990596953923984314486389848423758668494170719566619836559293633041872774269714221769355832633661671044207197270325076557835447615201927453628965173996256179437883348724355645291555195500834443399754461413686212292981531500000000000e-02
9.000000000000000000000000000000000000000000000000000000000000000000000000000000000000000000000000000000000000000000000000000000000000000000000000000000000000000000000000000000000000000000000000000000000000000000000000000000000000000000000000000000000000000000000000000000000000000000000000000000000000e+00 1.034387950511744401277440350620354159302562606062941291731939690367676160229551472168123091224292344503385854172545734939249081478594150217337366703589673398380783078681099531528825220973302317635912532012710052417985443997280170026304642979556046745587937947543135515221408163155756486525100000000000e-02
2.700000000000000000000000000000000000000000000000000000000000000000000000000000000000000000000000000000000000000000000000000000000000000000000000000000000000000000000000000000000000000000000000000000000000000000000000000000000000000000000000000000000000000000000000000000000000000000000000000000000000e+01 7.050470690432745796750137937934928890793036361846682567115457974144610702768364059407571847719198596447300516590480535183671359320072796001623146931478208603160865831004247756388625231772002507191562107506627269205869043807083769700161152713137472405495212352023922182344722046741790336619700000000000e-03
8.100000000000000000000000000000000000000000000000000000000000000000000000000000000000000000000000000000000000000000000000000000000000000000000000000000000000000000000000000000000000000000000000000000000000000000000000000000000000000000000000000000000000000000000000000000000000000000000000000000000000e+01 1.401520045274386682502686403578407426899157207656850599682538226476056947211427044545412946853501557060695253828533738224274505652403012726236880231021305907506578651315415928216205924176213545102262113890445933615644609032577110111574032240764730805619469124683452811842253531847338061708400000000000e-02
2.430000000000000000000000000000000000000000000000000000000000000000000000000000000000000000000000000000000000000000000000000000000000000000000000000000000000000000000000000000000000000000000000000000000000000000000000000000000000000000000000000000000000000000000000000000000000000000000000000000000000e+02 8.244815249738443076750752556903162115113560719661627575992590330130770377200139823945871320003828068148378969869774625092558449588936701315893115118673775058973345620147185601545537298296416916660355275332672187511699585937058541307824658739393588862662128980536228943962206240588632186914200000000000e-03
7.290000000000000000000000000000000000000000000000000000000000000000000000000000000000000000000000000000000000000000000000000000000000000000000000000000000000000000000000000000000000000000000000000000000000000000000000000000000000000000000000000000000000000000000000000000000000000000000000000000000000e+02 1.715379663576424750752393277806524891317547522966211243971243439766675471581960300598560251456199543078023795989485177010969394472886116273267678949190371586506919074010972421445410040970989263356907436830939217852287307304526638830955278131216111792570514150560749456323440912455100598314200000000000e-02
2.187000000000000000000000000000000000000000000000000000000000000000000000000000000000000000000000000000000000000000000000000000000000000000000000000000000000000000000000000000000000000000000000000000000000000000000000000000000000000000000000000000000000000000000000000000000000000000000000000000000000e+03 1.251503171488661353951092186964616160213004007593392204643410736388071488937706487746047202263369422114103273006018294730676897425813663278324850686614631999383844374934551242064476295740458370285207891568136883488867773780125669778486999813772298994685549968376329715960610747470487198750600000000000e-02
6.561000000000000000000000000000000000000000000000000000000000000000000000000000000000000000000000000000000000000000000000000000000000000000000000000000000000000000000000000000000000000000000000000000000000000000000000000000000000000000000000000000000000000000000000000000000000000000000000000000000000e+03 5.189104755778012270894094409123871623686515089358884791115278464278103215292339671482877837695995781317671771349625675821492350243544632471695556442237360494059425977135494639909780577281850158971574293456189546982574047581738188140501423583187146192313685975299615053170063341862596299827500000000000e-02
1.968300000000000000000000000000000000000000000000000000000000000000000000000000000000000000000000000000000000000000000000000000000000000000000000000000000000000000000000000000000000000000000000000000000000000000000000000000000000000000000000000000000000000000000000000000000000000000000000000000000000e+04 9.301453269019556321760495043647619431756258190153169196772858445663722932757709841268659365156146571337809212167339792752958300105380805081568783138920498976923860225429001422160501389408709109426541828081429770775318445342075623997244002057244529963557439537558086705256335217322669057396200000000000e-02
5.904900000000000000000000000000000000000000000000000000000000000000000000000000000000000000000000000000000000000000000000000000000000000000000000000000000000000000000000000000000000000000000000000000000000000000000000000000000000000000000000000000000000000000000000000000000000000000000000000000000000e+04 7.539787063710081173047126155054044603734499030667979388156001968415149618990794063667127268566898099748260005985744483337486088924640936557700850605713617622571915417371117935466804401678801004017470931194938859608378916807862932516127390465116737986645646956043294707447298048671574634781600000000000e-02
1.771470000000000000000000000000000000000000000000000000000000000000000000000000000000000000000000000000000000000000000000000000000000000000000000000000000000000000000000000000000000000000000000000000000000000000000000000000000000000000000000000000000000000000000000000000000000000000000000000000000000e+05 2.964563440554908289946623344758370764710837087953078106405026981984935956507478716260951894071546002560463498988170791357684059431759572656061629083940321385822644662057884362609764222502340135562163409239292690624361832446079785787388105290192690777145379101635920437725488504603092401878700000000000e-02
5.314410000000000000000000000000000000000000000000000000000000000000000000000000000000000000000000000000000000000000000000000000000000000000000000000000000000000000000000000000000000000000000000000000000000000000000000000000000000000000000000000000000000000000000000000000000000000000000000000000000000e+05 1.611193084380037872540411730531032069944962309693033347160978564077328608254069206443025140806047941124165388402092247355596377359519542659146297730774034453267494356559990780886722500047471963107753834281226155026793354104745449316746093260245909020212381142658281810151013317601443680837100000000000e-01
1.594323000000000000000000000000000000000000000000000000000000000000000000000000000000000000000000000000000000000000000000000000000000000000000000000000000000000000000000000000000000000000000000000000000000000000000000000000000000000000000000000000000000000000000000000000000000000000000000000000000000e+06 5.859565419771352467632104355773072732559481048735840541189185876102659345028502794671176791254489187039894978347739605399976747658320561973678525179855439794325757566449175560164249426722183067895359578566671347950512511369726940094825018054989956185913275962165404474472877572802658400220000000000000e-02
4.782969000000000000000000000000000000000000000000000000000000000000000000000000000000000000000000000000000000000000000000000000000000000000000000000000000000000000000000000000000000000000000000000000000000000000000000000000000000000000000000000000000000000000000000000000000000000000000000000000000000e+06 6.355140945908574702707445815729395219260643529457690690740031235815679213577667308427497931723290823281864288983140210376382704923920325105872381243957359630280470895514432140273578300830957936696064391937662385585096553327035268353003410400122710922508217514949316754281061067396741754034800000000000e-02
1.434890700000000000000000000000000000000000000000000000000000000000000000000000000000000000000000000000000000000000000000000000000000000000000000000000000000000000000000000000000000000000000000000000000000000000000000000000000000000000000000000000000000000000000000000000000000000000000000000000000000e+07 4.389451814406413750116890558661696483056533661239206721225811936635489214310606996652739450271807434927046738383772557841018855040281010803599649241053115382711361601296804762266442056927790214962604971608146584333433619962059240989593138365400128516938486967130690377648598435225745934068000000000000e-01
4.304672100000000000000000000000000000000000000000000000000000000000000000000000000000000000000000000000000000000000000000000000000000000000000000000000000000000000000000000000000000000000000000000000000000000000000000000000000000000000000000000000000000000000000000000000000000000000000000000000000000e+07 2.346673318472527229767703836047609323059810095590182039898285011915690219662464680055234375241227641508685603023744691105306068070898067656064769203796923900973879012491720050917149198706836914465219980773445299507133653300784445800565022485152724504480690144707290846867305088645875073646900000000000e-01
1.291401630000000000000000000000000000000000000000000000000000000000000000000000000000000000000000000000000000000000000000000000000000000000000000000000000000000000000000000000000000000000000000000000000000000000000000000000000000000000000000000000000000000000000000000000000000000000000000000000000000e+08 3.146429237347010456194383098558084790773544823275748930138230726804997922676869929776133723188900886249296702690479752364680218361491954165955110810424430550382337957973226913840148784679740915807534206141630485764810925441661554135520741325616935865042098380097722935875106475412844948416600000000000e-01
3.874204890000000000000000000000000000000000000000000000000000000000000000000000000000000000000000000000000000000000000000000000000000000000000000000000000000000000000000000000000000000000000000000000000000000000000000000000000000000000000000000000000000000000000000000000000000000000000000000000000000e+08 1.475281424016669705505218905989804675787642703341829293806572040146708765112904419839387160169267227603833261441637396354253989218973938997812299355937185640804764733824171427412193248332334140810675385182242246292439865836913258146438152324875807623139652032052817815081579840816155081014500000000000e-01
1.162261467000000000000000000000000000000000000000000000000000000000000000000000000000000000000000000000000000000000000000000000000000000000000000000000000000000000000000000000000000000000000000000000000000000000000000000000000000000000000000000000000000000000000000000000000000000000000000000000000000e+09 4.299129518258087918777995764398813193715291513345958834570133885015815222223840751873512745288940045694207532324076855521921422089521643961166406626493060297848219282857531662300091445368294166690284430570442351786271532995365183427558311766587012327675874127129398434846708680333751160925600000000000e-01
3.486784401000000000000000000000000000000000000000000000000000000000000000000000000000000000000000000000000000000000000000000000000000000000000000000000000000000000000000000000000000000000000000000000000000000000000000000000000000000000000000000000000000000000000000000000000000000000000000000000000000e+09 1.963833702413967011386290335170849949856037618737654176180784667506361225086236506922721320822984218181850518909443798659338745903433999785689651296813412053096623565068388213817019502778415523078683633908118471278460300401245421001907184279578200729679818976999265650766285761118075092535700000000000e-01
1.046035320300000000000000000000000000000000000000000000000000000000000000000000000000000000000000000000000000000000000000000000000000000000000000000000000000000000000000000000000000000000000000000000000000000000000000000000000000000000000000000000000000000000000000000000000000000000000000000000000000e+10 1.760726201603072081585940339517342009111543262651998345799839942067110349496308794270417435321796525953997638603720840680998007036156339910922663994614332980644081327071875354601092838855690524720074945399953678925964614835200436375309349571844504089620630635453049197788291114887400647049200000000000e-01
3.138105960900000000000000000000000000000000000000000000000000000000000000000000000000000000000000000000000000000000000000000000000000000000000000000000000000000000000000000000000000000000000000000000000000000000000000000000000000000000000000000000000000000000000000000000000000000000000000000000000000e+10 1.871513250065432640339089677647056190293311653622273366232867330708559759326002293548295928432336246205363990008692439104772135278245968976713336734052071877430680994645062639932582806256685302914433588468061470200715864978854370757475892052420636378783755994952167286267751545476172512359900000000000e-01
9.414317882700000000000000000000000000000000000000000000000000000000000000000000000000000000000000000000000000000000000000000000000000000000000000000000000000000000000000000000000000000000000000000000000000000000000000000000000000000000000000000000000000000000000000000000000000000000000000000000000000e+10 1.655664712982410152042480021913968973523432897017130061740205437438401337423024855914919631970142608197577043368662867089953773415136914938701198740627697785246022764121764449265741601245525651236496491098014603668087601038636699527304978875212360308863611925069836941100372054589664558867300000000000e-01
2.824295364810000000000000000000000000000000000000000000000000000000000000000000000000000000000000000000000000000000000000000000000000000000000000000000000000000000000000000000000000000000000000000000000000000000000000000000000000000000000000000000000000000000000000000000000000000000000000000000000000e+11 2.769751692658650536891571676889284842277642566485380948990528674744151723026487459756581258528612258077694308024751954272940075225503922330743190210928365007912388591644165563939088889177487731143652525937248201333677226406555052406476083999232480012405425878654855495682719779013029467431600000000000e-01
8.472886094430000000000000000000000000000000000000000000000000000000000000000000000000000000000000000000000000000000000000000000000000000000000000000000000000000000000000000000000000000000000000000000000000000000000000000000000000000000000000000000000000000000000000000000000000000000000000000000000000e+11 2.882789931490298820941536770977012931317540641485132633202310833049453351697818204556996213705836953758069498750285081936332646560242096062192687465894136535203935693362508728406077413155116243893285506354396906257787186312060441813585291694419945025556576410554188041480831898358124561633900000000000e-02
2.541865828329000000000000000000000000000000000000000000000000000000000000000000000000000000000000000000000000000000000000000000000000000000000000000000000000000000000000000000000000000000000000000000000000000000000000000000000000000000000000000000000000000000000000000000000000000000000000000000000000e+12 2.183416145631076388109855659572835249675600529662883278500607415404382752827763010929887159303834690747913652883961872064175558041459863480145272845650439400836248611106611463669898420452637593146730102596475041885649950197789832118790195772692495564037017187178909729384905095965299387200600000000000e-01
7.625597484987000000000000000000000000000000000000000000000000000000000000000000000000000000000000000000000000000000000000000000000000000000000000000000000000000000000000000000000000000000000000000000000000000000000000000000000000000000000000000000000000000000000000000000000000000000000000000000000000e+12 2.919309582411599587971392871464063490484566716275486882973225416573312583049732969626521025065898960437024676413720756385335803492691798782768921780444087613770246799113777450209462894644534165967860385725248557201358176476623971172191169267698364519327166216642643861155939697393755650693700000000000e-01
2.287679245496100000000000000000000000000000000000000000000000000000000000000000000000000000000000000000000000000000000000000000000000000000000000000000000000000000000000000000000000000000000000000000000000000000000000000000000000000000000000000000000000000000000000000000000000000000000000000000000000e+13 3.199454307150130626231580694150625869670187878532595242291219004767490108328024500218933374620010414908832636435856857506539427637768334958199438968977736844537016664816040228668090104140758578536738315860070556034308573390111951849189885241389608751903673110253362945065560483672369592924400000000000e-02
6.863037736488300000000000000000000000000000000000000000000000000000000000000000000000000000000000000000000000000000000000000000000000000000000000000000000000000000000000000000000000000000000000000000000000000000000000000000000000000000000000000000000000000000000000000000000000000000000000000000000000e+13 9.113214572916706647613027279530651390698519260108600996669010573816820883823718344696823884155380917491803306655550615704105093546729551788805158232172052645236992183987717628346837111497736169685318040192774289630636161418308107490187592315562754337401990325530556055409966460334152958585200000000000e-03
2.058911320946490000000000000000000000000000000000000000000000000000000000000000000000000000000000000000000000000000000000000000000000000000000000000000000000000000000000000000000000000000000000000000000000000000000000000000000000000000000000000000000000000000000000000000000000000000000000000000000000e+14 1.419546761888497658263751025749446059366398335750612404674758699598038704857591098533755116566560997054220944999293587561427017665965923919593914368038723691699604468909776635087460048684149830255970400895082179439960292643203331961087860702839552039014817168500981024417123339571345539143700000000000e-01
6.176733962839470000000000000000000000000000000000000000000000000000000000000000000000000000000000000000000000000000000000000000000000000000000000000000000000000000000000000000000000000000000000000000000000000000000000000000000000000000000000000000000000000000000000000000000000000000000000000000000000e+14 1.956733071361361451347309097871971898194643226724480068360787421631254660598625652031855574163418379085551550086204500172354163504583059299437547165766868174476008408760618461747957121845645003321735628683883567566479122413671490551888268479988395508409288661800874564241384094489385640370200000000000e-02
1.853020188851841000000000000000000000000000000000000000000000000000000000000000000000000000000000000000000000000000000000000000000000000000000000000000000000000000000000000000000000000000000000000000000000000000000000000000000000000000000000000000000000000000000000000000000000000000000000000000000000e+15 1.064269637987518113952585134117303707798113644125889637020285977629499796195680807289209058261102552573331890109460195445542739942898514231217395709020793171104909752217398712392541260688194185129600721431412835679182076583296455152822545090714255148729503314353587573154559446910923682291400000000000e-01
5.559060566555523000000000000000000000000000000000000000000000000000000000000000000000000000000000000000000000000000000000000000000000000000000000000000000000000000000000000000000000000000000000000000000000000000000000000000000000000000000000000000000000000000000000000000000000000000000000000000000000e+15 5.607787797292700049145070277536621009733744613449769502934232641915271098535366203100504752752607203948571376466633144856236330912060871210949551167497265128386614140581698846253370654298561228132687462667745845735667566637134985589035093233985155837202853336861750438455377153902321280864100000000000e-02
