1.000000000000000000000000000000000000000000000000000000000000000000000000000000000000000000000000000000000000000000000000000000000000000000000000000000000000000000000000000000000000000000000000000000000000000000000000000000000000000000000000000000000000000000000000000000000000000000000000000000000000e+01 4.119896641390911687394035781452069253332906782868337499197067476849834294843506385946236729645886555588348141354443057869125518639076225364529704043240822928532141875515183669942525230414019393990779414405503784106346369047049547885277937115870146356113896057621601751210426870554848094301400000000000e-07
3.000000000000000000000000000000000000000000000000000000000000000000000000000000000000000000000000000000000000000000000000000000000000000000000000000000000000000000000000000000000000000000000000000000000000000000000000000000000000000000000000000000000000000000000000000000000000000000000000000000000000e+01 2.103918023536961696185655485667500711720358430711814917110893966719705073212431918191319948844365165079752202303276612994796891716023565153333332668673975562933086526737749339952398289924159856596715464431565649658517313681848511772738901918852673519305435478424340623485863102285169517844600000000000e-06
9.000000000000000000000000000000000000000000000000000000000000000000000000000000000000000000000000000000000000000000000000000000000000000000000000000000000000000000000000000000000000000000000000000000000000000000000000000000000000000000000000000000000000000000000000000000000000000000000000000000000000e+01 3.010906086188124028051669607380639315664845861700410261264904392986966980947360481300193073816838253463612660754561162224592822838038265790689682449630298158952109304552472312667177409100395161423397783450740451260740888528082440638213714036203972921994680994306944211902292788935316346512800000000000e-06
2.700000000000000000000000000000000000000000000000000000000000000000000000000000000000000000000000000000000000000000000000000000000000000000000000000000000000000000000000000000000000000000000000000000000000000000000000000000000000000000000000000000000000000000000000000000000000000000000000000000000000e+02 1.719066213071724887223418332175484371029841345343575887074848211595503667715101569849035840396627563081255395491154149152274180995232010186243044257427016236498782641262265868919739674479977692624730456786854508025216257817573523861074998496892416681500495211701500064440435572750710383231800000000000e-05
8.100000000000000000000000000000000000000000000000000000000000000000000000000000000000000000000000000000000000000000000000000000000000000000000000000000000000000000000000000000000000000000000000000000000000000000000000000000000000000000000000000000000000000000000000000000000000000000000000000000000000e+02 1.458198176459685832037250737313801200654268031690557795558805222448741196557164132637756259407689406485280141419978103658438786747376092274194065970542261373298524017783731307154657457061527775652570677918452106153716663365492107564910509529501270004022301638565068773535694507406513225275500000000000e-05
2.430000000000000000000000000000000000000000000000000000000000000000000000000000000000000000000000000000000000000000000000000000000000000000000000000000000000000000000000000000000000000000000000000000000000000000000000000000000000000000000000000000000000000000000000000000000000000000000000000000000000e+03 3.028125137503676013150348617544895541282701004447269322216594825255787427974170119440317694239808018468124642161376582130480816076487272676537023447382158046094066064664767949053985285896999688218901012196307653999369398731614015350965449468014957347970545479735850340039647376769783958300600000000000e-05
7.290000000000000000000000000000000000000000000000000000000000000000000000000000000000000000000000000000000000000000000000000000000000000000000000000000000000000000000000000000000000000000000000000000000000000000000000000000000000000000000000000000000000000000000000000000000000000000000000000000000000e+03 1.314801938012124875816259421215413320417416392711921238102596848291944274733778600762996543490860628264439565718289711103327951348633213042574729127888162491829138779620088439822179656970857483070626795927752560116168665149002850456341183370124198294771274552835361871889174536189716603875500000000000e-03
2.187000000000000000000000000000000000000000000000000000000000000000000000000000000000000000000000000000000000000000000000000000000000000000000000000000000000000000000000000000000000000000000000000000000000000000000000000000000000000000000000000000000000000000000000000000000000000000000000000000000000e+04 4.415680228850890502343922332459710822927479189544815930842043258838414966124066676248047609928974061990844329856522673350970302373773650078675636063932540339594264977251674072408791520394870637360940886401066694821596863126871911457444674713759470377127032265587013021168193489461391008194300000000000e-04
6.561000000000000000000000000000000000000000000000000000000000000000000000000000000000000000000000000000000000000000000000000000000000000000000000000000000000000000000000000000000000000000000000000000000000000000000000000000000000000000000000000000000000000000000000000000000000000000000000000000000000e+04 2.570928238444189113954556124425003501616360766171491999458450973731631163358823106468388098624368835126027520602403593152317150202709435777326045657522923575785230013069069104144179195551017037624622650746485955389399528913099137567675969560919503014683348242295497225334132764429797473265300000000000e-03
1.968300000000000000000000000000000000000000000000000000000000000000000000000000000000000000000000000000000000000000000000000000000000000000000000000000000000000000000000000000000000000000000000000000000000000000000000000000000000000000000000000000000000000000000000000000000000000000000000000000000000e+05 2.823313789798565515802396686391361162446802663482008383978943828631050218954175031981985567863868435245056382512441243281832608628989504644050010639142191131331766705542954533231932516316410197670778633541958433023735748954627464955967514936922957414342481076991156280660998112423562426128500000000000e-03
5.904900000000000000000000000000000000000000000000000000000000000000000000000000000000000000000000000000000000000000000000000000000000000000000000000000000000000000000000000000000000000000000000000000000000000000000000000000000000000000000000000000000000000000000000000000000000000000000000000000000000e+05 2.128643143559927953954436551898398842177429992509149421435256372105936979984032414936344559283032325012366314311280480962380708243493421394536319637227836227351197004731579408154055871815246657441431836004160688223179896776686262232727141595172730035392289961656086401516344197634175051781000000000000e-03
1.771470000000000000000000000000000000000000000000000000000000000000000000000000000000000000000000000000000000000000000000000000000000000000000000000000000000000000000000000000000000000000000000000000000000000000000000000000000000000000000000000000000000000000000000000000000000000000000000000000000000e+06 3.306324295854199975315499871814844405904165080311059444696700483897727477415397942286512975311622072599049336164492203262631673654449507485733837722133152921669321440033063039762422281477008921512875681695108245073450556476424414642383124604259454817460759053997305401813217881766530133679400000000000e-03
5.314410000000000000000000000000000000000000000000000000000000000000000000000000000000000000000000000000000000000000000000000000000000000000000000000000000000000000000000000000000000000000000000000000000000000000000000000000000000000000000000000000000000000000000000000000000000000000000000000000000000e+06 6.397860575485085033306549889521888009937487820720963705931308477039814174638418112271782637880722529979719865753826384298292848749347163101301204650646367323809253463555637681711974332898928388351945209737842731630261831840594898855587510096083508346770180007348354078781209313001500485184800000000000e-03
1.594323000000000000000000000000000000000000000000000000000000000000000000000000000000000000000000000000000000000000000000000000000000000000000000000000000000000000000000000000000000000000000000000000000000000000000000000000000000000000000000000000000000000000000000000000000000000000000000000000000000e+07 5.834422530123085010447084919167662525594149263391518076108929434950504583946525446956424728941179247521154828845469455454009855916290320427331653132052845594728953763744140736866479504102859296750650351506916116269247381306174342631501423422851252720060405749461823934844145149721688706954600000000000e-03
4.782969000000000000000000000000000000000000000000000000000000000000000000000000000000000000000000000000000000000000000000000000000000000000000000000000000000000000000000000000000000000000000000000000000000000000000000000000000000000000000000000000000000000000000000000000000000000000000000000000000000e+07 5.962974699713282481175470883338350498242907322588837787205393606745899242321779924636988844955774483521448702102905984400091099974001280617141926105263489521645689671159884399239287954558265899563226568376644029102291357267393406100815296613222127847593136098662742357213902288754033667256500000000000e-03
1.434890700000000000000000000000000000000000000000000000000000000000000000000000000000000000000000000000000000000000000000000000000000000000000000000000000000000000000000000000000000000000000000000000000000000000000000000000000000000000000000000000000000000000000000000000000000000000000000000000000000e+08 1.162577914004632225969487150710929791842324596399108859797292996100396064100009047860630566964824021316831661041154118451654173936893594751035958020544463707869802298302310625758385615985125657120043908249431216165047502545673268884239537728248210332433504173532866511411881357649054361300500000000000e-02
4.304672100000000000000000000000000000000000000000000000000000000000000000000000000000000000000000000000000000000000000000000000000000000000000000000000000000000000000000000000000000000000000000000000000000000000000000000000000000000000000000000000000000000000000000000000000000000000000000000000000000e+08 9.352535966632111680643060856073848225095961530368823185635728280184011065537865193084015961663112994768691592393642728076129398255018733005968108083681240455755859854112954588769807790201048036935971483168977862567599275600443501108945285780518379684286534635959329340903072954555833009298700000000000e-03
1.291401630000000000000000000000000000000000000000000000000000000000000000000000000000000000000000000000000000000000000000000000000000000000000000000000000000000000000000000000000000000000000000000000000000000000000000000000000000000000000000000000000000000000000000000000000000000000000000000000000000e+09 2.730434279187357141563188370430791473172990751712120018779843661595886436713400314773110586907426201865413935691033527001271754755566183074758453238842528320692428500196854515387475479348405186492083513819449443366023002167482229235977552188000325423410896825082497120979449650148547263788200000000000e-02
3.874204890000000000000000000000000000000000000000000000000000000000000000000000000000000000000000000000000000000000000000000000000000000000000000000000000000000000000000000000000000000000000000000000000000000000000000000000000000000000000000000000000000000000000000000000000000000000000000000000000000e+09 1.433734703268744442892959817724626993299492973284251557025460432345695340798916688724775923645834778818316086952149950139344812168025162638400909601942630267198624538680653364716137460029809188101632605925757905610674771031793810630605680913949444900712150629822153267820375192110484170531600000000000e-02
1.162261467000000000000000000000000000000000000000000000000000000000000000000000000000000000000000000000000000000000000000000000000000000000000000000000000000000000000000000000000000000000000000000000000000000000000000000000000000000000000000000000000000000000000000000000000000000000000000000000000000e+10 1.486844310352672011336245823021211912171319451891933466561946700692116380303323379282591493632288917896350470893222755615432727607977091518239417603493402052099202184018251743553342672890940941484070731865799911084484913901296418888212855202105684608070310801157646407734328595172314139665400000000000e-02
3.486784401000000000000000000000000000000000000000000000000000000000000000000000000000000000000000000000000000000000000000000000000000000000000000000000000000000000000000000000000000000000000000000000000000000000000000000000000000000000000000000000000000000000000000000000000000000000000000000000000000e+10 1.840509994962380365267776905733186722611431953695528871093731969699348455548563165012035276404704607369764373575444690781355819265276740569754872316461196341776069228767171736371085178182378045657216568962154023709432964773884615020648966375984695047020048975051324878779859785599336937154400000000000e-02
1.046035320300000000000000000000000000000000000000000000000000000000000000000000000000000000000000000000000000000000000000000000000000000000000000000000000000000000000000000000000000000000000000000000000000000000000000000000000000000000000000000000000000000000000000000000000000000000000000000000000000e+11 2.274450473178913890246919644909519635832422011636839378018679621545729056424703407665410290116475892347132294053543102869455598597875943182772012430609520657868922982018976450340540744548994472957743637524869051642696978906019661929234230748410086564519069511961864081164800437268176201354900000000000e-02
3.138105960900000000000000000000000000000000000000000000000000000000000000000000000000000000000000000000000000000000000000000000000000000000000000000000000000000000000000000000000000000000000000000000000000000000000000000000000000000000000000000000000000000000000000000000000000000000000000000000000000e+11 2.620903528266490192807299398593840265551666520837562915808578962102655993360836541861747611974631788344218775165953054502708777476826552156071251757530520868252799914811638360532959343138743141116702986649533517460449546455703141559906829156195020243401349981535573043077112337559516100031700000000000e-02
9.414317882700000000000000000000000000000000000000000000000000000000000000000000000000000000000000000000000000000000000000000000000000000000000000000000000000000000000000000000000000000000000000000000000000000000000000000000000000000000000000000000000000000000000000000000000000000000000000000000000000e+11 5.033201699499497373197612957334447999530884107920445289810235663867971684765996722614575655089013485507886608031881817300233773030185876344024967944315994159917495969316468849400377538808774840415325647357808859612844433313407270003793027333692733729739194861414002308904508127593479564718800000000000e-02
2.824295364810000000000000000000000000000000000000000000000000000000000000000000000000000000000000000000000000000000000000000000000000000000000000000000000000000000000000000000000000000000000000000000000000000000000000000000000000000000000000000000000000000000000000000000000000000000000000000000000000e+12 1.475077103120519040759712288938494199000664349713268912536717964052195359221168169040081444202266670986698944446004856638538904360064262575385409584160824957693502677175743542772382544640204468426095382267647343356990683257264069802391016735506599153490549876975533500301725530345284966592400000000000e-02
8.472886094430000000000000000000000000000000000000000000000000000000000000000000000000000000000000000000000000000000000000000000000000000000000000000000000000000000000000000000000000000000000000000000000000000000000000000000000000000000000000000000000000000000000000000000000000000000000000000000000000e+12 1.519334015568755795559378508723000961716979470059137664277035082291491900009545983965256685154312549326383455574431339814564612559034078087220269009439071694323799735184980683524901200729523990434256811992552840637524096982892041687050578406857700202438063913858321061304875411323668156042000000000000e-02
2.541865828329000000000000000000000000000000000000000000000000000000000000000000000000000000000000000000000000000000000000000000000000000000000000000000000000000000000000000000000000000000000000000000000000000000000000000000000000000000000000000000000000000000000000000000000000000000000000000000000000e+13 1.695785731705178857052939671330830721079303682444317383379921523280731064000338891670930738127695860011928376363109651929930949073192628924830682303839050959165336122041039203673343211922091059843283460112316230720116327716671500476730225788249649512961897114363730089570199707274535391434300000000000e-01
7.625597484987000000000000000000000000000000000000000000000000000000000000000000000000000000000000000000000000000000000000000000000000000000000000000000000000000000000000000000000000000000000000000000000000000000000000000000000000000000000000000000000000000000000000000000000000000000000000000000000000e+13 7.600999531049978808809801904991711753975865674682584528851393682068204450770931832000712708583054795529888485730112876560485822629804189448113372790802015505089467698316946758032779335213933405521803120622921681835982434884836894603271617006424482172137600066508578518238995440296925943762300000000000e-02
2.287679245496100000000000000000000000000000000000000000000000000000000000000000000000000000000000000000000000000000000000000000000000000000000000000000000000000000000000000000000000000000000000000000000000000000000000000000000000000000000000000000000000000000000000000000000000000000000000000000000000e+14 1.009656298062105005659986700603920186389501700352014362652801587939005372842581056270739191657700346969107220168468261691196867710398443068730998255875055673594118806377544502440811781125281692153700351235278880017015126562873425740386369396005983198050887096235714619021455759839618313193500000000000e-01
6.863037736488300000000000000000000000000000000000000000000000000000000000000000000000000000000000000000000000000000000000000000000000000000000000000000000000000000000000000000000000000000000000000000000000000000000000000000000000000000000000000000000000000000000000000000000000000000000000000000000000e+14 2.269928678546444312757590670882998864478546946589103396502125457067315531187368601027771810042008645495147815574857369458887521205961521488347202097200337464502434031061937758432302095321763042546000206712932209950132000927489982502708965570334584476100399036374808429445620538748589040761500000000000e-02
2.058911320946490000000000000000000000000000000000000000000000000000000000000000000000000000000000000000000000000000000000000000000000000000000000000000000000000000000000000000000000000000000000000000000000000000000000000000000000000000000000000000000000000000000000000000000000000000000000000000000000e+15 8.295061862148811658655116975162324593955913913147609445294716170512718096163699199849012834532542519320846829482277390495623058999317384293592382091196404747956898263844277708251832562904456365401542365340461819075038423463828263091451541280335863928804822878396933051283600302402867725005600000000000e-02
6.176733962839470000000000000000000000000000000000000000000000000000000000000000000000000000000000000000000000000000000000000000000000000000000000000000000000000000000000000000000000000000000000000000000000000000000000000000000000000000000000000000000000000000000000000000000000000000000000000000000000e+15 1.251555487818147402672387539894310941978093753619936127385457181191798648238782222661436355751279674797660653364948618306294656675064806472520035054719411867525873168136449081014827748608677937736153655693626520362796296689516196189968137764955490223883401332005451264008497243345963115725600000000000e-01
