1.000000000000000000000000000000000000000000000000000000000000000000000000000000000000000000000000000000000000000000000000000000000000000000000000000000000000000000000000000000000000000000000000000000000000000000000000000000000000000000000000000000000000000000000000000000000000000000000000000000000000e+01 2.193233859275582955154840549270801604294274568570135200621526230619415903020240609859444549188723221246636016202797047848948018279915318700934722105348040566201466000728819904193896699622858450776546851105945461149289399972162730807905319884035281859440074269187821624614247994524570226891800000000000e-02
3.000000000000000000000000000000000000000000000000000000000000000000000000000000000000000000000000000000000000000000000000000000000000000000000000000000000000000000000000000000000000000000000000000000000000000000000000000000000000000000000000000000000000000000000000000000000000000000000000000000000000e+01 7.097994029091995191240820510497250832578625606403830340154920686660078016749297747387308271086853276578562505209958558453547583607753209274938491160211621691486151813247770342173378584907755351801163923168167823807437637201124070184642487900557011657616961045153203446018221235059897302561400000000000e-02
9.000000000000000000000000000000000000000000000000000000000000000000000000000000000000000000000000000000000000000000000000000000000000000000000000000000000000000000000000000000000000000000000000000000000000000000000000000000000000000000000000000000000000000000000000000000000000000000000000000000000000e+01 3.103357769986186728392239660139419681610592433997311839614741192087965709404083924375101381228467669925115651215384558865492591780353731313566255121007597938377958063558833974933040025471441699969153193047390351811741071275958387584318685794924733556653063747498513540053970411416189738609100000000000e-01
2.700000000000000000000000000000000000000000000000000000000000000000000000000000000000000000000000000000000000000000000000000000000000000000000000000000000000000000000000000000000000000000000000000000000000000000000000000000000000000000000000000000000000000000000000000000000000000000000000000000000000e+02 7.603581540141235475128417198734769568546909901664339422839240629408651241161584214399963199299521737065496016849267708771159971531070249112848179355598836710737694047630162752040662133351344667675224653543218411038410452787623729610450639076116089554319318701907048158897063625025711554079900000000000e-01
8.100000000000000000000000000000000000000000000000000000000000000000000000000000000000000000000000000000000000000000000000000000000000000000000000000000000000000000000000000000000000000000000000000000000000000000000000000000000000000000000000000000000000000000000000000000000000000000000000000000000000e+02 5.506207554916468039453367760147569533789224555157447542763883091918469096930890471175717635872103335092317139019643871674076658345293909532616137961679096243330232306030256698257997842224965014167545375597057915726338255235663972670057392483751775899226377718177010772584322193441374719528000000000000e-01
2.430000000000000000000000000000000000000000000000000000000000000000000000000000000000000000000000000000000000000000000000000000000000000000000000000000000000000000000000000000000000000000000000000000000000000000000000000000000000000000000000000000000000000000000000000000000000000000000000000000000000e+03 7.749171489717761081650851595616924903709534944130458420320441610971874956145647030181060871457552368140602526764255342177758266822739623368803068129495696027158921548097602749856307538183720218869032468895384735916110858011923662633863839967214718214716959490293614711085808045619483736950900000000000e-01
7.290000000000000000000000000000000000000000000000000000000000000000000000000000000000000000000000000000000000000000000000000000000000000000000000000000000000000000000000000000000000000000000000000000000000000000000000000000000000000000000000000000000000000000000000000000000000000000000000000000000000e+03 1.222724167261549436961632508018014794210093965893921456112493364644006617589046553795453180791180143387138153800101946441606609737558382768673331718270780737275135685894158765756959988099798405339350961706495303543909055225332017924324278962023562499727511106160390729936255840421062730788900000000000e+00
2.187000000000000000000000000000000000000000000000000000000000000000000000000000000000000000000000000000000000000000000000000000000000000000000000000000000000000000000000000000000000000000000000000000000000000000000000000000000000000000000000000000000000000000000000000000000000000000000000000000000000e+04 1.314889549565928273714393620982404086384759666643858682961588695531545101935031131714061076777471877452114629996763896633528496494386292197630893627954539180984284251199998825016616325949498245466557861107401528922587298270311520237158091158134251170507482307591151303076026840622274270395700000000000e+00
6.561000000000000000000000000000000000000000000000000000000000000000000000000000000000000000000000000000000000000000000000000000000000000000000000000000000000000000000000000000000000000000000000000000000000000000000000000000000000000000000000000000000000000000000000000000000000000000000000000000000000e+04 1.456660587077540455090420825324777143813500748451128067241885764456695819106878332149540824997470865228682584256437663988549626944648867627802628777571207436980210172267831765001389170135154463797377030038074614629388683558586951165837355475357570037387658376033977772100968827257602073208400000000000e+00
1.968300000000000000000000000000000000000000000000000000000000000000000000000000000000000000000000000000000000000000000000000000000000000000000000000000000000000000000000000000000000000000000000000000000000000000000000000000000000000000000000000000000000000000000000000000000000000000000000000000000000e+05 9.628014064130286452241286595345273064918240118463432276936069129490738070002489413597639349088540630220593203040900473225903252077059878371462076453906855630336624518985673678648847804593781861638520030849990433999144259455225044564431784499460700004953392676026577899594477388152499260476200000000000e-01
5.904900000000000000000000000000000000000000000000000000000000000000000000000000000000000000000000000000000000000000000000000000000000000000000000000000000000000000000000000000000000000000000000000000000000000000000000000000000000000000000000000000000000000000000000000000000000000000000000000000000000e+05 1.647275442303307742452358792892111429971341780645030778925151364764422994401158804153839620144555788382269482191324139108896463985198117621144204721500974781860732817017574377034154653168949404849477182826882938253721505445310576192863411007293836565986850736652102682707155851495781463639400000000000e+00
1.771470000000000000000000000000000000000000000000000000000000000000000000000000000000000000000000000000000000000000000000000000000000000000000000000000000000000000000000000000000000000000000000000000000000000000000000000000000000000000000000000000000000000000000000000000000000000000000000000000000000e+06 3.347395942004038594291290690320866507258433052870625056817843880103915035742172781525365497217857165919606397856674725236430224940235713118680332409001105988932923923033317637272916164030154529638166770760182508464954349493073095540969935528054531601160213422177044762524410873288522801560600000000000e+00
5.314410000000000000000000000000000000000000000000000000000000000000000000000000000000000000000000000000000000000000000000000000000000000000000000000000000000000000000000000000000000000000000000000000000000000000000000000000000000000000000000000000000000000000000000000000000000000000000000000000000000e+06 1.275368421280148422187971437881046496321639882709229543196608006522104655918398024807773303232827879879317278907054411057609727451338989341052716741340519872435549560343238693211470258179301941386556537108130350260125855999315718354750124759395247495610067065615690255179615463557878270387900000000000e+00
1.594323000000000000000000000000000000000000000000000000000000000000000000000000000000000000000000000000000000000000000000000000000000000000000000000000000000000000000000000000000000000000000000000000000000000000000000000000000000000000000000000000000000000000000000000000000000000000000000000000000000e+07 4.476937666006462991141750736466116736132502435953200846340634851182447320656248631292700953407035486326977444351758332682261713543868470009594659012809354568473001929116235303863774849444872168721557634651992539687643616648169892219731389139658039572001743335530287949239129181367499452352000000000000e+00
4.782969000000000000000000000000000000000000000000000000000000000000000000000000000000000000000000000000000000000000000000000000000000000000000000000000000000000000000000000000000000000000000000000000000000000000000000000000000000000000000000000000000000000000000000000000000000000000000000000000000000e+07 2.324172477819176410579801477738370062243817702860292886253889599578690734978459091130952349933964596022162894919068975482278341539865609195278232779454773069767069135441741489642744397971154262474891531171709587987466219351546002141962963986183456939033797258745598333509707637051325721490400000000000e+00
1.434890700000000000000000000000000000000000000000000000000000000000000000000000000000000000000000000000000000000000000000000000000000000000000000000000000000000000000000000000000000000000000000000000000000000000000000000000000000000000000000000000000000000000000000000000000000000000000000000000000000e+08 2.161108371863663716376159130771759551759525604749345926788302995338259030629903819282269696395498318327125629314152883246166303044707877244966661987686769587159275936356836254077264168580058687492518078702801710912636598757660661877111123456490737723296524298979035558311838671126044438202400000000000e+00
4.304672100000000000000000000000000000000000000000000000000000000000000000000000000000000000000000000000000000000000000000000000000000000000000000000000000000000000000000000000000000000000000000000000000000000000000000000000000000000000000000000000000000000000000000000000000000000000000000000000000000e+08 5.412010607350192871997216089812526595892365822263715722293258925297541327875944922794756126206151276186050843154125112431839487128735670797819944000377645679338344716801373763664867396270107435305897704106361402941249296974724848751698672631059659415356935971328013294679486485342551602563300000000000e+00
1.291401630000000000000000000000000000000000000000000000000000000000000000000000000000000000000000000000000000000000000000000000000000000000000000000000000000000000000000000000000000000000000000000000000000000000000000000000000000000000000000000000000000000000000000000000000000000000000000000000000000e+09 1.323297775479923783876019122336032075883741313124235921452902477972070940318127355444485948115683928342828665867840676687078469010922690415609742000546856338780873307707495975920313653535376377795813546837474651660002328318068228104375621700648513097930456183063096986308974689978203565903300000000000e+00
3.874204890000000000000000000000000000000000000000000000000000000000000000000000000000000000000000000000000000000000000000000000000000000000000000000000000000000000000000000000000000000000000000000000000000000000000000000000000000000000000000000000000000000000000000000000000000000000000000000000000000e+09 6.554232095714370772441446986295051004322643367535750784384612025644018249709980398585373702928080595855755279571960349280485867358694822651729061763198712023649712565883802920824365060537266971595960508617452524599904608448762876471683933220969164922477426472469534548595193825806223733283600000000000e-01
1.162261467000000000000000000000000000000000000000000000000000000000000000000000000000000000000000000000000000000000000000000000000000000000000000000000000000000000000000000000000000000000000000000000000000000000000000000000000000000000000000000000000000000000000000000000000000000000000000000000000000e+10 1.205314444947435170179528848189332519157007276900249505844660776566910641284638693061756795902674154852753352345367676604516523780262896159315121039613974324237489006676454971985924780630475328777366644155889382754518574186259590740289109996672084594491294001611427869072328445803896708606900000000000e+00
3.486784401000000000000000000000000000000000000000000000000000000000000000000000000000000000000000000000000000000000000000000000000000000000000000000000000000000000000000000000000000000000000000000000000000000000000000000000000000000000000000000000000000000000000000000000000000000000000000000000000000e+10 1.093642756082527219450298934013859001587760904421583058111404824558034580765208501668124776758591388060658588566528411117746235095541342091127537776858244725919475473542952917927679150008147216399736657497521724635726203434910506720778261024526103641171866814880823941606087680100181211412900000000000e+00
1.046035320300000000000000000000000000000000000000000000000000000000000000000000000000000000000000000000000000000000000000000000000000000000000000000000000000000000000000000000000000000000000000000000000000000000000000000000000000000000000000000000000000000000000000000000000000000000000000000000000000e+11 1.247341939768895113666906534301765510171923135177866040556874608164884186748772184145129126150559163757353730874970213095795358845909605668947909278410116631041055773302425197470543849780590648880429942037354057920291947614730225452269154006216901002957342759632429705891680033572122402142900000000000e+00
3.138105960900000000000000000000000000000000000000000000000000000000000000000000000000000000000000000000000000000000000000000000000000000000000000000000000000000000000000000000000000000000000000000000000000000000000000000000000000000000000000000000000000000000000000000000000000000000000000000000000000e+11 1.668195113222566801155228431564460725011754422879636695686326706127493950604962727075520661319013702016213759015594016527332564731670127746093138434283982902815073969335554056725904527927194015599641786603264967348551081004941588010725779181936352106351991035990415579871508043132766525112500000000000e+00
9.414317882700000000000000000000000000000000000000000000000000000000000000000000000000000000000000000000000000000000000000000000000000000000000000000000000000000000000000000000000000000000000000000000000000000000000000000000000000000000000000000000000000000000000000000000000000000000000000000000000000e+11 1.546409365313944476584723504598574017676670405382325517519392133562120288576021513283095584036968722247360203474988382083083637325012835514940952158213747745892804385869182411936308780371507777758456852758864964165647461633150901786906440874744215906866381999862840593522830287401884249255600000000000e+00
2.824295364810000000000000000000000000000000000000000000000000000000000000000000000000000000000000000000000000000000000000000000000000000000000000000000000000000000000000000000000000000000000000000000000000000000000000000000000000000000000000000000000000000000000000000000000000000000000000000000000000e+12 3.097056805728352425585375278354098650195342420440584422993029874170084685300552475065025117521711263162002037698333044204203185958222291118495173441449330583112507170690868444594657531468813458778319963906040631292687815042242210270110431919883154444247364293686386770965501494315766050901700000000000e+00
8.472886094430000000000000000000000000000000000000000000000000000000000000000000000000000000000000000000000000000000000000000000000000000000000000000000000000000000000000000000000000000000000000000000000000000000000000000000000000000000000000000000000000000000000000000000000000000000000000000000000000e+12 1.237313465951624594352191224767820161367803542626547974197705680390681179929118384259795342861476035916930874566931973532937008198405462398924419686287977861373494782958007588304621366447881894870997736428380097112801804629515060667363476264046362372247524449042976560988601058940719249073700000000000e+00
2.541865828329000000000000000000000000000000000000000000000000000000000000000000000000000000000000000000000000000000000000000000000000000000000000000000000000000000000000000000000000000000000000000000000000000000000000000000000000000000000000000000000000000000000000000000000000000000000000000000000000e+13 1.764647658223745928897574630089036326005084783457453282420108298435967533715610596267899239104750406300852667161302907268112507142612115929269668327660189367092953441615567307936362416460218530740223044437575353773437916839547572976870302007646378201741753204460395740214592167932276531253900000000000e+00
7.625597484987000000000000000000000000000000000000000000000000000000000000000000000000000000000000000000000000000000000000000000000000000000000000000000000000000000000000000000000000000000000000000000000000000000000000000000000000000000000000000000000000000000000000000000000000000000000000000000000000e+13 1.186583235659578649226618973466924418958836672860854510818696050506267455340994039236592787585177740526538433300134800764861417782391553049305411128035288385283377332874373310144781170037161338769411746065019166218786380230691906589468021656250239317623409115148744484083386556903741659856700000000000e+00
2.287679245496100000000000000000000000000000000000000000000000000000000000000000000000000000000000000000000000000000000000000000000000000000000000000000000000000000000000000000000000000000000000000000000000000000000000000000000000000000000000000000000000000000000000000000000000000000000000000000000000e+14 2.551018577690433101975740646715186609852184682615171899992361822465098198876189091273465444926288293237485512843758760402885500263779629941164639706533259425387701735679170395055779183595293439994958676197555605929712525515754182279705083869133125698094348179866404246150118896853902418026200000000000e+00
6.863037736488300000000000000000000000000000000000000000000000000000000000000000000000000000000000000000000000000000000000000000000000000000000000000000000000000000000000000000000000000000000000000000000000000000000000000000000000000000000000000000000000000000000000000000000000000000000000000000000000e+14 5.703870739628683843025880942767023859896916338518745793644856356236611194520764656435986792604435128811694038530444714572265104074575680136903732786524689036913397687133741150471221260631957438249124312376289519644097415157960939437767876422787162769521336096157411488204604702347196916146400000000000e+00
2.058911320946490000000000000000000000000000000000000000000000000000000000000000000000000000000000000000000000000000000000000000000000000000000000000000000000000000000000000000000000000000000000000000000000000000000000000000000000000000000000000000000000000000000000000000000000000000000000000000000000e+15 5.114495067934112737574938787616397017546226259589700285193358492257072469968081816735750879502934513567675135960777408745165547323231993204495136562977788643330623841565126961610031557655012114724995561194893275629943741525514591547777567882547418901861992598684082492572061052149645118683400000000000e+00
6.176733962839470000000000000000000000000000000000000000000000000000000000000000000000000000000000000000000000000000000000000000000000000000000000000000000000000000000000000000000000000000000000000000000000000000000000000000000000000000000000000000000000000000000000000000000000000000000000000000000000e+15 4.300827164757690610283257059431476502737436843620960833681295889188980272922848430066157065390981835957196922829441691522684022205835454346905498237015140440567847848262683100732221688826400296887281403550020063416509014623856480396597143235122757458519887328868475803975204791548140510659100000000000e+00
