1.000000000000000000000000000000000000000000000000000000000000000000000000000000000000000000000000000000000000000000000000000000000000000000000000000000000000000000000000000000000000000000000000000000000000000000000000000000000000000000000000000000000000000000000000000000000000000000000000000000000000e+00 2.088475374575912092747171116566554775495610162904255308657800386909223430016604358297479564035006667631564003950608877467701276641953069620246324825973116517169232806964360185034927494987260663615682747456945514858227831250495946770085308384257751642080494325393737982337807988688585970566000000000000e-03
3.000000000000000000000000000000000000000000000000000000000000000000000000000000000000000000000000000000000000000000000000000000000000000000000000000000000000000000000000000000000000000000000000000000000000000000000000000000000000000000000000000000000000000000000000000000000000000000000000000000000000e+00 5.284640693276330886754937564554912623726766953552825631802854732383453928412930033333574832758701191435733295174110200586902993509360389727858643166098462543490609030502839942728486173680012739126068915485830102101055501929861648875937239655173314548346756881409633351160635685352205840996700000000000e-03
9.000000000000000000000000000000000000000000000000000000000000000000000000000000000000000000000000000000000000000000000000000000000000000000000000000000000000000000000000000000000000000000000000000000000000000000000000000000000000000000000000000000000000000000000000000000000000000000000000000000000000e+00 7.085139078306591352125555083583531790204663783103657252709019348140588143585117778488545900331021975395485864096774628934682112854816710269111325083763597879496999500845070004446544088983050382999441479153846071076628458811242942160535088100067684931354335670892447146185594630357042605849800000000000e-03
2.700000000000000000000000000000000000000000000000000000000000000000000000000000000000000000000000000000000000000000000000000000000000000000000000000000000000000000000000000000000000000000000000000000000000000000000000000000000000000000000000000000000000000000000000000000000000000000000000000000000000e+01 2.565358175581635888496513030770415862783945174199634340754820502094009463654984576464819401991770801698674740388020767778058538582183924016889193986090057530444739594299251408011628155955872737064294615427334603900925760638228140046504909867423388110287810241708006157778101891670752465819400000000000e-02
8.100000000000000000000000000000000000000000000000000000000000000000000000000000000000000000000000000000000000000000000000000000000000000000000000000000000000000000000000000000000000000000000000000000000000000000000000000000000000000000000000000000000000000000000000000000000000000000000000000000000000e+01 2.047186853459348143457552019508418069836189700314756926402490418776844923241196214925334554734964388147484641046683506425215297947338748629565323902917510340799410444913689021720059102259339960960964912342140557134481758858357230098018479559229765457797509684075554842113081477595842797354900000000000e-01
2.430000000000000000000000000000000000000000000000000000000000000000000000000000000000000000000000000000000000000000000000000000000000000000000000000000000000000000000000000000000000000000000000000000000000000000000000000000000000000000000000000000000000000000000000000000000000000000000000000000000000e+02 7.560195003987457415925415186141897849920903900113670663870640852477792938965917234962966546073129455661491430018291623846950980725991808265731392363072115214723698408023182038672385058662238914946460771355188737711234246365365460228961548102158837113744769435502898297494499413183155958135400000000000e-01
7.290000000000000000000000000000000000000000000000000000000000000000000000000000000000000000000000000000000000000000000000000000000000000000000000000000000000000000000000000000000000000000000000000000000000000000000000000000000000000000000000000000000000000000000000000000000000000000000000000000000000e+02 1.930777874397602560800311132933539026077486332030341212131726823785969270112883446337081173979358172254879826629487478592708252749965607552355069779235223522550131907926594623038504919672225834134408104565169665187922449062664607451021386064852830791992950908684397662625893734530799143542600000000000e+00
2.187000000000000000000000000000000000000000000000000000000000000000000000000000000000000000000000000000000000000000000000000000000000000000000000000000000000000000000000000000000000000000000000000000000000000000000000000000000000000000000000000000000000000000000000000000000000000000000000000000000000e+03 2.625101971716234257565979507971923016651387314976353615781947166016884693627296033741609552909897707332137953031401305679139741892847945394245766018817661781273454873633595131187420153758627450332672729709856163505296961412121114976296635658448062929281967245201619480152737782701989286559600000000000e+00
6.561000000000000000000000000000000000000000000000000000000000000000000000000000000000000000000000000000000000000000000000000000000000000000000000000000000000000000000000000000000000000000000000000000000000000000000000000000000000000000000000000000000000000000000000000000000000000000000000000000000000e+03 4.329203941250756918785221626263463392457296908740652391114324637527123597303270689907302108056528493077953844137513842349341455092611988954381495203971642261758663384738230105887644085845024774369176251301782484102794818033807529660936044730279107800855963864501593272825410564286763654775700000000000e+00
1.968300000000000000000000000000000000000000000000000000000000000000000000000000000000000000000000000000000000000000000000000000000000000000000000000000000000000000000000000000000000000000000000000000000000000000000000000000000000000000000000000000000000000000000000000000000000000000000000000000000000e+04 4.803545598470374737298376450172720051450867914121035184555503714820422846504051197666134405846758172712788338666918905078882848042456017776660819158570283022155038977237927696630047527504605888723691777148040063340420754780188122037011809413471836167273097885190011882320262573047076506444300000000000e+00
5.904900000000000000000000000000000000000000000000000000000000000000000000000000000000000000000000000000000000000000000000000000000000000000000000000000000000000000000000000000000000000000000000000000000000000000000000000000000000000000000000000000000000000000000000000000000000000000000000000000000000e+04 3.792113641496073012389561744473300611033766086844560489954499308808370796712540957430517450612800861250620441997214626971977546485038138363783525142459740459767928930399654188380293432316088053988687276263240271689440132211779451230616703433936657379125407321427732460008472949623766833047400000000000e+00
1.771470000000000000000000000000000000000000000000000000000000000000000000000000000000000000000000000000000000000000000000000000000000000000000000000000000000000000000000000000000000000000000000000000000000000000000000000000000000000000000000000000000000000000000000000000000000000000000000000000000000e+05 5.552846148968423419589812117189565527295147972032349267809300913535780316062961336165151634259901029194054069967069316641666138952034108563898392404784585902061466409929131790112970239873171973929068691944355171974980284691446515543787318726488457394063329947118969313157092037394119642636800000000000e+00
5.314410000000000000000000000000000000000000000000000000000000000000000000000000000000000000000000000000000000000000000000000000000000000000000000000000000000000000000000000000000000000000000000000000000000000000000000000000000000000000000000000000000000000000000000000000000000000000000000000000000000e+05 6.157137614096714663327308478380770423461297466732099399281851879635935411949277615945002640969049015555057755160426396936059656053866917540417094081216512778827159619990365338081448555599613028980460515092500613623481171929329695435508351531122415991278774071443487234005886154624022639718300000000000e+00
1.594323000000000000000000000000000000000000000000000000000000000000000000000000000000000000000000000000000000000000000000000000000000000000000000000000000000000000000000000000000000000000000000000000000000000000000000000000000000000000000000000000000000000000000000000000000000000000000000000000000000e+06 6.428926646310771319292604448565470272549730084313624337085926379570872385125198432390616169654993852355401188177031659548579627023872282250259191831833972331938021218633610851755656801676431417058010479655640932896620140050648575081943667855752514577675376495145796526433889248613189968100900000000000e+00
4.782969000000000000000000000000000000000000000000000000000000000000000000000000000000000000000000000000000000000000000000000000000000000000000000000000000000000000000000000000000000000000000000000000000000000000000000000000000000000000000000000000000000000000000000000000000000000000000000000000000000e+06 5.346550882004496972368546930687223724762744664607768042650423441394906430916160379923173674649083585442972903694552587619437487878471384049477461541507414350143222600526400080062483194313489616902091604648093615286097769741552380898511586386609666862596067305977900449900134495090203758006600000000000e+00
1.434890700000000000000000000000000000000000000000000000000000000000000000000000000000000000000000000000000000000000000000000000000000000000000000000000000000000000000000000000000000000000000000000000000000000000000000000000000000000000000000000000000000000000000000000000000000000000000000000000000000e+07 5.831720953692328360256920787951987905050532650845237913918889077400015962848810080671368623552899557747664754003359738171808915949124667882691476659070337482168314359011133283940172642761457598020191794441206905536100838088117573842980305543913210671788194163179146572706452370575817718265400000000000e+00
4.304672100000000000000000000000000000000000000000000000000000000000000000000000000000000000000000000000000000000000000000000000000000000000000000000000000000000000000000000000000000000000000000000000000000000000000000000000000000000000000000000000000000000000000000000000000000000000000000000000000000e+07 6.185900719468322337844947718778004257385285207112514425460070603157172811646967890479715236284378711620630518368216546660843904475646658938187129444993112341882886903088890793396523397240460367122714315378290139658745019107141956333115870418172411477506262628969659534915893454872343921375200000000000e+00
1.291401630000000000000000000000000000000000000000000000000000000000000000000000000000000000000000000000000000000000000000000000000000000000000000000000000000000000000000000000000000000000000000000000000000000000000000000000000000000000000000000000000000000000000000000000000000000000000000000000000000e+08 5.709861036086650814635640783730299024072933716151712013869718406546321090610667481353502939690759690919632652888030682715354155024798201171396474105269780181011641342321122656901554750245129974857750841717247126511088563921126818443662854362030787444434178871360794874987307396356073803482100000000000e+00
3.874204890000000000000000000000000000000000000000000000000000000000000000000000000000000000000000000000000000000000000000000000000000000000000000000000000000000000000000000000000000000000000000000000000000000000000000000000000000000000000000000000000000000000000000000000000000000000000000000000000000e+08 6.373435426360225415352879487401944540572217219107293507829893508537317774491949784691890442371377936665049865983654403911206126699626661103825469814892666036057236636232029452190211474036956223508150748791351718774974750985832116262888017035057869025544205840422530720559065739486939824312000000000000e+00
1.162261467000000000000000000000000000000000000000000000000000000000000000000000000000000000000000000000000000000000000000000000000000000000000000000000000000000000000000000000000000000000000000000000000000000000000000000000000000000000000000000000000000000000000000000000000000000000000000000000000000e+09 6.390393019002140670972207200869423576546280195985056754942833651358663073160112262847648526213925675247826790695976136044113461045094360701270618850100685095189595890619774443736265809514150286111606595525367909269437204951792266227636943607534069736454045559470721323390357535863158191696400000000000e+00
3.486784401000000000000000000000000000000000000000000000000000000000000000000000000000000000000000000000000000000000000000000000000000000000000000000000000000000000000000000000000000000000000000000000000000000000000000000000000000000000000000000000000000000000000000000000000000000000000000000000000000e+09 5.930805852819255089823890306654924977553064191450524261894767285465423056127017087073132595439992231733861728307462459343646221151774730244291570282666358031997029323711960603809160353590155690564370018016083831549304487425711044010752070591470712840543126047299368734894403298379712708372700000000000e+00
1.046035320300000000000000000000000000000000000000000000000000000000000000000000000000000000000000000000000000000000000000000000000000000000000000000000000000000000000000000000000000000000000000000000000000000000000000000000000000000000000000000000000000000000000000000000000000000000000000000000000000e+10 5.649310753659085549836601076034733206475049385711832805451001884300992058287093335569177390040844847035615136308290614821693487956641390492153097623408288842533981251356522670812394817625470491876478199580059934527904160179929842514417841774934934340152274590180141655937224686475940032389100000000000e+00
3.138105960900000000000000000000000000000000000000000000000000000000000000000000000000000000000000000000000000000000000000000000000000000000000000000000000000000000000000000000000000000000000000000000000000000000000000000000000000000000000000000000000000000000000000000000000000000000000000000000000000e+10 6.787802765562424566831550716623175425826127927900530740075687981048061045889561012625362512615890294181843148997898976282948612104869789836728940296412510738027963218302852154724615671018050591958522375326508121330970991404179003066466100496611572063103134696356151286194701907758104441728500000000000e+00
9.414317882700000000000000000000000000000000000000000000000000000000000000000000000000000000000000000000000000000000000000000000000000000000000000000000000000000000000000000000000000000000000000000000000000000000000000000000000000000000000000000000000000000000000000000000000000000000000000000000000000e+10 7.386546069873886317840284762497338340849087561607152819664886660468577525581729473654644218766351171805345364231224299363327527954277386514335846836161960619865747877613105050769914757319268081705172790143369506178636870913922504653736649766971364352844794600173240931130273841333633140709100000000000e+00
2.824295364810000000000000000000000000000000000000000000000000000000000000000000000000000000000000000000000000000000000000000000000000000000000000000000000000000000000000000000000000000000000000000000000000000000000000000000000000000000000000000000000000000000000000000000000000000000000000000000000000e+11 7.162350867547959187666482181422820305505192051937247291975880973901207491626688560713301948953673244815766197774729073268289275618261838069568226911841835072834196121614141602564041193383938722118487134123900869480854650769478463992464732045671775853208290254582524202909085627659491823801200000000000e+00
8.472886094430000000000000000000000000000000000000000000000000000000000000000000000000000000000000000000000000000000000000000000000000000000000000000000000000000000000000000000000000000000000000000000000000000000000000000000000000000000000000000000000000000000000000000000000000000000000000000000000000e+11 6.433141689459402144177600998734994650535430814624087110539410560061957423527007518859468723895399516886584203575468195159697395107482641964548670419476003428424984530558933784460690807948562633912668043769655277849134154998535865344907856456611741815369164342963345777990760171643332728978500000000000e+00
2.541865828329000000000000000000000000000000000000000000000000000000000000000000000000000000000000000000000000000000000000000000000000000000000000000000000000000000000000000000000000000000000000000000000000000000000000000000000000000000000000000000000000000000000000000000000000000000000000000000000000e+12 6.778983683596246189266678558435134633410327215402307189252443166196583823001044780089609796131370072342340505540443336246805768053896253213737120831344169693131756284452355832668955436071069771438341844556825302959802444983364587182570574849058030153828753700215027452827099573586191716285800000000000e+00
7.625597484987000000000000000000000000000000000000000000000000000000000000000000000000000000000000000000000000000000000000000000000000000000000000000000000000000000000000000000000000000000000000000000000000000000000000000000000000000000000000000000000000000000000000000000000000000000000000000000000000e+12 6.605423233201472590601803989981713066781009427271118381972376286419217749611705371053126707587249966172224974157412522475358883996759909500124371713812801490885367014705057934636676496031127227029448961830401746336811368505567255228021773847323502743486431856130685253466682915942030298272100000000000e+00
2.287679245496100000000000000000000000000000000000000000000000000000000000000000000000000000000000000000000000000000000000000000000000000000000000000000000000000000000000000000000000000000000000000000000000000000000000000000000000000000000000000000000000000000000000000000000000000000000000000000000000e+13 7.483975833299443217615531774612725967907974583716095025575477172612712039108576688747447364796879737384892930166756233597388863517211575412549873312129377734536204925016555905578979401676164351111548338491175306126697431320619789468373474809907310834331810570323669042033000146429814772616800000000000e+00
6.863037736488300000000000000000000000000000000000000000000000000000000000000000000000000000000000000000000000000000000000000000000000000000000000000000000000000000000000000000000000000000000000000000000000000000000000000000000000000000000000000000000000000000000000000000000000000000000000000000000000e+13 6.218810260306459120970113090671308756142148709688782168473439450260694474041431101102627412577376049487051968149656686460193805131389597368557410822625470329966375202965490600983187609358964714570336906250908470403135645075361870342620111619586169965508833767780466545051547380570910677911000000000000e+00
2.058911320946490000000000000000000000000000000000000000000000000000000000000000000000000000000000000000000000000000000000000000000000000000000000000000000000000000000000000000000000000000000000000000000000000000000000000000000000000000000000000000000000000000000000000000000000000000000000000000000000e+14 7.351876952772413942545980029473402966243908656358753587103116220507248621918604399283510252028611292251637397510698211010295998221874261284042188714902075728580699806577799807805092489777952501431208719933465516892824740526322411530446755452707420811673894976720433874165830157006160781654400000000000e+00
6.176733962839470000000000000000000000000000000000000000000000000000000000000000000000000000000000000000000000000000000000000000000000000000000000000000000000000000000000000000000000000000000000000000000000000000000000000000000000000000000000000000000000000000000000000000000000000000000000000000000000e+14 6.606042280867239637661362065326320797794403253511481668752678612565173280344202735953267893075200030495667413521632091032651648813855046324115096459439735483935144150225058216395274037815822782601255314931119188388587088379543802507719298381888116621417028080711571847648290092878634715509700000000000e+00
1.853020188851841000000000000000000000000000000000000000000000000000000000000000000000000000000000000000000000000000000000000000000000000000000000000000000000000000000000000000000000000000000000000000000000000000000000000000000000000000000000000000000000000000000000000000000000000000000000000000000000e+15 6.412495079851902798245482610801202832471780293898547461731168206513183755337883353375953580373806270939102573207254947821929604160410264685007243930189789018720580080392919413949185347089234322075609936442427251722656237386693745894987934245807659077968532613163373381512199914023890812313800000000000e+00
5.559060566555523000000000000000000000000000000000000000000000000000000000000000000000000000000000000000000000000000000000000000000000000000000000000000000000000000000000000000000000000000000000000000000000000000000000000000000000000000000000000000000000000000000000000000000000000000000000000000000000e+15 7.453248232702994247941503144533444735441267659682156147181245377036287547887236926856113429444733237089442074981263054958429760751493789576544382502034553670392993358515485888663974151750363945849078885477427281695144055105180364651859875680877544416964519941188450988614650603266496099077800000000000e+00
