1.000000000000000000000000000000000000000000000000000000000000000000000000000000000000000000000000000000000000000000000000000000000000000000000000000000000000000000000000000000000000000000000000000000000000000000000000000000000000000000000000000000000000000000000000000000000000000000000000000000000000e+01 5.246704410553075567719505394952932443395245587954502971840415109139658968671381532310743644558983170545659278489221543134712434608574146690455450554666491976907746885315131401178095751056103788506822126461974033000642773111901288686266316757818940346905804008387095125298167466827346948396900000000000e-15
3.000000000000000000000000000000000000000000000000000000000000000000000000000000000000000000000000000000000000000000000000000000000000000000000000000000000000000000000000000000000000000000000000000000000000000000000000000000000000000000000000000000000000000000000000000000000000000000000000000000000000e+01 2.437866882015604962894692433422666433995674152596341535507948925616801805147272455080494555449733760886281993742321483706314256673031161341086846367895957124945520277344900611966809199444527348553070359449018829034764614453728172040286223103703230429096649426804315872557594053826641301482900000000000e-14
9.000000000000000000000000000000000000000000000000000000000000000000000000000000000000000000000000000000000000000000000000000000000000000000000000000000000000000000000000000000000000000000000000000000000000000000000000000000000000000000000000000000000000000000000000000000000000000000000000000000000000e+01 2.974075272306933533478457345273693668275464490606194193287432143210190180172466902772082765695004003276554290634283202480960879828996871415089736344964391364165856629734603913322891303122556385437715415333520239963274153613982654189408108989097136181888553869591593075698988172633095089323800000000000e-13
2.700000000000000000000000000000000000000000000000000000000000000000000000000000000000000000000000000000000000000000000000000000000000000000000000000000000000000000000000000000000000000000000000000000000000000000000000000000000000000000000000000000000000000000000000000000000000000000000000000000000000e+02 3.111426869428032194001713621482031894482126799059390202623804121255154484903730720434585515029996012621922138666875486472691707538820197643343769880800467509219741231646616194891580879254984097887664807339430543984810359235721846038495585937931007570133745215984431845454304712510574565189100000000000e-12
8.100000000000000000000000000000000000000000000000000000000000000000000000000000000000000000000000000000000000000000000000000000000000000000000000000000000000000000000000000000000000000000000000000000000000000000000000000000000000000000000000000000000000000000000000000000000000000000000000000000000000e+02 3.004681462586706363486647741589818880654583619337693131367996960311712866520813896315730352550125450010986573038741339596270957975197140934879633140620093555426756542403008888373424170650708683061153518046880325545463060408023772184501593027755507386324620198435381171317903025017106341301200000000000e-12
2.430000000000000000000000000000000000000000000000000000000000000000000000000000000000000000000000000000000000000000000000000000000000000000000000000000000000000000000000000000000000000000000000000000000000000000000000000000000000000000000000000000000000000000000000000000000000000000000000000000000000e+03 9.498954729284764332889403281587036606270532524243841208431634096340968253854249225379278093112400026374549956662350707148559006963909331031184139677229570859831558363826516311128617208944859684218285554702556338190131387285834137895388571300559428221820570072706228762025298655905807257410700000000000e-11
7.290000000000000000000000000000000000000000000000000000000000000000000000000000000000000000000000000000000000000000000000000000000000000000000000000000000000000000000000000000000000000000000000000000000000000000000000000000000000000000000000000000000000000000000000000000000000000000000000000000000000e+03 3.985986269883136541494104904505650873827932077701086883190698358824841112067960117670857896365617032310281130932340032810098380930835745788179300974175944876397434302460885691446860473495973066329996038821087186282577376545205739386209356057035988346114597511346199060729172962307374381996700000000000e-10
2.187000000000000000000000000000000000000000000000000000000000000000000000000000000000000000000000000000000000000000000000000000000000000000000000000000000000000000000000000000000000000000000000000000000000000000000000000000000000000000000000000000000000000000000000000000000000000000000000000000000000e+04 9.496230789986604132176683339330065539988808090875821563525994143325110893140661210605194140697222600463379891745372794070998295090196212897800922425054006824799658457483896240436673235075865121915197315913021493836599029356448908793655496125331899953447430660193464781269502389508511728691900000000000e-09
6.561000000000000000000000000000000000000000000000000000000000000000000000000000000000000000000000000000000000000000000000000000000000000000000000000000000000000000000000000000000000000000000000000000000000000000000000000000000000000000000000000000000000000000000000000000000000000000000000000000000000e+04 4.175044750645534629130838970134295092286041829471497691951299408202128061076918810184208590499417411088318058521412387109887233802205419755135571056370852324766644483635234893055024059553440793069086239752848609435990185920985384089450529704303712525785890740028696489404304694156953414525500000000000e-09
1.968300000000000000000000000000000000000000000000000000000000000000000000000000000000000000000000000000000000000000000000000000000000000000000000000000000000000000000000000000000000000000000000000000000000000000000000000000000000000000000000000000000000000000000000000000000000000000000000000000000000e+05 7.525375659032545260445007792782349551626401112951340769738665646857154024131382421809595688748817728819188399325401318411741579876988659017675961757043318924810371976008878128145585756828876268408326036599111651228828253803685941404100451912761082608681574623116756876036160951801575295393100000000000e-07
5.904900000000000000000000000000000000000000000000000000000000000000000000000000000000000000000000000000000000000000000000000000000000000000000000000000000000000000000000000000000000000000000000000000000000000000000000000000000000000000000000000000000000000000000000000000000000000000000000000000000000e+05 1.645006992410844364757513633642377337035112791068043591912674603660112856868615907300908684817366124995306137085854327163444481326007640776338937260107975587153706657581787520603046806787914225851658445956460007308752891941566215026746398185791908289464611776827750998431124202941678079936700000000000e-06
1.771470000000000000000000000000000000000000000000000000000000000000000000000000000000000000000000000000000000000000000000000000000000000000000000000000000000000000000000000000000000000000000000000000000000000000000000000000000000000000000000000000000000000000000000000000000000000000000000000000000000e+06 5.845556600033813478224104860739844599832739147435318713770776528592986085007163623291446307299899275482959549975885263412090995886978514911331194460251370588319431971899470096529945610095020496821856794660246517475256963010055374738860790701692443539521143796520596668932879355672785880627000000000000e-05
5.314410000000000000000000000000000000000000000000000000000000000000000000000000000000000000000000000000000000000000000000000000000000000000000000000000000000000000000000000000000000000000000000000000000000000000000000000000000000000000000000000000000000000000000000000000000000000000000000000000000000e+06 1.528687250912477373181408729578867511476619636441560819773399248550771946347580609047413228276791430468546472155922243807297682668154295614215993778485774942470799489824320655274132661405901521912648129450958264947807778271921157999878624316681041198264148522784490905717783255502356256774200000000000e-04
1.594323000000000000000000000000000000000000000000000000000000000000000000000000000000000000000000000000000000000000000000000000000000000000000000000000000000000000000000000000000000000000000000000000000000000000000000000000000000000000000000000000000000000000000000000000000000000000000000000000000000e+07 2.365515908751163200845571783571174017299140784437822653717476913592183891775398708203370621928348688201317420353161125168679458181331511656863151211509283991630126386891054048176010632233087101762101508678164401306403273151959988691829057907091663099015060055505633754970440523525007991853200000000000e-03
4.782969000000000000000000000000000000000000000000000000000000000000000000000000000000000000000000000000000000000000000000000000000000000000000000000000000000000000000000000000000000000000000000000000000000000000000000000000000000000000000000000000000000000000000000000000000000000000000000000000000000e+07 1.936792781020118187174040221114800258316090132555319412791943039296031214906216186097921903134130613565981160963438642740228496660272596263644228123090175902849530507288935285906502799399803018849747815983845226907840921014714178253585950400950069259138660846468458544647597957696312058961800000000000e-02
1.434890700000000000000000000000000000000000000000000000000000000000000000000000000000000000000000000000000000000000000000000000000000000000000000000000000000000000000000000000000000000000000000000000000000000000000000000000000000000000000000000000000000000000000000000000000000000000000000000000000000e+08 3.647164619851239110316460119696528593126844108895956035567885080717427861847617818881495845956292683158978814938473399332926102309978725158992904068174421950812074397563256069321466412554614591076208740793314460837953971429671698301036364814632326434611502025841147439949385352253844874944500000000000e-02
4.304672100000000000000000000000000000000000000000000000000000000000000000000000000000000000000000000000000000000000000000000000000000000000000000000000000000000000000000000000000000000000000000000000000000000000000000000000000000000000000000000000000000000000000000000000000000000000000000000000000000e+08 1.287732909818225937539185193594073686303669961256068606548698905952962082465033301860361772456497900174565400004931037445031698537746216308652919721091087836406115691531384743133784374971206250954661936496207075871637195049984656289643252652491121702187686680706627902677988603690399647063800000000000e+00
1.291401630000000000000000000000000000000000000000000000000000000000000000000000000000000000000000000000000000000000000000000000000000000000000000000000000000000000000000000000000000000000000000000000000000000000000000000000000000000000000000000000000000000000000000000000000000000000000000000000000000e+09 1.212620123521369148016263648388643869056483726713416452474600344134143945618102511962458970203515488234239139017946535067439860590893929870970442218153248859863274810082081095499721809923699167326225383973383810475014242803374933313387956261447944652704009403982504060373587960620754022321300000000000e+00
3.874204890000000000000000000000000000000000000000000000000000000000000000000000000000000000000000000000000000000000000000000000000000000000000000000000000000000000000000000000000000000000000000000000000000000000000000000000000000000000000000000000000000000000000000000000000000000000000000000000000000e+09 2.099303766860259114540513282080721928868794371031849431307214475685129449561954189443249963432203150684507382907015510208973241573975927630626880766855435247844124234649401585699595933133713616383663027762800896129731897891049283320113573354784501258429190812392085596363307506822192179050800000000000e+00
1.162261467000000000000000000000000000000000000000000000000000000000000000000000000000000000000000000000000000000000000000000000000000000000000000000000000000000000000000000000000000000000000000000000000000000000000000000000000000000000000000000000000000000000000000000000000000000000000000000000000000e+10 2.438374477092519530738340126914485065404552211847588647771144665496624942821268711566424026625238130502616285848223712463669388890494437936084390563146017129799953752768227453533213260642896937206151247037883248937003139397651579423215064213466802730427667359494399757803430138594746176869200000000000e+00
3.486784401000000000000000000000000000000000000000000000000000000000000000000000000000000000000000000000000000000000000000000000000000000000000000000000000000000000000000000000000000000000000000000000000000000000000000000000000000000000000000000000000000000000000000000000000000000000000000000000000000e+10 2.426774768068856594036567159109166985374328763467907092407829510619293879393565837994108006548042918830955115687868232132718144003226574922093527519651202788216226968054352802669267901473688164448922467191689540333403354393708359850120584978544384660224657931781116738373305400496605807353300000000000e+00
1.046035320300000000000000000000000000000000000000000000000000000000000000000000000000000000000000000000000000000000000000000000000000000000000000000000000000000000000000000000000000000000000000000000000000000000000000000000000000000000000000000000000000000000000000000000000000000000000000000000000000e+11 2.511221371971824290376364729584857494385804488665053613113714190573907317499329891883833638788590819854999180325667655505285606562293082462305056828675534522953363157851438711447740783185927929335131778437633950290806423970433888878232775199464377809152101259724153816639362368895770166714700000000000e+00
3.138105960900000000000000000000000000000000000000000000000000000000000000000000000000000000000000000000000000000000000000000000000000000000000000000000000000000000000000000000000000000000000000000000000000000000000000000000000000000000000000000000000000000000000000000000000000000000000000000000000000e+11 3.424730386733349182070613636241908386386566949061464783476835289531316229819735108232715442927135025440141732494247345032832765263436567930018398538760847664498039138474558087613214266129405617257769964479043910208841138045223869709711308053287564061223527345996818484564044317561048417667900000000000e+00
9.414317882700000000000000000000000000000000000000000000000000000000000000000000000000000000000000000000000000000000000000000000000000000000000000000000000000000000000000000000000000000000000000000000000000000000000000000000000000000000000000000000000000000000000000000000000000000000000000000000000000e+11 3.458903472156030367373900258803753294449086670041313195690557512483687070547059181963894439880236657144663193584429571130875381663256836736834827640652693272691164137556113875338646576593999541765224882139674270414701378188399292065645327717958849438980567914298460860034673163312785416925200000000000e+00
2.824295364810000000000000000000000000000000000000000000000000000000000000000000000000000000000000000000000000000000000000000000000000000000000000000000000000000000000000000000000000000000000000000000000000000000000000000000000000000000000000000000000000000000000000000000000000000000000000000000000000e+12 3.465520547965550501190838670684916876377247047595887989990973629366482952653864141464066923350092506285077457213743819871969564245563141154703758115470873760285196836502562544491328899484448126936500501730785699585452642834380925123730287011928504617400573468272683103084050762913840287851100000000000e+00
8.472886094430000000000000000000000000000000000000000000000000000000000000000000000000000000000000000000000000000000000000000000000000000000000000000000000000000000000000000000000000000000000000000000000000000000000000000000000000000000000000000000000000000000000000000000000000000000000000000000000000e+12 3.886682583568927156752526530035908342588994795352889328823816905993820666006490340788488946512160115934808778957902010669071081828950502692561642354286071548919504218487747602146137904314526310363593829160405271956704821084769296181848148279160545110332252872488438145828928002548518618142300000000000e+00
2.541865828329000000000000000000000000000000000000000000000000000000000000000000000000000000000000000000000000000000000000000000000000000000000000000000000000000000000000000000000000000000000000000000000000000000000000000000000000000000000000000000000000000000000000000000000000000000000000000000000000e+13 4.303002387544891345779717575938061795403280463289419325132126635939080710638060838974783455428970247724479057727933666308919657479387856683840724170976208273429265743568564074962090129459664085860273110872215134104887302487825074831062478234478472756699105464227791026249538594214640455224400000000000e+00
7.625597484987000000000000000000000000000000000000000000000000000000000000000000000000000000000000000000000000000000000000000000000000000000000000000000000000000000000000000000000000000000000000000000000000000000000000000000000000000000000000000000000000000000000000000000000000000000000000000000000000e+13 3.835170136454452596937170869400009674951627327566665703505017154566339352569929269893879760773004838213869025217111741969761855311942914223975769306600638796658050843892101989795816078764155595095416297402033714701569646652737013791424630837802318893665477284065107583803378924425998613560000000000000e+00
2.287679245496100000000000000000000000000000000000000000000000000000000000000000000000000000000000000000000000000000000000000000000000000000000000000000000000000000000000000000000000000000000000000000000000000000000000000000000000000000000000000000000000000000000000000000000000000000000000000000000000e+14 4.467372263687329121847611860663283670148120413261842883360697110246807191923278980667006739456653089051952936227348559078693763043787897171375439257119215619374178655491978726162614368357027473471634957841729644201684004357289933080032160549083827302743709919147346041621952100065735334004600000000000e+00
6.863037736488300000000000000000000000000000000000000000000000000000000000000000000000000000000000000000000000000000000000000000000000000000000000000000000000000000000000000000000000000000000000000000000000000000000000000000000000000000000000000000000000000000000000000000000000000000000000000000000000e+14 4.470970997286145188293165970855869154873382724751943096083218014635245014623620632186994046208851317675510739499606876368175145522661435269643166986912486969420177268815705479760084743938317111404267817350756804750843723282231292411630593319845124530238815849867836002470661114547169072667700000000000e+00
2.058911320946490000000000000000000000000000000000000000000000000000000000000000000000000000000000000000000000000000000000000000000000000000000000000000000000000000000000000000000000000000000000000000000000000000000000000000000000000000000000000000000000000000000000000000000000000000000000000000000000e+15 4.473230383996918783629989107202506162919908043260006920599133173805753571522486839054675158321267384918982610686555492318971115301260248972123815959595375409272437876053667560683310420316868077853321360703754700148368505815194894978229101599083685485816057503122938862215414556914646230389100000000000e+00
6.176733962839470000000000000000000000000000000000000000000000000000000000000000000000000000000000000000000000000000000000000000000000000000000000000000000000000000000000000000000000000000000000000000000000000000000000000000000000000000000000000000000000000000000000000000000000000000000000000000000000e+15 4.482196191039071180769990435331012413388930567179695180847611288050867022399300688553161838841169845541158444115564123503921133122748051597470199541697210773865991373356238875217566689762424447148180976483147545965335331166195750358542905853268200892814831670446752962230546931810799537835100000000000e+00
