1.000000000000000000000000000000000000000000000000000000000000000000000000000000000000000000000000000000000000000000000000000000000000000000000000000000000000000000000000000000000000000000000000000000000000000000000000000000000000000000000000000000000000000000000000000000000000000000000000000000000000e+01 5.278148602719935934687955204270642748988991155548739940227359102584331215968612607353441253975509481837210312776722799485161040884613289607950436466301611797196951018311409073099671985354261165054192348602110920582906436283127373245944594466711416297401321832115279301145712069835465363390300000000000e-15
3.000000000000000000000000000000000000000000000000000000000000000000000000000000000000000000000000000000000000000000000000000000000000000000000000000000000000000000000000000000000000000000000000000000000000000000000000000000000000000000000000000000000000000000000000000000000000000000000000000000000000e+01 2.438818285096410341250447722388892639307816618917203421003582751667671110812048312169199983935275971502775602046865451772264661887883527074072553309148145197976687457889892050650281905586964926541563306185796099051660535741333661985379733638652757765508337654243229352039919433588757877650100000000000e-14
9.000000000000000000000000000000000000000000000000000000000000000000000000000000000000000000000000000000000000000000000000000000000000000000000000000000000000000000000000000000000000000000000000000000000000000000000000000000000000000000000000000000000000000000000000000000000000000000000000000000000000e+01 2.974188093525743651842645997479190216686359147524432007183487441652501024312788770685415294385221235564072944460866921796591345088378197550557146152348577644157794744589547226804007223134602337446587179806898145595513369539758573681374308995023568606954400505741750357520344210359614624226700000000000e-13
2.700000000000000000000000000000000000000000000000000000000000000000000000000000000000000000000000000000000000000000000000000000000000000000000000000000000000000000000000000000000000000000000000000000000000000000000000000000000000000000000000000000000000000000000000000000000000000000000000000000000000e+02 3.111429643245729221269482847468713989289633204874398966313388035930480502428851459513014346047770440593283137796099586941138563748103706626178361158053454938844512728874321696588932334106151184660443565256291416015378317570047203889438748770890690079102988497531277650670946911379883124449300000000000e-12
8.100000000000000000000000000000000000000000000000000000000000000000000000000000000000000000000000000000000000000000000000000000000000000000000000000000000000000000000000000000000000000000000000000000000000000000000000000000000000000000000000000000000000000000000000000000000000000000000000000000000000e+02 3.004678548998962715094395862563311717735698577122996659514500028359104258122855603012128131397839515099368425299181867610704353634505320841946649253251174912400634508927268278901462638929819252541883052429969081978899788552106039283800617808570944288016152653257561951249998675909397519705400000000000e-12
2.430000000000000000000000000000000000000000000000000000000000000000000000000000000000000000000000000000000000000000000000000000000000000000000000000000000000000000000000000000000000000000000000000000000000000000000000000000000000000000000000000000000000000000000000000000000000000000000000000000000000e+03 9.498954039588293306816031159692609934190261408933172644460984275184846403654857873778371216873471549710326197219553698078763538615397700073195988822167067409724928040706826360759672662205117022018111134036835661309684310781727900246187960296072026091068540948114574444727852606543710012334900000000000e-11
7.290000000000000000000000000000000000000000000000000000000000000000000000000000000000000000000000000000000000000000000000000000000000000000000000000000000000000000000000000000000000000000000000000000000000000000000000000000000000000000000000000000000000000000000000000000000000000000000000000000000000e+03 3.985986351559631801408534396925901794309456780892827734391203986943785452400962523464686424118831302868765749300664525640539917685823300608595429689329841313724508110617691945301395848238095149987872951576506122113103382164151865546712599620529191404754567869234310842455432462342503562997400000000000e-10
2.187000000000000000000000000000000000000000000000000000000000000000000000000000000000000000000000000000000000000000000000000000000000000000000000000000000000000000000000000000000000000000000000000000000000000000000000000000000000000000000000000000000000000000000000000000000000000000000000000000000000e+04 9.496230780916010672325830741490714416566851407112826899028605881005385957606988445921677184081844206136216275792806658158332876932486867380581516088413512245958235119451115631507354316162505552790734423904768566208453675215766525850174699387095878921264426945663916185553041610759332421536000000000000e-09
6.561000000000000000000000000000000000000000000000000000000000000000000000000000000000000000000000000000000000000000000000000000000000000000000000000000000000000000000000000000000000000000000000000000000000000000000000000000000000000000000000000000000000000000000000000000000000000000000000000000000000e+04 4.175044736860106193209425326824019263170431635232483440862130444953794735905002963381617017136252503266136650538854530197359721940512941571708696606079804410085960417159175221032853273745561687987559763823850293495947319016800759563957143072776880283538038640807919576384286378428936737701800000000000e-09
1.968300000000000000000000000000000000000000000000000000000000000000000000000000000000000000000000000000000000000000000000000000000000000000000000000000000000000000000000000000000000000000000000000000000000000000000000000000000000000000000000000000000000000000000000000000000000000000000000000000000000e+05 7.525375659111184584033305366291518890678062027459610969565367353325732501235818256084449223675864463549843998152718656436934679674131508871682272845997841418902854338669750281008970027472760229652590036183554907362156540261181436971163638413481679903270643282685990222940110236060105064212000000000000e-07
5.904900000000000000000000000000000000000000000000000000000000000000000000000000000000000000000000000000000000000000000000000000000000000000000000000000000000000000000000000000000000000000000000000000000000000000000000000000000000000000000000000000000000000000000000000000000000000000000000000000000000e+05 1.645006992395996512570820011343005441301852079742788913897028584286306827055426345051921304920754476797440609511184347664562904700866157533771339212233471363820929757105394648544359504319956622162465860868406358913217158692796299479020927869505447270073413291196212342015168987723022203103700000000000e-06
1.771470000000000000000000000000000000000000000000000000000000000000000000000000000000000000000000000000000000000000000000000000000000000000000000000000000000000000000000000000000000000000000000000000000000000000000000000000000000000000000000000000000000000000000000000000000000000000000000000000000000e+06 5.845556600033669993539044664784012184578657921299002332870157405069986645836323723478481462982776779146210765539900293889891958408111791434740430908183807692961963170370732908940409195646850268073379620645280411304844249828126463501239875659220115073615520378609716409334532058331303964728400000000000e-05
5.314410000000000000000000000000000000000000000000000000000000000000000000000000000000000000000000000000000000000000000000000000000000000000000000000000000000000000000000000000000000000000000000000000000000000000000000000000000000000000000000000000000000000000000000000000000000000000000000000000000000e+06 1.528687250912540049657530157974485405580553875588200059788436980519633239862887640104766843693435209844436491427497995331107124978059274025367295741069319372084961432663948127042356750038808492748993174689547077865114816514395889191547880502500261358501463213272480743851115157794090793653700000000000e-04
1.594323000000000000000000000000000000000000000000000000000000000000000000000000000000000000000000000000000000000000000000000000000000000000000000000000000000000000000000000000000000000000000000000000000000000000000000000000000000000000000000000000000000000000000000000000000000000000000000000000000000e+07 2.365515908751161197849561488338160249351669371272981270983846981216041347575664449868768440754908074284345772625167999659407897231354591885514782604952359226468126992793135893666402653234419220516023033485173018751616089054041321762154230810302537614917258692850090354830293558349772293573000000000000e-03
4.782969000000000000000000000000000000000000000000000000000000000000000000000000000000000000000000000000000000000000000000000000000000000000000000000000000000000000000000000000000000000000000000000000000000000000000000000000000000000000000000000000000000000000000000000000000000000000000000000000000000e+07 1.936792781020118718207141224787895579561379047568648915537401526405194989219351303713587844065439278518749155508837312378012260375167449070007242612616369191832337148175410802313986901401743524073837936902111838990497824545917130093320222051463110240369437796409010165415350766986200590561100000000000e-02
1.434890700000000000000000000000000000000000000000000000000000000000000000000000000000000000000000000000000000000000000000000000000000000000000000000000000000000000000000000000000000000000000000000000000000000000000000000000000000000000000000000000000000000000000000000000000000000000000000000000000000e+08 3.647164619851239985135071308118504730841964103636481660495423627537605614221034071969720782151457077328484606760781464864693827257901921322279297191238992062161322389425611574420734500543682097153238482215380887228847016755892814344592747638175077376561444027911859463441289636450411806653100000000000e-02
4.304672100000000000000000000000000000000000000000000000000000000000000000000000000000000000000000000000000000000000000000000000000000000000000000000000000000000000000000000000000000000000000000000000000000000000000000000000000000000000000000000000000000000000000000000000000000000000000000000000000000e+08 1.287732909818226159237600482841418675237062013397610780739819082057137703261098026551510656724102592084481530847795018733934951790824255587432391226208569979859625501993588783662201159275778236156355331948943623471359262716299968075055097976717218941275762680751716844104204746167622928798000000000000e+00
1.291401630000000000000000000000000000000000000000000000000000000000000000000000000000000000000000000000000000000000000000000000000000000000000000000000000000000000000000000000000000000000000000000000000000000000000000000000000000000000000000000000000000000000000000000000000000000000000000000000000000e+09 1.212620123521369954759057248565707809190910888368448463447277687393136271689326695401927359864037276636546076912358406105903397198930398188865339318450671106774281199740804185789236002210864103649265260823140741408826262388046673335126394009001776735610731939744877168168727541311512999505600000000000e+00
3.874204890000000000000000000000000000000000000000000000000000000000000000000000000000000000000000000000000000000000000000000000000000000000000000000000000000000000000000000000000000000000000000000000000000000000000000000000000000000000000000000000000000000000000000000000000000000000000000000000000000e+09 2.099303766860259893082442334616397852789761660908343129159983365557039928454848049116989233451916932938769715811304280092628273744537534193026410118236226191962854845119270040406930572511714364689008083433341220435292486045055414046461899859366880961734302150888083818592578572948120169185300000000000e+00
1.162261467000000000000000000000000000000000000000000000000000000000000000000000000000000000000000000000000000000000000000000000000000000000000000000000000000000000000000000000000000000000000000000000000000000000000000000000000000000000000000000000000000000000000000000000000000000000000000000000000000e+10 2.438374477092520310494174031234322835980894260099711020612166277804036860747204938887169677941739100190626023286107065021872200864545678751854455602649030094915762193839268600842047868641742189672831158395428943983629516295895026443255294207120041264287346881834270641367817588099399151680500000000000e+00
3.486784401000000000000000000000000000000000000000000000000000000000000000000000000000000000000000000000000000000000000000000000000000000000000000000000000000000000000000000000000000000000000000000000000000000000000000000000000000000000000000000000000000000000000000000000000000000000000000000000000000e+10 2.426774768068858134490356250192737869142190562470173726698460813502151111502215386162887384208142391121818904251776034347851932981143339710873675410097573166569935501156296803616441054763982528373235326956319234400505501394038718766834974046461879186006257718746553997516168027524508841362700000000000e+00
1.046035320300000000000000000000000000000000000000000000000000000000000000000000000000000000000000000000000000000000000000000000000000000000000000000000000000000000000000000000000000000000000000000000000000000000000000000000000000000000000000000000000000000000000000000000000000000000000000000000000000e+11 2.511221371971825263895851733785108301392543765152366399464317032477381746046036845481336891467821280613961400325078565819120904293803719069709058628421646276931047838516459390551603462868033977306882926504914527721139498759910958747726692528353158233449064402904440441039940285691537034900800000000000e+00
3.138105960900000000000000000000000000000000000000000000000000000000000000000000000000000000000000000000000000000000000000000000000000000000000000000000000000000000000000000000000000000000000000000000000000000000000000000000000000000000000000000000000000000000000000000000000000000000000000000000000000e+11 3.424730386733348841433578449846571078002526553800346000037018784339277814458425305789513161418884186729324713506130098751151753160657228499657527207833652333703257676611862190771616465804029794258034956455072967186642363799480987812100822637153474301484592552002177060552923011086898561584500000000000e+00
9.414317882700000000000000000000000000000000000000000000000000000000000000000000000000000000000000000000000000000000000000000000000000000000000000000000000000000000000000000000000000000000000000000000000000000000000000000000000000000000000000000000000000000000000000000000000000000000000000000000000000e+11 3.458903472156031172500553784270251413453223892808119908594023635447769976234136192663312109760130836679944629256949225490353989531725283278592351305711434720453743712232595842919416615324595631274861020131901116603202019344570648635955465638896600306225919015524317464499634708797956394438600000000000e+00
2.824295364810000000000000000000000000000000000000000000000000000000000000000000000000000000000000000000000000000000000000000000000000000000000000000000000000000000000000000000000000000000000000000000000000000000000000000000000000000000000000000000000000000000000000000000000000000000000000000000000000e+12 3.465520547965551544810922335094778948627514352176468912869425985423667541786502939266627502038495858804923642304137359557355015405929144719451669121106366397815632244849596115858531434034657902586641150892082444259041929068268950928106857494585742100435943329499260816652349060330062454488800000000000e+00
8.472886094430000000000000000000000000000000000000000000000000000000000000000000000000000000000000000000000000000000000000000000000000000000000000000000000000000000000000000000000000000000000000000000000000000000000000000000000000000000000000000000000000000000000000000000000000000000000000000000000000e+12 3.886682583568928194380345906569124352580916692187771229325016918950316403943577257748727422791105980138065688694783120391205209759873281676950674774531101586464508466881944109632262836395589841259286673471003667159130250192980459723116356357165703627676628405606263266468742181084316268189200000000000e+00
2.541865828329000000000000000000000000000000000000000000000000000000000000000000000000000000000000000000000000000000000000000000000000000000000000000000000000000000000000000000000000000000000000000000000000000000000000000000000000000000000000000000000000000000000000000000000000000000000000000000000000e+13 4.303002387544892432736581606899348539844804786937986222936456754959953523928280394151569921932014048137539115299793952481030667098626111651676057491259221494080844418919493926366003645084339064265868014079208914576762956186576283307445151621159924171069773682507080109923047526662819378243500000000000e+00
7.625597484987000000000000000000000000000000000000000000000000000000000000000000000000000000000000000000000000000000000000000000000000000000000000000000000000000000000000000000000000000000000000000000000000000000000000000000000000000000000000000000000000000000000000000000000000000000000000000000000000e+13 3.835170136454454109871831165066638512098178690484359305431681509999274166035505380530762686409354363197516999448579831158925164732931255308532696040206990832705361371456569380583922516881197871891679902217422384900217721090489529000652973170619651722704155324074227131166659078195964786584300000000000e+00
2.287679245496100000000000000000000000000000000000000000000000000000000000000000000000000000000000000000000000000000000000000000000000000000000000000000000000000000000000000000000000000000000000000000000000000000000000000000000000000000000000000000000000000000000000000000000000000000000000000000000000e+14 4.467372263687330486722196434720103308327995268050050435876368821084407237753325080951434934575212760475526374524753958061445047951824611887654095426153756711946082402276707774405982428922660242930537039967794008118584372477603669014010380520368498243212318953776478365530138867444010789529200000000000e+00
6.863037736488300000000000000000000000000000000000000000000000000000000000000000000000000000000000000000000000000000000000000000000000000000000000000000000000000000000000000000000000000000000000000000000000000000000000000000000000000000000000000000000000000000000000000000000000000000000000000000000000e+14 4.470970997286145809238058805285673261109721294306226514979473562094093088963010206606411336484723167681346486731551991559756398636250832854202016647460568445113492727880481305547070259234108358800471032590279223455168832882604667506138911285705403027096667748348555270229919890738217233994800000000000e+00
2.058911320946490000000000000000000000000000000000000000000000000000000000000000000000000000000000000000000000000000000000000000000000000000000000000000000000000000000000000000000000000000000000000000000000000000000000000000000000000000000000000000000000000000000000000000000000000000000000000000000000e+15 4.473230383996919172260574315269449306235247822848025831317955208784706288972863522849634505894798205595782561641338001856004904640922083791589243300664951695869310034070801577331242704582460935852177630593191544672289280232190365233817972217608947776571449034140658505414722099977513709542700000000000e+00
6.176733962839470000000000000000000000000000000000000000000000000000000000000000000000000000000000000000000000000000000000000000000000000000000000000000000000000000000000000000000000000000000000000000000000000000000000000000000000000000000000000000000000000000000000000000000000000000000000000000000000e+15 4.482196191039071901091775463151458890603600853949139676290605674445022980534703421820576326931681041898555144546943798569008880542242359792423225877883328951080238051175650543884881038465447019808561340615549455572942366783427318261321516932864797374476091964608993772582166963221719581729600000000000e+00
