1.000000000000000000000000000000000000000000000000000000000000000000000000000000000000000000000000000000000000000000000000000000000000000000000000000000000000000000000000000000000000000000000000000000000000000000000000000000000000000000000000000000000000000000000000000000000000000000000000000000000000e+01 7.941984169162763716440927098855307338440403475631993379547255940358759493145827650079152738084811728091877358743616771055729213902139927217651248947969129333061977507936028422716659356629035682000081573641529184720693278457584679464097716881535648010353309494824093676364996971355689905081100000000000e-02
3.000000000000000000000000000000000000000000000000000000000000000000000000000000000000000000000000000000000000000000000000000000000000000000000000000000000000000000000000000000000000000000000000000000000000000000000000000000000000000000000000000000000000000000000000000000000000000000000000000000000000e+01 6.830152510262382779188908543578213246101526724023086795727158767017433843118403068520125047422193473676565446633029782159157135288267076969728638581921292907178493140811950430446252758903294555347298581758374583293324058755493716900295392607906370986181933253013280690263323013357451974273800000000000e-01
9.000000000000000000000000000000000000000000000000000000000000000000000000000000000000000000000000000000000000000000000000000000000000000000000000000000000000000000000000000000000000000000000000000000000000000000000000000000000000000000000000000000000000000000000000000000000000000000000000000000000000e+01 2.321843101260071642063398582008913882242700974513327489061996819635603001533628405328840264884647137905223240714688060074576092020158969239918741700642124370263374402641956738101241569107333306674225480909815554952807605421492264175775702659548313939027862557205905996199700980726803341054100000000000e+00
2.700000000000000000000000000000000000000000000000000000000000000000000000000000000000000000000000000000000000000000000000000000000000000000000000000000000000000000000000000000000000000000000000000000000000000000000000000000000000000000000000000000000000000000000000000000000000000000000000000000000000e+02 2.824092561339096058681612637305369721155650223398979151587955479198272114953222153813746716280823071370064168980774337838336861396403897392891583037988728277457775201708082063436196670620955054819568088982531255877377699372103741287609204617668085900186645681133555580547305931504211498588100000000000e+00
8.100000000000000000000000000000000000000000000000000000000000000000000000000000000000000000000000000000000000000000000000000000000000000000000000000000000000000000000000000000000000000000000000000000000000000000000000000000000000000000000000000000000000000000000000000000000000000000000000000000000000e+02 4.897370718726101960369857057923029843188282063084471880898940075814510753076646588322686004881204490011385926821950735400089874950050502242054729674164701949095936667573153299446794317373928538347526825262568528429641747826909929691727750203879388357182168356945206625092246768368052994203900000000000e+00
2.430000000000000000000000000000000000000000000000000000000000000000000000000000000000000000000000000000000000000000000000000000000000000000000000000000000000000000000000000000000000000000000000000000000000000000000000000000000000000000000000000000000000000000000000000000000000000000000000000000000000e+03 4.663734720271278499136891317656069820759079627013046957981226566108321532102355234734387494763777999667760600869921655179616965512120332201823846294473163390473477630308794030162724382477168033096333720632741104978706506253961887457946707491496447296297054843498190295586432636323507840648400000000000e+00
7.290000000000000000000000000000000000000000000000000000000000000000000000000000000000000000000000000000000000000000000000000000000000000000000000000000000000000000000000000000000000000000000000000000000000000000000000000000000000000000000000000000000000000000000000000000000000000000000000000000000000e+03 4.530171349143860659724154697059301801861514210642277512799882472980967572177116341991968189864091543494114720989766416716822594130167501759757697378725927143773536893776151318483109012362468617288322039913768696647262776741707550373358337059733663449810811640307266997657636098878208205843300000000000e+00
2.187000000000000000000000000000000000000000000000000000000000000000000000000000000000000000000000000000000000000000000000000000000000000000000000000000000000000000000000000000000000000000000000000000000000000000000000000000000000000000000000000000000000000000000000000000000000000000000000000000000000e+04 5.316483387211036404360234296985840536910959150583342257676907155305168990248013021420471818594692688863283924614812077023331146257351805025434804696381210456434917889140399354924966262027251056262975688961668028240554719688785508504572334214698951266366375244077713799769603646254609877797000000000000e+00
6.561000000000000000000000000000000000000000000000000000000000000000000000000000000000000000000000000000000000000000000000000000000000000000000000000000000000000000000000000000000000000000000000000000000000000000000000000000000000000000000000000000000000000000000000000000000000000000000000000000000000e+04 6.056493591636052068344817924426782214375486903040393866959366282511533592294645609528875734062992075686492343531028087726046071524514344325048344025936187203143039790034187088334775954152694353430874433634128011120875714601036289023640143362677443994092674791296970701958787837974373984978300000000000e+00
1.968300000000000000000000000000000000000000000000000000000000000000000000000000000000000000000000000000000000000000000000000000000000000000000000000000000000000000000000000000000000000000000000000000000000000000000000000000000000000000000000000000000000000000000000000000000000000000000000000000000000e+05 6.905409832967964699155298556246002976498718187636304743808814010026776674575188644714371035080872405962573722030985179462689935927264391310721373674516795532991031114202706562628857206675621311983176255606886256787329909237584342728399715436699165607365360246034376232808607395092672288738500000000000e+00
5.904900000000000000000000000000000000000000000000000000000000000000000000000000000000000000000000000000000000000000000000000000000000000000000000000000000000000000000000000000000000000000000000000000000000000000000000000000000000000000000000000000000000000000000000000000000000000000000000000000000000e+05 6.280693781031749143149586860350760175939635779188024996419737013557757752714144208975905304320062950674903480048461479061968032596476620742155598760588239715765541943863933894391131693852966120409484849323629238649431168601447473246846644997408817224845509238770388765764799893114128572940400000000000e+00
1.771470000000000000000000000000000000000000000000000000000000000000000000000000000000000000000000000000000000000000000000000000000000000000000000000000000000000000000000000000000000000000000000000000000000000000000000000000000000000000000000000000000000000000000000000000000000000000000000000000000000e+06 7.135803061687313527264549076444128426419283633302508401697112925606503477187704971016478920484913400148869187325992624958463962445631764698292115106846313727164094106096448936926917248585626132898725703441949199608760036510785840662744523716137413256376774529136426981819079607306985916973700000000000e+00
5.314410000000000000000000000000000000000000000000000000000000000000000000000000000000000000000000000000000000000000000000000000000000000000000000000000000000000000000000000000000000000000000000000000000000000000000000000000000000000000000000000000000000000000000000000000000000000000000000000000000000e+06 7.550073548385759272973668116280023808404362282474609583399535618690548632597880406566107769764939483905649136449953934069592547674601754453716139458217745506382863889927893454342203014205731271915443877335081960889038922412280677485177500741390393003445005812659429405630227399659963023221500000000000e+00
1.594323000000000000000000000000000000000000000000000000000000000000000000000000000000000000000000000000000000000000000000000000000000000000000000000000000000000000000000000000000000000000000000000000000000000000000000000000000000000000000000000000000000000000000000000000000000000000000000000000000000e+07 7.553240627658204818611351853559200990568881822340719261273520736650414698380419044676062728583807962024558957279420160350754045164767116731409644151262682192639966508526354821887212247744729828321796914039233021282962241126331489787217690583198650857059120359154491631615876056941823713704300000000000e+00
4.782969000000000000000000000000000000000000000000000000000000000000000000000000000000000000000000000000000000000000000000000000000000000000000000000000000000000000000000000000000000000000000000000000000000000000000000000000000000000000000000000000000000000000000000000000000000000000000000000000000000e+07 7.342770971028931148545018858990485486878696578245370852655341935759441565280466914076963197608724341241457502390196043857191777524806095756001486553250799103708941561680246805096467183475149731211780579507447636841423611718231852686987101277177734123590012868603054738167545759878295067477500000000000e+00
1.434890700000000000000000000000000000000000000000000000000000000000000000000000000000000000000000000000000000000000000000000000000000000000000000000000000000000000000000000000000000000000000000000000000000000000000000000000000000000000000000000000000000000000000000000000000000000000000000000000000000e+08 7.459957776335280569055017701922793730657527095367789329758996525640910940133750488854238169274020553911245666519870044639184329672456336206814787859808422126687303956805701323487296121843506884999113359548260664045638755650504628805494174520820607112957866769158023941004194073872662265487100000000000e+00
4.304672100000000000000000000000000000000000000000000000000000000000000000000000000000000000000000000000000000000000000000000000000000000000000000000000000000000000000000000000000000000000000000000000000000000000000000000000000000000000000000000000000000000000000000000000000000000000000000000000000000e+08 7.270681890245947239303539446623375538807066810497954889992390915366474459259187817411580333780986582263659563284058412674925639006115992826731576312671780499503307355088870926772937643924003419289219750437671650214142744981507137461197502583974283686621625452833050011452683863979262758903500000000000e+00
1.291401630000000000000000000000000000000000000000000000000000000000000000000000000000000000000000000000000000000000000000000000000000000000000000000000000000000000000000000000000000000000000000000000000000000000000000000000000000000000000000000000000000000000000000000000000000000000000000000000000000e+09 7.216295655907658334672380947338152509786921010806559773354689414347733087911198085649472331730026083078763501480272049530633905229286117042797058027514572839179409053046032458580334549918405379147528080079926786966085193006680546679196810651936040222071468507299981424089138741197971042008500000000000e+00
3.874204890000000000000000000000000000000000000000000000000000000000000000000000000000000000000000000000000000000000000000000000000000000000000000000000000000000000000000000000000000000000000000000000000000000000000000000000000000000000000000000000000000000000000000000000000000000000000000000000000000e+09 7.689955117730725115216677778495986562393905434347947816051124419288387928930819537870579550483210423965841494525037287221109720459400387442675458900751064044632427414957060454108879381119016182847178987903125892630656794519666329433582044359917184438451660461216627515808933102869565434131800000000000e+00
1.162261467000000000000000000000000000000000000000000000000000000000000000000000000000000000000000000000000000000000000000000000000000000000000000000000000000000000000000000000000000000000000000000000000000000000000000000000000000000000000000000000000000000000000000000000000000000000000000000000000000e+10 6.253088979923035506814922271765762751144126609612143653826935187402980655352052468183790393705214897588816322200118100182916816018586101920125362764266259347697466524562010253079082648279885832881780608946169567891366440067235441679275713989454848553804474108716852789139413479865904582476200000000000e+00
3.486784401000000000000000000000000000000000000000000000000000000000000000000000000000000000000000000000000000000000000000000000000000000000000000000000000000000000000000000000000000000000000000000000000000000000000000000000000000000000000000000000000000000000000000000000000000000000000000000000000000e+10 7.260245538259115833893359845712357955455766854535614635049727912437885700765939448286579721146973825785850988251025490746477825828255666499507945349631687404589533723408371715632958785787098309188615845256599381342569910022118149412397385281221715105903033493145934112588087932707560600981300000000000e+00
1.046035320300000000000000000000000000000000000000000000000000000000000000000000000000000000000000000000000000000000000000000000000000000000000000000000000000000000000000000000000000000000000000000000000000000000000000000000000000000000000000000000000000000000000000000000000000000000000000000000000000e+11 7.677775756103749516096362295356478920480025176438232392337263007824812941977418775928799791830162466054938718820989297162945116608769942510228930874322122634978678771910236324560819929039422690554539834450351858070888940180361043550368560468738516731444408166736589452752076109513984088189000000000000e+00
3.138105960900000000000000000000000000000000000000000000000000000000000000000000000000000000000000000000000000000000000000000000000000000000000000000000000000000000000000000000000000000000000000000000000000000000000000000000000000000000000000000000000000000000000000000000000000000000000000000000000000e+11 8.024348002453788855214841685226906204669359568091471129581974724011220681957192615007116115197611136454419920751792450967632905375582169177664613662524404200315746507811194300352873916265738702832298489791351250047596792381957564398081458922322937121165876750039389451558075360688625692436500000000000e+00
9.414317882700000000000000000000000000000000000000000000000000000000000000000000000000000000000000000000000000000000000000000000000000000000000000000000000000000000000000000000000000000000000000000000000000000000000000000000000000000000000000000000000000000000000000000000000000000000000000000000000000e+11 8.306179023428290696171995193800910534694879483066652078094184380939221765750529290032979603193372080063894153783272250853663123940147503021826764073749161631746578345366002890152078547512119283901339818229863840768336907396547284795663038262079266032468002439794545325959015703193751518481000000000000e+00
2.824295364810000000000000000000000000000000000000000000000000000000000000000000000000000000000000000000000000000000000000000000000000000000000000000000000000000000000000000000000000000000000000000000000000000000000000000000000000000000000000000000000000000000000000000000000000000000000000000000000000e+12 8.485683527985829218615340793985658678979235654061457153348918565775324535850013808424054584967030264119644179194369694668067110476869845739775663355447577417663185721762536868696663226179247374770103636704772039918400183421092813546441750466873903905241145676441915560612887573250667524614200000000000e+00
8.472886094430000000000000000000000000000000000000000000000000000000000000000000000000000000000000000000000000000000000000000000000000000000000000000000000000000000000000000000000000000000000000000000000000000000000000000000000000000000000000000000000000000000000000000000000000000000000000000000000000e+12 8.015911774410509032094515523118879984428134765691588364295600755606294510012226685604449067101430410839128917508791606217200203023789716348955816992118530433236516499503863018442295769792748803124919450789855524442325004761969470679893999403353577780692081466823739130356264041252062947487100000000000e+00
2.541865828329000000000000000000000000000000000000000000000000000000000000000000000000000000000000000000000000000000000000000000000000000000000000000000000000000000000000000000000000000000000000000000000000000000000000000000000000000000000000000000000000000000000000000000000000000000000000000000000000e+13 8.469797453718516701524979996836172411710132864118399044444108141314074303735173502934743041073031342683326035363066032929884767584712498514651137147265729166861263598993836644850073305805069564904388708186379193427298324130269076191812908956033230676510916805485305089009044021538748405086700000000000e+00
7.625597484987000000000000000000000000000000000000000000000000000000000000000000000000000000000000000000000000000000000000000000000000000000000000000000000000000000000000000000000000000000000000000000000000000000000000000000000000000000000000000000000000000000000000000000000000000000000000000000000000e+13 8.428468468864595512040372791791655498245671678234203229361402148561261238801797949437980445016167763606460590505665521415072567833905963440386685131595175122759067129371401978830189012180945276533727706270658720694269864402502197158553165507037401439408490650549814816538985221888898163716300000000000e+00
2.287679245496100000000000000000000000000000000000000000000000000000000000000000000000000000000000000000000000000000000000000000000000000000000000000000000000000000000000000000000000000000000000000000000000000000000000000000000000000000000000000000000000000000000000000000000000000000000000000000000000e+14 8.600022664741067718984483057134552938148004125409926870169982778158012394133794854407852191325528095562195426774177797073722953764653875407333624927385973051201101629532404377655362024038662918462151214651663759419068757873214664525963812667522878856949796393328881421019526468568614749701300000000000e+00
6.863037736488300000000000000000000000000000000000000000000000000000000000000000000000000000000000000000000000000000000000000000000000000000000000000000000000000000000000000000000000000000000000000000000000000000000000000000000000000000000000000000000000000000000000000000000000000000000000000000000000e+14 8.804958286603019272577749776568674298490083836078824709752504257083861451076441917078418483261541421080082222945625813832662533111653420828211820687122730725816155013168630558120837717408190790991109755072465545752726632419339049222704759411441080671308316380292369855584948208516112844479600000000000e+00
2.058911320946490000000000000000000000000000000000000000000000000000000000000000000000000000000000000000000000000000000000000000000000000000000000000000000000000000000000000000000000000000000000000000000000000000000000000000000000000000000000000000000000000000000000000000000000000000000000000000000000e+15 8.722502962121208258812154388696232466468909120144456025387676518938080309409973189022649315760006543333160046152545970731284844249486727032751287740866669216128161363669040017550693342851758924494863504697629225320309307482447077209121313284395129137346384787556997518306421023891110836277400000000000e+00
6.176733962839470000000000000000000000000000000000000000000000000000000000000000000000000000000000000000000000000000000000000000000000000000000000000000000000000000000000000000000000000000000000000000000000000000000000000000000000000000000000000000000000000000000000000000000000000000000000000000000000e+15 8.722963517332439241951584776752154668487808546872270169199426156053869358487285151005057400985336874988875000884452742202406282500962631134127121701106313512999198351492577770833137575946355675910148354270551085145473586712676493002318158725200755712031217780147381985207200205091080533343300000000000e+00
