1.000000000000000000000000000000000000000000000000000000000000000000000000000000000000000000000000000000000000000000000000000000000000000000000000000000000000000000000000000000000000000000000000000000000000000000000000000000000000000000000000000000000000000000000000000000000000000000000000000000000000e+00 1.346081001451784766692674753524993563681930254678142656401964613904924342177805942261672139624032039668105545069017263563070280483536545186131936933000724216228366914182511709195005391942598554243294410906324000386782408693318487484079883352183456425957784010920941588182679712996095042030400000000000e-07
3.000000000000000000000000000000000000000000000000000000000000000000000000000000000000000000000000000000000000000000000000000000000000000000000000000000000000000000000000000000000000000000000000000000000000000000000000000000000000000000000000000000000000000000000000000000000000000000000000000000000000e+00 1.823638747965215270834795046542820507665340054677842975682926768899872318688566552620951454857167813680170151556134383535806064504649100641913225370374733285431108141888347262592670300130853625843635250886762543779104194270583182873083022110112340858774719361079572865077235745549362019972100000000000e-07
9.000000000000000000000000000000000000000000000000000000000000000000000000000000000000000000000000000000000000000000000000000000000000000000000000000000000000000000000000000000000000000000000000000000000000000000000000000000000000000000000000000000000000000000000000000000000000000000000000000000000000e+00 1.978490905412276895932229646687740798750633326781862682854687267921886488592022693862697987529625362092500616641371516631096362144404203779287174762328338498658399403247969963427183236673693324720085247731292177328591434019530404152257413085050076992505887493639963170188409869498021506652700000000000e-07
2.700000000000000000000000000000000000000000000000000000000000000000000000000000000000000000000000000000000000000000000000000000000000000000000000000000000000000000000000000000000000000000000000000000000000000000000000000000000000000000000000000000000000000000000000000000000000000000000000000000000000e+01 3.078446977667860235290171110264867701749961576506937557038314875795762665607422764149368492802538563930799626157305856640458532296156910287770735698628617772649342406579865181255833682981636946101074252880840486629942682173221362149628056921905359368265244748026363991499926775922142065815100000000000e-07
8.100000000000000000000000000000000000000000000000000000000000000000000000000000000000000000000000000000000000000000000000000000000000000000000000000000000000000000000000000000000000000000000000000000000000000000000000000000000000000000000000000000000000000000000000000000000000000000000000000000000000e+01 1.517379106001136571739784212739703464200149146345541047013538900317008142972397343084090317486794979194954737538973403404433791253396987064099709305618178075998049247530126790132479249538762165509245556146258927549003383411436911930791350318504602570620689580800836540240278599380304165868300000000000e-06
2.430000000000000000000000000000000000000000000000000000000000000000000000000000000000000000000000000000000000000000000000000000000000000000000000000000000000000000000000000000000000000000000000000000000000000000000000000000000000000000000000000000000000000000000000000000000000000000000000000000000000e+02 2.560733752696497920767993926670035831957865839544290044839168818247547086986697552038568985780153662988747102514177134822204469270968203887475610186246541546399858116064691165374145019234845367939573946945327357249083596365838466338303204046804471070394942775031908104281650947628528683789500000000000e-06
7.290000000000000000000000000000000000000000000000000000000000000000000000000000000000000000000000000000000000000000000000000000000000000000000000000000000000000000000000000000000000000000000000000000000000000000000000000000000000000000000000000000000000000000000000000000000000000000000000000000000000e+02 8.044705848712963119240563823836081877734340330738128275634085688680439780356017113513394017869685355270703622199705122107638885527224411042819111741494673065514964967595079562162332689294147039690989638453537349461362324218800074497495586081914428937294653975473554321510515452671471097083500000000000e-06
2.187000000000000000000000000000000000000000000000000000000000000000000000000000000000000000000000000000000000000000000000000000000000000000000000000000000000000000000000000000000000000000000000000000000000000000000000000000000000000000000000000000000000000000000000000000000000000000000000000000000000e+03 5.389932405224110963208658696879571723240074159919306593624646869202402226091406160889889392695976143392063470698521803098272415870025971026162321245182382027072281045475740676668669747659095267849275260402132078845686524951174148531559652907378268115763181657975754374539271860089972415181300000000000e-05
6.561000000000000000000000000000000000000000000000000000000000000000000000000000000000000000000000000000000000000000000000000000000000000000000000000000000000000000000000000000000000000000000000000000000000000000000000000000000000000000000000000000000000000000000000000000000000000000000000000000000000e+03 2.948824278232956443880791970282847355291347437336022130632643544274052133263062881929737242063982005338780538988386482431942525754597949470236132005105981716610874626419692407832365030311847353575288739786471795154529672514952356516524458630579471217719006515950318811254905888479515831889700000000000e-04
1.968300000000000000000000000000000000000000000000000000000000000000000000000000000000000000000000000000000000000000000000000000000000000000000000000000000000000000000000000000000000000000000000000000000000000000000000000000000000000000000000000000000000000000000000000000000000000000000000000000000000e+04 4.663644468793564401402263200280044142249885875605172814520390671245334827777266894415255270684907166392587665423612088922320603236670863823190543450953081950854030116285763598010064745472904686332625576387471672479165043966744917770475341974502531702360716694610934264109515059553019268860100000000000e-04
5.904900000000000000000000000000000000000000000000000000000000000000000000000000000000000000000000000000000000000000000000000000000000000000000000000000000000000000000000000000000000000000000000000000000000000000000000000000000000000000000000000000000000000000000000000000000000000000000000000000000000e+04 1.437244473325291048065689307676017649391909144409912830730472030789152246205110869372955068158071773340486972994611453126639962166287689681182114296580453431225525172917394267642865349100745672170599270902712819837818652617691749584503558373656997115199363240822134793023387840480252739353800000000000e-03
1.771470000000000000000000000000000000000000000000000000000000000000000000000000000000000000000000000000000000000000000000000000000000000000000000000000000000000000000000000000000000000000000000000000000000000000000000000000000000000000000000000000000000000000000000000000000000000000000000000000000000e+05 1.618734013966473032435039975533841059409642135733791939920199304911920874412965369440967544291044371127709935438373342533874467855461243971921345193383303423560828783485876222168957271676266198520048700462409557129949345348178787052637467241022233479682368736147135358006614496157282117191400000000000e-03
5.314410000000000000000000000000000000000000000000000000000000000000000000000000000000000000000000000000000000000000000000000000000000000000000000000000000000000000000000000000000000000000000000000000000000000000000000000000000000000000000000000000000000000000000000000000000000000000000000000000000000e+05 2.501028877656460419653541538801910235051286037363767386472751904253463445404636578579510638757071482127388330555033949051954319871195248734466134325836189316293481137188684623516425432478501700359479221786239012153179611658235832154502685912621230264603753963569468876975426507469985593163900000000000e-03
1.594323000000000000000000000000000000000000000000000000000000000000000000000000000000000000000000000000000000000000000000000000000000000000000000000000000000000000000000000000000000000000000000000000000000000000000000000000000000000000000000000000000000000000000000000000000000000000000000000000000000e+06 1.994368069093570771432843395164869051622106634329244976242379403403083239611187344588297407252533943241609320842626303463529394929928604041860063513687808401285506497773510530635141874087239126238101024100891172753734004956712800978285536438426615610489131314270192052457027497889174717243700000000000e-03
4.782969000000000000000000000000000000000000000000000000000000000000000000000000000000000000000000000000000000000000000000000000000000000000000000000000000000000000000000000000000000000000000000000000000000000000000000000000000000000000000000000000000000000000000000000000000000000000000000000000000000e+06 7.181094838874395953038282721493899553964694337540406239814386387640490325488522110612021555137979630574184779852605846371300113302963566756557613058035987398363082875147918057152167163004707534621527416528441246469893456057489296476759957696440543530291711144306533646818512473394900516690000000000000e-04
1.434890700000000000000000000000000000000000000000000000000000000000000000000000000000000000000000000000000000000000000000000000000000000000000000000000000000000000000000000000000000000000000000000000000000000000000000000000000000000000000000000000000000000000000000000000000000000000000000000000000000e+07 1.950346269905654706846287224401736986597162706336622820022440225482152042799228860236215434708390634367347691495085233458356575413405113490426687803174546382089688012453519509491162897697191793839786837633632961635928797921934334821997782813172631809603103318082695005623643337811898218985200000000000e-03
4.304672100000000000000000000000000000000000000000000000000000000000000000000000000000000000000000000000000000000000000000000000000000000000000000000000000000000000000000000000000000000000000000000000000000000000000000000000000000000000000000000000000000000000000000000000000000000000000000000000000000e+07 3.151084304901392295632277863549329865453666870778479575945556912231601992893223474559125827425261068685214822910941823220585294837492169003197392736855419305482408785742255770919984228625385123777271389603954989895294836549018716439074672847979587130739631927502998395493553210060311111788200000000000e-03
1.291401630000000000000000000000000000000000000000000000000000000000000000000000000000000000000000000000000000000000000000000000000000000000000000000000000000000000000000000000000000000000000000000000000000000000000000000000000000000000000000000000000000000000000000000000000000000000000000000000000000e+08 1.509481054483940354668960633054395389883892822810747104088342309186980811689089771531531095073092124358594217760881497842512126628830742369100196608895756607869685782603198993086723287925437025752606457170562763375178897851537232937690877364110430730007756164961826069409978312487464025249800000000000e-03
3.874204890000000000000000000000000000000000000000000000000000000000000000000000000000000000000000000000000000000000000000000000000000000000000000000000000000000000000000000000000000000000000000000000000000000000000000000000000000000000000000000000000000000000000000000000000000000000000000000000000000e+08 4.265927314534783591964303207227087734336535722323564241357141076164888557055618847093681510630136913961741934157408379926960680262109793284083101857531190515889536508407356113858203084837910616743855041924758552072284144066619253049822943039192887952620644875483033374378722541954507774927800000000000e-03
1.162261467000000000000000000000000000000000000000000000000000000000000000000000000000000000000000000000000000000000000000000000000000000000000000000000000000000000000000000000000000000000000000000000000000000000000000000000000000000000000000000000000000000000000000000000000000000000000000000000000000e+09 6.979944176472362654277168033117875023500254519259783184081524083610961059460603569763898043888259831958892525405092496557896135233769079268382997664153424659925184119082895307559008634968415441484289049404451639954155802222087330090258948779886640478641676467130033158494612489780374896402900000000000e-04
3.486784401000000000000000000000000000000000000000000000000000000000000000000000000000000000000000000000000000000000000000000000000000000000000000000000000000000000000000000000000000000000000000000000000000000000000000000000000000000000000000000000000000000000000000000000000000000000000000000000000000e+09 1.522030055836413720059321127413274448904004937618580787854830450420579565093643340401511245664078990431257888562498443621622324134142600238512609535600882348712264303665266997053544729869694106298433080631499129259372546153778672009099097344985150510767455677705835730855402543192008866435900000000000e-03
1.046035320300000000000000000000000000000000000000000000000000000000000000000000000000000000000000000000000000000000000000000000000000000000000000000000000000000000000000000000000000000000000000000000000000000000000000000000000000000000000000000000000000000000000000000000000000000000000000000000000000e+10 2.617578029450379342703292942838742599845940298344208648669246199378988595483687957281329071442171126386535373018871580908618134047754801864395306524721467772807605455931773833038687413954469987837746473783793991249781435760557388936201106706587501015151125619281651387518766677734989952324500000000000e-03
3.138105960900000000000000000000000000000000000000000000000000000000000000000000000000000000000000000000000000000000000000000000000000000000000000000000000000000000000000000000000000000000000000000000000000000000000000000000000000000000000000000000000000000000000000000000000000000000000000000000000000e+10 1.365331083854709146617086064149362632974111728544466200777251645982361181951141665627898966797844198622441823208742772558395115240870575716812067571485449080686037760802342809374271938100580485225392115773081087001732931948124701184187812201891531027371252679060858422491672716914822392881900000000000e-03
9.414317882700000000000000000000000000000000000000000000000000000000000000000000000000000000000000000000000000000000000000000000000000000000000000000000000000000000000000000000000000000000000000000000000000000000000000000000000000000000000000000000000000000000000000000000000000000000000000000000000000e+10 1.372450935823441227277786625706560420109648423362553958343559373966348971640348525072333038267648038487348288367859924407576096897444049645776223360257478729453846514542677973617531717266262028596749415090842123657561579266812994999955370056405440281326758138533504697710266217973467116481800000000000e-02
2.824295364810000000000000000000000000000000000000000000000000000000000000000000000000000000000000000000000000000000000000000000000000000000000000000000000000000000000000000000000000000000000000000000000000000000000000000000000000000000000000000000000000000000000000000000000000000000000000000000000000e+11 5.136695997045963261549224542558155002597501257471906908643682461453835578370770485474178985300756569541448560774967059952099112602752681885948016510788256231887905913475507609881992170534661821327623211049727253745242533126186318387021576519258494171324957748480984873891216454486361001107700000000000e-03
8.472886094430000000000000000000000000000000000000000000000000000000000000000000000000000000000000000000000000000000000000000000000000000000000000000000000000000000000000000000000000000000000000000000000000000000000000000000000000000000000000000000000000000000000000000000000000000000000000000000000000e+11 5.175681372767243287804537040951302784476374313402974910765554963624737200425641890841941607322124823066564459609200766542468231360870757429599906539455727784912420673882014972082571579579806127979483391544192532590891254540787180488149329416479068340108648050439717474090126775688089754543100000000000e-03
2.541865828329000000000000000000000000000000000000000000000000000000000000000000000000000000000000000000000000000000000000000000000000000000000000000000000000000000000000000000000000000000000000000000000000000000000000000000000000000000000000000000000000000000000000000000000000000000000000000000000000e+12 1.516079572121135420383846638815819189257875284856460207752412510736555412798372785222951104418118196422422819438432033071738335010680506486099571773449961070329544911540693788276467238482300147678169433942439559181571203011982184202067847998279833662817359837596026294761931450299135163513400000000000e-02
7.625597484987000000000000000000000000000000000000000000000000000000000000000000000000000000000000000000000000000000000000000000000000000000000000000000000000000000000000000000000000000000000000000000000000000000000000000000000000000000000000000000000000000000000000000000000000000000000000000000000000e+12 7.999936265462248934898682555548566165656337881408071171029496663115372615806168172844826849140761147324815791229283784555548842392398182746600582691247379085571559004553228399409198607268439353163598252247052939975031459912317076267035830047656271207853174975835768839263834036011028550068900000000000e-03
2.287679245496100000000000000000000000000000000000000000000000000000000000000000000000000000000000000000000000000000000000000000000000000000000000000000000000000000000000000000000000000000000000000000000000000000000000000000000000000000000000000000000000000000000000000000000000000000000000000000000000e+13 3.748702289759720137769774932316250070955510382186844261844456993272284200170952412951222155383855052682766406810440990971318259290799172489970050136217034578353290856328177678567193512240717098929325806721421946855328193899518042983975719067342636605069182057700683789042642584434444565889200000000000e-03
6.863037736488300000000000000000000000000000000000000000000000000000000000000000000000000000000000000000000000000000000000000000000000000000000000000000000000000000000000000000000000000000000000000000000000000000000000000000000000000000000000000000000000000000000000000000000000000000000000000000000000e+13 9.942279299643114932247283054797831102720250023849338124939291604703494833066372955656566832046701787829180554741230792588881247842692092086216622246771027669168954165918054106635598348495305313532359665246787835922193799531331273305760953162354302502720311800917357575830338396070989497321200000000000e-03
2.058911320946490000000000000000000000000000000000000000000000000000000000000000000000000000000000000000000000000000000000000000000000000000000000000000000000000000000000000000000000000000000000000000000000000000000000000000000000000000000000000000000000000000000000000000000000000000000000000000000000e+14 6.315929071046686334319220393686435501145560669317596571079033801173273579945184939074936821064070647928695763570229061847916028423238144192347768683008939622413685199260777152819958938851268709841517398497605187770738511692461184822527801622748522356097023108425175124165193238778948030763800000000000e-02
6.176733962839470000000000000000000000000000000000000000000000000000000000000000000000000000000000000000000000000000000000000000000000000000000000000000000000000000000000000000000000000000000000000000000000000000000000000000000000000000000000000000000000000000000000000000000000000000000000000000000000e+14 2.816885946520991475765428250221435175091459201090971745449388727396453157228159925255156497494009441535459013815175166275755645960822489566338175890697801693931212841864466529204700120405893217894480715265574929928870587175431932418552274861170392343632895760770963143783508582310818550402100000000000e-02
1.853020188851841000000000000000000000000000000000000000000000000000000000000000000000000000000000000000000000000000000000000000000000000000000000000000000000000000000000000000000000000000000000000000000000000000000000000000000000000000000000000000000000000000000000000000000000000000000000000000000000e+15 2.598920492411298629723207542823623322538800608207697792285709576261685188258033179534618536894596291002991731135766377108454614556334115240973681162684555709260094259816603055550296218420197808424653595896745799878492148808611059625277216750677960672588893616538831384182194454912864212852700000000000e-02
5.559060566555523000000000000000000000000000000000000000000000000000000000000000000000000000000000000000000000000000000000000000000000000000000000000000000000000000000000000000000000000000000000000000000000000000000000000000000000000000000000000000000000000000000000000000000000000000000000000000000000e+15 6.046206372560612788560991129714945210550799751180749232869643469221578451243304051449010445597105266138511056248447746894411798337721851116509015438235164840736256005711615327759934647856507146050188996068005017482811173142182647034964305273044761709602468366919362553833214514058533956751300000000000e-03
