1.000000000000000000000000000000000000000000000000000000000000000000000000000000000000000000000000000000000000000000000000000000000000000000000000000000000000000000000000000000000000000000000000000000000000000000000000000000000000000000000000000000000000000000000000000000000000000000000000000000000000e+00 2.040356623073673954208035060542351394911412178158597076465291974742093712532178512838200539100827931030507938269969128566316549225015200984430852046505747905436981597392898315006229301101818604262175250067438310695984967823677071626317032563519302556769916486257974262795623796474317550174000000000000e-289
3.000000000000000000000000000000000000000000000000000000000000000000000000000000000000000000000000000000000000000000000000000000000000000000000000000000000000000000000000000000000000000000000000000000000000000000000000000000000000000000000000000000000000000000000000000000000000000000000000000000000000e+00 4.501054048951586925564269666977760010627693208534962561096669374747649969825442267917172718580813278551803855442331001653820354415875648432536390680830844365773697711780693107382064885443897987148333586292124497135131942068754879036423559795117889990264480357820694220616638129581560945462900000000000e-306
9.000000000000000000000000000000000000000000000000000000000000000000000000000000000000000000000000000000000000000000000000000000000000000000000000000000000000000000000000000000000000000000000000000000000000000000000000000000000000000000000000000000000000000000000000000000000000000000000000000000000000e+00 5.938781253178483037619263639985523264699477358983099720412864287101182159928082400512522477373086056274975944295739170568172862130695563789571048723348506220315303927659553461306634984402525152062900226745998746802343297064921330442333051618060999008367555199266862948681482737253045773177900000000000e-290
2.700000000000000000000000000000000000000000000000000000000000000000000000000000000000000000000000000000000000000000000000000000000000000000000000000000000000000000000000000000000000000000000000000000000000000000000000000000000000000000000000000000000000000000000000000000000000000000000000000000000000e+01 3.213677908735143215762365971125471372926527008371729487955312223976839812649449423923299952245811935500242102399760928292086442758333796832287945838829976970202217591913005064164256491914107586442094667531236130018153519255117591538743356222548593174462538833906569422647793267096191774195000000000000e-290
8.100000000000000000000000000000000000000000000000000000000000000000000000000000000000000000000000000000000000000000000000000000000000000000000000000000000000000000000000000000000000000000000000000000000000000000000000000000000000000000000000000000000000000000000000000000000000000000000000000000000000e+01 6.822538412545640644745975432339977593566631241447999838805822530527941138441113424375456263633726363114626767753088966066505724050996744293762170025497888504496131698027336222317592335842433550208778807185712063834916430984415695412035851808861943186390625064627592342142905360069279592799700000000000e-289
2.430000000000000000000000000000000000000000000000000000000000000000000000000000000000000000000000000000000000000000000000000000000000000000000000000000000000000000000000000000000000000000000000000000000000000000000000000000000000000000000000000000000000000000000000000000000000000000000000000000000000e+02 5.753347506243937448357599320012815632697982780718099680341148171718604451371731972652515423570242439571388614507805004613915776878583184015281907093433938295534541670150094296550878438005718575394311829513875028820540719160198407325580183952478123961723192532965313725353692149685977271212000000000000e-287
7.290000000000000000000000000000000000000000000000000000000000000000000000000000000000000000000000000000000000000000000000000000000000000000000000000000000000000000000000000000000000000000000000000000000000000000000000000000000000000000000000000000000000000000000000000000000000000000000000000000000000e+02 1.259087587322253327538849899798630002320344826473201311530019995029293312106171261742580543699648949983885190444580829550558263810364750787186433326562094011637243349281705458557055957613982351422558121591788444454859601624300903809001403516838788218198216457943494015204151245321007956397000000000000e-286
2.187000000000000000000000000000000000000000000000000000000000000000000000000000000000000000000000000000000000000000000000000000000000000000000000000000000000000000000000000000000000000000000000000000000000000000000000000000000000000000000000000000000000000000000000000000000000000000000000000000000000e+03 1.972516119872953787935332389926060736096908402535640745245370425644387270953308023528689243079374662178276016355034564357037463520575839745894459424152945563473749927694202706392886744994100987970724463811313397303964233772569005908419985811650069329049321931017633068945570149071014511398800000000000e-285
6.561000000000000000000000000000000000000000000000000000000000000000000000000000000000000000000000000000000000000000000000000000000000000000000000000000000000000000000000000000000000000000000000000000000000000000000000000000000000000000000000000000000000000000000000000000000000000000000000000000000000e+03 3.285959583339690512282433573693277004033499626956258065595588321729566126879164108098199266485614505990100273809730222361257962230438656042175164785097955729405328061287489049911765476630316172814251882201375593958273749407330743476629638853385776974840677960916661047538001568165919430333900000000000e-284
1.968300000000000000000000000000000000000000000000000000000000000000000000000000000000000000000000000000000000000000000000000000000000000000000000000000000000000000000000000000000000000000000000000000000000000000000000000000000000000000000000000000000000000000000000000000000000000000000000000000000000e+04 6.501389800284227121555806045640262633728911012506147683177092850483233064188733306365589425340099449999374888641370693871889395416348051026087682235836800043010959078822239979586060616797310071391929704896917112399633262321730196073817079352199478011882194422730794350093864853003671575189100000000000e-283
5.904900000000000000000000000000000000000000000000000000000000000000000000000000000000000000000000000000000000000000000000000000000000000000000000000000000000000000000000000000000000000000000000000000000000000000000000000000000000000000000000000000000000000000000000000000000000000000000000000000000000e+04 7.074861909469092774064889545934317598673998932677614774500936020680479371451157170195809838882698994784710052992729994878548504533308589189786706672050262197832856754006958256141401566345202636554103288876495169959475012452169804631881212898140611016088498369535704667408380745998952726731700000000000e-282
1.771470000000000000000000000000000000000000000000000000000000000000000000000000000000000000000000000000000000000000000000000000000000000000000000000000000000000000000000000000000000000000000000000000000000000000000000000000000000000000000000000000000000000000000000000000000000000000000000000000000000e+05 1.044849226435495665420619885643982632892139787824897867701847106494654584303152762554120006236281310314262883438089666357198968872069605521247097744377596463551456615479018421203058932014721359391712116524137160598322804814719141836970137980420405784422376163042526876590491772438579417223900000000000e-280
5.314410000000000000000000000000000000000000000000000000000000000000000000000000000000000000000000000000000000000000000000000000000000000000000000000000000000000000000000000000000000000000000000000000000000000000000000000000000000000000000000000000000000000000000000000000000000000000000000000000000000e+05 2.547709305864741515070830347949936172077316627067790325691961361490070042185553318476065191211221518229406612486676734032061485747620932474945945743302414766220752870365703576358267099376580149966991045318303185665349187185809509039385693733777684530426762561288355551387996541582634895715900000000000e-280
1.594323000000000000000000000000000000000000000000000000000000000000000000000000000000000000000000000000000000000000000000000000000000000000000000000000000000000000000000000000000000000000000000000000000000000000000000000000000000000000000000000000000000000000000000000000000000000000000000000000000000e+06 3.126851923508349513192050609039340482669314215042671563961513449235206077250816389815972088065172744282021840342382529631572161085328759076806429949587481787374019644150080754555090602496604799493976964230585124755118347050304402498355993954421908874616790329129287018893868499099246543369300000000000e-279
4.782969000000000000000000000000000000000000000000000000000000000000000000000000000000000000000000000000000000000000000000000000000000000000000000000000000000000000000000000000000000000000000000000000000000000000000000000000000000000000000000000000000000000000000000000000000000000000000000000000000000e+06 4.159385779863788103144391857534451378838181354425249162448950187256832947192543296597112570108829979318772672608144125172609228135881969078536407068165473050336623339795768988290399017082390091738116200249727601698865334887093163738284006222799431814343370602565934251703022014712209994472300000000000e-278
1.434890700000000000000000000000000000000000000000000000000000000000000000000000000000000000000000000000000000000000000000000000000000000000000000000000000000000000000000000000000000000000000000000000000000000000000000000000000000000000000000000000000000000000000000000000000000000000000000000000000000e+07 3.310766137497173629365080780157283463648197473060939375377250251727443379950551762647058576652571282485028227771002199007888957899567349829199952174005907346205514666320427288893237161030614004352148853625697428329913453932811167205450843588620447483165255798567935668565253677056144547450400000000000e-278
4.304672100000000000000000000000000000000000000000000000000000000000000000000000000000000000000000000000000000000000000000000000000000000000000000000000000000000000000000000000000000000000000000000000000000000000000000000000000000000000000000000000000000000000000000000000000000000000000000000000000000e+07 3.306053577361659741488672084390417979341752889717943351567168047949366789834084844864872742418986492621583066908060490536429517154215073616440447075262882231687755484196491356831512396097196889351489239180322958081034482791284313101460123709611921731158679531047005445152851301497861171339300000000000e-276
1.291401630000000000000000000000000000000000000000000000000000000000000000000000000000000000000000000000000000000000000000000000000000000000000000000000000000000000000000000000000000000000000000000000000000000000000000000000000000000000000000000000000000000000000000000000000000000000000000000000000000e+08 9.378515020349474116805882985142771219609709810775391264855927511597062836249280480020399376448522026384535868182063519316095839776240437733058733908071923264912457549229417174590228671254407275281442897411423065909503927481304809212560674120914333712871186921385960137005705227217418551051700000000000e-275
3.874204890000000000000000000000000000000000000000000000000000000000000000000000000000000000000000000000000000000000000000000000000000000000000000000000000000000000000000000000000000000000000000000000000000000000000000000000000000000000000000000000000000000000000000000000000000000000000000000000000000e+08 7.605949488283702769803791964201602941870281802701850812696707438050031326641492611650869710917102827542497297993244551049970516739876975125170536192061462331730181642435694141301987439208079090440503277654005829029753836005069878235467305642299655560990529887523987321085721324716907229128300000000000e-274
1.162261467000000000000000000000000000000000000000000000000000000000000000000000000000000000000000000000000000000000000000000000000000000000000000000000000000000000000000000000000000000000000000000000000000000000000000000000000000000000000000000000000000000000000000000000000000000000000000000000000000e+09 1.240528477753464259344474309934201873030268918289574648888140897890414526801741067608640907063011462682007036742461539642533545048797325643082210890602831223887662256353213508001993464801050081094287237143825554768567090221962844955147265449506233802259527874848272339615269911745621528379600000000000e-273
3.486784401000000000000000000000000000000000000000000000000000000000000000000000000000000000000000000000000000000000000000000000000000000000000000000000000000000000000000000000000000000000000000000000000000000000000000000000000000000000000000000000000000000000000000000000000000000000000000000000000000e+09 1.518200536241733125872060701072822015785169297896515238267913682095089431786867519390578016221588931973469290622990403814427274823949306321003940136973451619607634301995200736386350321912525847989167591292837305119576788150686592746156282058686026405634979310863604946006000202291032344457300000000000e-272
1.046035320300000000000000000000000000000000000000000000000000000000000000000000000000000000000000000000000000000000000000000000000000000000000000000000000000000000000000000000000000000000000000000000000000000000000000000000000000000000000000000000000000000000000000000000000000000000000000000000000000e+10 6.997588292163454655255248151306954413056666223134605176633114215314418441331098206151207404918380295093875142808065689281867313066701291374483890451398984342231546397774653170619942357200431682995639066378331448188140838996696922126682182412280811705156348849604440420302226677797077681977700000000000e-272
3.138105960900000000000000000000000000000000000000000000000000000000000000000000000000000000000000000000000000000000000000000000000000000000000000000000000000000000000000000000000000000000000000000000000000000000000000000000000000000000000000000000000000000000000000000000000000000000000000000000000000e+10 4.563893370258432174245945118104507661389915374662724158072320963509427296923548117068399649181395779941230175801815741096673304281733629738536871229372049669771700981568587090834824525655474747943772855757158822934044548657019702619284268008401177968268418562097940468114791619860904669755400000000000e-271
9.414317882700000000000000000000000000000000000000000000000000000000000000000000000000000000000000000000000000000000000000000000000000000000000000000000000000000000000000000000000000000000000000000000000000000000000000000000000000000000000000000000000000000000000000000000000000000000000000000000000000e+10 2.358925627519170418004496401637916034364866449862317098686691895770039333332132857924698851817273395396113295879444407839294824302426256389732130761753053142278052627903108163651884807942243734855133173388686588823515362874463099919369722429968844360802252685869896284994969640691826831201800000000000e-269
2.824295364810000000000000000000000000000000000000000000000000000000000000000000000000000000000000000000000000000000000000000000000000000000000000000000000000000000000000000000000000000000000000000000000000000000000000000000000000000000000000000000000000000000000000000000000000000000000000000000000000e+11 1.289453488664004677739401606636239123278049720848630930982800025723570459225604452272195673883479309287506538811902602502406456290952406361478592184766869762319545324879659640890581911388832334714547129867738616893291881376133480923657976800496927611407748493144693504606030428214151703485400000000000e-268
8.472886094430000000000000000000000000000000000000000000000000000000000000000000000000000000000000000000000000000000000000000000000000000000000000000000000000000000000000000000000000000000000000000000000000000000000000000000000000000000000000000000000000000000000000000000000000000000000000000000000000e+11 1.129124214439076339642701912218451111889722322893321888686862278257449749474185725674566363428604188757580159306642494589457281149764835419598325622537739294142129655623667995671528911006644487963291238662262352705536761233384732712964758730110324437069342763522065965589502453334749153791000000000000e-268
2.541865828329000000000000000000000000000000000000000000000000000000000000000000000000000000000000000000000000000000000000000000000000000000000000000000000000000000000000000000000000000000000000000000000000000000000000000000000000000000000000000000000000000000000000000000000000000000000000000000000000e+12 7.918350910260751887853319898942557106479699052379414028945989168529050774842136010837150725111369279985252477671371639651986390118397077972509190790610813623628136775017091672574980536713806279581814067301962597959975286302680592973820421961099373778052585780734457713275224428340860046624800000000000e-267
7.625597484987000000000000000000000000000000000000000000000000000000000000000000000000000000000000000000000000000000000000000000000000000000000000000000000000000000000000000000000000000000000000000000000000000000000000000000000000000000000000000000000000000000000000000000000000000000000000000000000000e+12 4.465199507493755430131639571521097019702604403600591987826007446797148510160430144323998869143245357612023251143054871769423073458501618903667996916644729562364721302525121859067896060238621037881246787169265966003735147860393111816119365518661405448520353849242201378195539174207433575750700000000000e-267
2.287679245496100000000000000000000000000000000000000000000000000000000000000000000000000000000000000000000000000000000000000000000000000000000000000000000000000000000000000000000000000000000000000000000000000000000000000000000000000000000000000000000000000000000000000000000000000000000000000000000000e+13 3.618403012744388938529879066258900656740093943463753046953686205497100862679132285183338671809228852145655768979340945174212687430654398253623423142579012527341910014059052598047107341399924454954450181812850750036932299965561887669130043538061574861284846239315706385587662782935980886060200000000000e-265
6.863037736488300000000000000000000000000000000000000000000000000000000000000000000000000000000000000000000000000000000000000000000000000000000000000000000000000000000000000000000000000000000000000000000000000000000000000000000000000000000000000000000000000000000000000000000000000000000000000000000000e+13 9.698853217302284299960143207731138421559437782756445106225339032297556533754084381510527962536919063403074543608256400030511683166828232281538241543196309018483153486269676512919256558677235241659187569405441757778099368655570562644623416674006434358094674689361058370715443718846875337566100000000000e-265
2.058911320946490000000000000000000000000000000000000000000000000000000000000000000000000000000000000000000000000000000000000000000000000000000000000000000000000000000000000000000000000000000000000000000000000000000000000000000000000000000000000000000000000000000000000000000000000000000000000000000000e+14 2.255420936827562810798918758713654807004327141253046975403122520192635883120773031381430244994849422584535417406951930173422134903869316184391338834922420722115297561134486884278476162222382461363007368790048318081623628645121867404154717397718022582157504974239236796869337334339527969296300000000000e-263
6.176733962839470000000000000000000000000000000000000000000000000000000000000000000000000000000000000000000000000000000000000000000000000000000000000000000000000000000000000000000000000000000000000000000000000000000000000000000000000000000000000000000000000000000000000000000000000000000000000000000000e+14 1.277479998497470334754759348529833323421785740301151211447900755043883883853826185454435527930890133115460647515818361944583247852140265817827080563357697732712161771202878086539759558582320176312839033938902838862735154333306856638027686003086070732470859829894766743521681636955680438204300000000000e-262
1.853020188851841000000000000000000000000000000000000000000000000000000000000000000000000000000000000000000000000000000000000000000000000000000000000000000000000000000000000000000000000000000000000000000000000000000000000000000000000000000000000000000000000000000000000000000000000000000000000000000000e+15 1.585387203137655559373519531438675912089282006785940109326110167781121211877607513968619148071068751842519742012554343777949589875620074222675190276309892016814560803501293529275531425380371872652435921151741748126942059482942109706279088913814114525671139579569716861665966849826191568083300000000000e-261
5.559060566555523000000000000000000000000000000000000000000000000000000000000000000000000000000000000000000000000000000000000000000000000000000000000000000000000000000000000000000000000000000000000000000000000000000000000000000000000000000000000000000000000000000000000000000000000000000000000000000000e+15 4.300065224181017879698907992203538219751695322203428089773008911645990328666483313400873583265358163325690824934240418853100963093890934160299390530783030098681295010577611791346217504892902126587399676664131575398735897691187420121948860761169601398678212884252898191221331853498257165631800000000000e-261
