1.000000000000000000000000000000000000000000000000000000000000000000000000000000000000000000000000000000000000000000000000000000000000000000000000000000000000000000000000000000000000000000000000000000000000000000000000000000000000000000000000000000000000000000000000000000000000000000000000000000000000e+00 8.805632986870448673931679442486690534161975439483508808548498746235174747814139081787990368294054172553371819860224248881972938079395618170134902903330418502175293031073696749262619357213547334341285149786639444034998854639817255933765972086431121588060313622949877110441637817733225970627600000000000e-16
3.000000000000000000000000000000000000000000000000000000000000000000000000000000000000000000000000000000000000000000000000000000000000000000000000000000000000000000000000000000000000000000000000000000000000000000000000000000000000000000000000000000000000000000000000000000000000000000000000000000000000e+00 1.339068865883809612844061172897550685486672739207948897353030896158129004989686217808243755084499849180220327864498252930100446741429890619527314210353941275208507709668246511078384823831042491341772280050312405134392506826470549163418790338512197301443231124567402930999440312156204844124000000000000e-15
9.000000000000000000000000000000000000000000000000000000000000000000000000000000000000000000000000000000000000000000000000000000000000000000000000000000000000000000000000000000000000000000000000000000000000000000000000000000000000000000000000000000000000000000000000000000000000000000000000000000000000e+00 4.589405122653270547439282405604256676368868659194366007268742350064356296186362537655691225067541673965439751926092637776996148664741010089172498606461123388714384333058188008866049750992773744798233167505321966309656614063853726639205708885350400430783644484235110416429589482639257964384100000000000e-15
2.700000000000000000000000000000000000000000000000000000000000000000000000000000000000000000000000000000000000000000000000000000000000000000000000000000000000000000000000000000000000000000000000000000000000000000000000000000000000000000000000000000000000000000000000000000000000000000000000000000000000e+01 1.954024826461699263030537100818742116658917402711501092529234596632615218153857961948203359791758136076626964154571005283380944199727642096411435536365712136111955552934960937278877931318289518624661210127830401983479985030848185581331275120563916049668440057748595035973147435972704426933800000000000e-14
8.100000000000000000000000000000000000000000000000000000000000000000000000000000000000000000000000000000000000000000000000000000000000000000000000000000000000000000000000000000000000000000000000000000000000000000000000000000000000000000000000000000000000000000000000000000000000000000000000000000000000e+01 1.353804249492238847588008402535715224884804938009815618864702112003760543666284810677317892677595450746965997128664898147403587202770123033494119695739496697152947360454159028728847360534356681782237433684162531842405175049874961426791566932412922399495499043204015131093948346156757616324900000000000e-13
2.430000000000000000000000000000000000000000000000000000000000000000000000000000000000000000000000000000000000000000000000000000000000000000000000000000000000000000000000000000000000000000000000000000000000000000000000000000000000000000000000000000000000000000000000000000000000000000000000000000000000e+02 3.852090044204939644164146879823969235039155315370626710880354363856212265598999635420225724096068417113295929120826909090894007760127338845338223137781776959821911360339495231041649678560990540931432614013847978119127464447580669696542456821222481513574589618083359475239628305584464359423000000000000e-13
7.290000000000000000000000000000000000000000000000000000000000000000000000000000000000000000000000000000000000000000000000000000000000000000000000000000000000000000000000000000000000000000000000000000000000000000000000000000000000000000000000000000000000000000000000000000000000000000000000000000000000e+02 2.611257624547950181206556903522534338610444109795925609097100325975104525099787479209233792004757644454638985474447056623210786478606887741775772746754530200727494996594592596118261691837362892690463623509471992617993656530531726625601362983881079716843215341358881822839817549801992185485600000000000e-12
2.187000000000000000000000000000000000000000000000000000000000000000000000000000000000000000000000000000000000000000000000000000000000000000000000000000000000000000000000000000000000000000000000000000000000000000000000000000000000000000000000000000000000000000000000000000000000000000000000000000000000e+03 1.170998743328988967434268953693755708934636869061319481691124697114294787260368963689868897944433964251273323255455030901391098827846039826633243414552061374029274555429487104500710758058594583612912658373871856643638280515497673344903413744330323269746890924772216482279814431486602504665400000000000e-10
6.561000000000000000000000000000000000000000000000000000000000000000000000000000000000000000000000000000000000000000000000000000000000000000000000000000000000000000000000000000000000000000000000000000000000000000000000000000000000000000000000000000000000000000000000000000000000000000000000000000000000e+03 1.053383670518714155328323627082202811188965106706621632250124604829983095035988544074757189476985266641816656323768760656528140743836760118543437520467595087009758859272470103471853593654473348614758868891461639239926501568187155602302478708438028828935002769395946622451638282804048337210500000000000e-09
1.968300000000000000000000000000000000000000000000000000000000000000000000000000000000000000000000000000000000000000000000000000000000000000000000000000000000000000000000000000000000000000000000000000000000000000000000000000000000000000000000000000000000000000000000000000000000000000000000000000000000e+04 1.440246195466774713339345001669784411575518743679553583689206556244747013004067565379953183757313627054696707965162586879297802683758509568079835711461786032989288924686577626000408607967619512788161219213922517153744528914989430760209607920273637472037640014178484673633225841279179947322800000000000e-08
5.904900000000000000000000000000000000000000000000000000000000000000000000000000000000000000000000000000000000000000000000000000000000000000000000000000000000000000000000000000000000000000000000000000000000000000000000000000000000000000000000000000000000000000000000000000000000000000000000000000000000e+04 7.955052124627692292538210274261931981436082627055700754881888843189616253865867877630024925449862571005535364499768798227675789303523641992015217920902623298859476022283723604218390217146588981373963523928478692859688762190238011183379306646081285132063098831507082364404095450516386400180000000000000e-08
1.771470000000000000000000000000000000000000000000000000000000000000000000000000000000000000000000000000000000000000000000000000000000000000000000000000000000000000000000000000000000000000000000000000000000000000000000000000000000000000000000000000000000000000000000000000000000000000000000000000000000e+05 9.753173344949898145653734829671050458560391541438142711430113627016626644777341276222638672067367260091774353173620656102101249069657374703330468442953681835671379730082086661993216874718103521133818188184262279048920246964542346585801720550065033498914577795378545994210553104689449354418300000000000e-07
5.314410000000000000000000000000000000000000000000000000000000000000000000000000000000000000000000000000000000000000000000000000000000000000000000000000000000000000000000000000000000000000000000000000000000000000000000000000000000000000000000000000000000000000000000000000000000000000000000000000000000e+05 2.780260319613845752802613960210112017906019123078303627213939151861491989865865842297654492470992657715910287166853385978265385823010068491644283509388208459899750086608756485765883741275513555651149954481120764764881798746544789752460370584887357632917397694442820980325709706523602608049200000000000e-06
1.594323000000000000000000000000000000000000000000000000000000000000000000000000000000000000000000000000000000000000000000000000000000000000000000000000000000000000000000000000000000000000000000000000000000000000000000000000000000000000000000000000000000000000000000000000000000000000000000000000000000e+06 2.197552929562925131743546485962623523352464815492155349891175275038447028837577519600306930004381669117215884186419126625515868312655267248141071828568861315515331609025150133855651373784069478251564667428661234399116736922100735785479368698494600729247864906674853274870457957858480042696300000000000e-04
4.782969000000000000000000000000000000000000000000000000000000000000000000000000000000000000000000000000000000000000000000000000000000000000000000000000000000000000000000000000000000000000000000000000000000000000000000000000000000000000000000000000000000000000000000000000000000000000000000000000000000e+06 9.520202223278868684276856213566980901831249392435494172483954674577864360639548324909227879926216592771585479646204058303987461602884716809722860018511042441660483916173169574485229579073518755217897829702518575842094316543173246608755850830810245473781788984022345828504208063054192141326900000000000e-04
1.434890700000000000000000000000000000000000000000000000000000000000000000000000000000000000000000000000000000000000000000000000000000000000000000000000000000000000000000000000000000000000000000000000000000000000000000000000000000000000000000000000000000000000000000000000000000000000000000000000000000e+07 1.892923280404628740526300290996580023317579867293811576013656306747531848413445928750282335424436774700969812690689038925079485708808409710014671796440184673233867628153231908229801884501427802629512475741526068448787973805221257070124313050114917225438604282993716344947729088109547087385000000000000e-02
4.304672100000000000000000000000000000000000000000000000000000000000000000000000000000000000000000000000000000000000000000000000000000000000000000000000000000000000000000000000000000000000000000000000000000000000000000000000000000000000000000000000000000000000000000000000000000000000000000000000000000e+07 7.804557315993865869920525929588471704277456847641908527896635855542880978373457444649905330766946156395022869548487383612100842830690070070370793414828637912768274814362380657756300285341885303936374725196046156221101187314460625386158222444606986602535555592937217449974293004745137275768100000000000e-03
1.291401630000000000000000000000000000000000000000000000000000000000000000000000000000000000000000000000000000000000000000000000000000000000000000000000000000000000000000000000000000000000000000000000000000000000000000000000000000000000000000000000000000000000000000000000000000000000000000000000000000e+08 9.349051447553180871064758649186027931752967624244621525584795279589626501481579236845680418012495808173080817562299203011585167982869194798318419222695446549885192235080091496080786581402413758303654307931293406306400342560227754851045411776791902876863200281144962238727190329407401856363200000000000e-01
3.874204890000000000000000000000000000000000000000000000000000000000000000000000000000000000000000000000000000000000000000000000000000000000000000000000000000000000000000000000000000000000000000000000000000000000000000000000000000000000000000000000000000000000000000000000000000000000000000000000000000e+08 1.389602815871434579923130143196117155071649589347711689661712075746228629601888424826674205908813823287995390623201376569186628022221282955368369290070009642640711617385286992769868640291515651991622381817466796053919127284259597060059888649583860664904910078818610266852389399001186312338100000000000e+00
1.162261467000000000000000000000000000000000000000000000000000000000000000000000000000000000000000000000000000000000000000000000000000000000000000000000000000000000000000000000000000000000000000000000000000000000000000000000000000000000000000000000000000000000000000000000000000000000000000000000000000e+09 9.822895159298187686436585774194454513218098379054956278258437541408286113493824468281111044844909360620780004502127482073059679381664123584634655324669421422084572743700348075975283362528224923666575847810036732867800880049007126092016421285657452930007260088850176433878500167936835312719800000000000e-01
3.486784401000000000000000000000000000000000000000000000000000000000000000000000000000000000000000000000000000000000000000000000000000000000000000000000000000000000000000000000000000000000000000000000000000000000000000000000000000000000000000000000000000000000000000000000000000000000000000000000000000e+09 1.783220741278319226487989774574010575248624730944435261613476666145584131595247697327337174614738190768967104213817768864563922826899941651190011472907882704647594436091443972725711821587678187231636109742952912028822916279382877133891212930568714387474792218771387981270978143248854931242300000000000e+00
1.046035320300000000000000000000000000000000000000000000000000000000000000000000000000000000000000000000000000000000000000000000000000000000000000000000000000000000000000000000000000000000000000000000000000000000000000000000000000000000000000000000000000000000000000000000000000000000000000000000000000e+10 2.167008967325280268895532744992314097305232339116712414369003626182166375662417839732911510995047881733330032060355339058102232651356927306476225133470405600303120677456850036759683376548183772658571084327488002637980315624277024349086409561087491411298485519147720589336268511448937863805200000000000e+00
3.138105960900000000000000000000000000000000000000000000000000000000000000000000000000000000000000000000000000000000000000000000000000000000000000000000000000000000000000000000000000000000000000000000000000000000000000000000000000000000000000000000000000000000000000000000000000000000000000000000000000e+10 2.793296096381017616614950880788851693686152393883625495764135248209655357628243760186041462520463831146986713146392112622101477436135495703820717957973070416501790753589691609705168598742673592839763046734763777680113256906044707019383964605254798987235702586936918367470411926111588936306400000000000e+00
9.414317882700000000000000000000000000000000000000000000000000000000000000000000000000000000000000000000000000000000000000000000000000000000000000000000000000000000000000000000000000000000000000000000000000000000000000000000000000000000000000000000000000000000000000000000000000000000000000000000000000e+10 3.295725725608655481125545802249256806159803315460046815942509769096579200515595244579281807034111752748051263970748831786893777189918011890778901333585996641986099152789433681140395914922303530008031342687207519818898656352634698093770874016635961816039036357236821945340535036436718229871700000000000e+00
2.824295364810000000000000000000000000000000000000000000000000000000000000000000000000000000000000000000000000000000000000000000000000000000000000000000000000000000000000000000000000000000000000000000000000000000000000000000000000000000000000000000000000000000000000000000000000000000000000000000000000e+11 3.460419569344295739122469301809954666535261314349368598607805623177517204536155574592794317668084353301194651061394654833212456338640793072830839682282796053029852282083076062888263604374228958573223706643283921834374087439675202399555273535256279475985021304885777231887466427722537048936500000000000e+00
8.472886094430000000000000000000000000000000000000000000000000000000000000000000000000000000000000000000000000000000000000000000000000000000000000000000000000000000000000000000000000000000000000000000000000000000000000000000000000000000000000000000000000000000000000000000000000000000000000000000000000e+11 3.436782372079003600094366001042129352391233490302148621228962619835971670673947762292769063592142914913936644625610225864672683990395148581139992233420874801804850442763817553724688723072375850186973748004673732234301077676158128222629709002072799041673323320274039542209460311352486155036800000000000e+00
2.541865828329000000000000000000000000000000000000000000000000000000000000000000000000000000000000000000000000000000000000000000000000000000000000000000000000000000000000000000000000000000000000000000000000000000000000000000000000000000000000000000000000000000000000000000000000000000000000000000000000e+12 3.571441642328249490405559783483260394770867543880604543290233197721497070531124772177448677798527534506143090480822603740929093043193465388884490091818096219675392921440569463049522357514435604825695800889503807492336484163492295288162303372935467456927084377328330951337195438376934592710300000000000e+00
7.625597484987000000000000000000000000000000000000000000000000000000000000000000000000000000000000000000000000000000000000000000000000000000000000000000000000000000000000000000000000000000000000000000000000000000000000000000000000000000000000000000000000000000000000000000000000000000000000000000000000e+12 3.981332003283394268827295461649301308770495078403246157920960910191341186338415853164840314640544003399109757166546742248707318903684168691917391907797552734234590711695355453912680573981953635501298057054478433643873639327106051066713997001647790091229006011940222277344061524284214585255500000000000e+00
2.287679245496100000000000000000000000000000000000000000000000000000000000000000000000000000000000000000000000000000000000000000000000000000000000000000000000000000000000000000000000000000000000000000000000000000000000000000000000000000000000000000000000000000000000000000000000000000000000000000000000e+13 4.366161488621421774341112342592151865850270502011853041479204590382596913552747765785341203717545106649060404927126985138636106559754937332059800917685836397396256242172808937683195478520501815907912345098502103542295768240948832166889199443707677050299188032707066722971361852246041984785200000000000e+00
6.863037736488300000000000000000000000000000000000000000000000000000000000000000000000000000000000000000000000000000000000000000000000000000000000000000000000000000000000000000000000000000000000000000000000000000000000000000000000000000000000000000000000000000000000000000000000000000000000000000000000e+13 3.929862792865387884093329112569656015688705348916049188612550677341000940600349954365959052202472716906658718198045298509495358305852265041693288668168610024308940100844421104164086607967627098991859074245773445796751527604414643702445913159286565100488749784866120747836470466435874383272800000000000e+00
2.058911320946490000000000000000000000000000000000000000000000000000000000000000000000000000000000000000000000000000000000000000000000000000000000000000000000000000000000000000000000000000000000000000000000000000000000000000000000000000000000000000000000000000000000000000000000000000000000000000000000e+14 4.397171022520857395479585939848562634997108398993103850044215887673674600501247556504933863060302402643255757136396139312418192243877354700010309528638694693142664855590752555493129934004319628139027351454726356436315349801275379749767924174611258826027977474423109949917340764992010859191300000000000e+00
6.176733962839470000000000000000000000000000000000000000000000000000000000000000000000000000000000000000000000000000000000000000000000000000000000000000000000000000000000000000000000000000000000000000000000000000000000000000000000000000000000000000000000000000000000000000000000000000000000000000000000e+14 4.560255527225606534672330416706090156600378017019608579903470890821500061771028220554698426929535975553073747607647939632360693610326117893188435413737862574527844767005694460186387086519987961870890528176988105341228806427677401783452008899228804859725211875296853654649014516641100092283600000000000e+00
1.853020188851841000000000000000000000000000000000000000000000000000000000000000000000000000000000000000000000000000000000000000000000000000000000000000000000000000000000000000000000000000000000000000000000000000000000000000000000000000000000000000000000000000000000000000000000000000000000000000000000e+15 4.493669892982727688952836528782919957393239074945986337745301693549724106652455351148928274351489082092283850209816821078552380498693143542449309823979573165238636897290595783094971270306771656688043162259629807838398457734231450473330944207646843745176309914205364557167071432804207146484000000000000e+00
5.559060566555523000000000000000000000000000000000000000000000000000000000000000000000000000000000000000000000000000000000000000000000000000000000000000000000000000000000000000000000000000000000000000000000000000000000000000000000000000000000000000000000000000000000000000000000000000000000000000000000e+15 5.212144001142027968796444233368235265423008123689845745873010749384745629472524502739589853847513594146972212757460520742656076911853017393165902940616787346130692355796191453075487626945622635787914317009425586616043853631094779029200028749697985250141922952893778746540872336518389144111300000000000e+00
