1.000000000000000000000000000000000000000000000000000000000000000000000000000000000000000000000000000000000000000000000000000000000000000000000000000000000000000000000000000000000000000000000000000000000000000000000000000000000000000000000000000000000000000000000000000000000000000000000000000000000000e+01 4.471573137091246666959753353137318538446070800104421808848457861170932672462927889935288569949376099109736602482060898993495226591924020046845960321208801172962263126321755516397356509680675708031002620370030013503825563846877275501017744020118565735617557551911747587173535758930380550378300000000000e-07
3.000000000000000000000000000000000000000000000000000000000000000000000000000000000000000000000000000000000000000000000000000000000000000000000000000000000000000000000000000000000000000000000000000000000000000000000000000000000000000000000000000000000000000000000000000000000000000000000000000000000000e+01 4.521353247287932354688065641727742957367616150691147942811216102117337082648492774811912433308681302759411181184348311885617751423988206517206656327501820503158544670641949260339805551351788122840576459034848698162440115901576582486973839703048190978952353662531759807203911113222160219810900000000000e-07
9.000000000000000000000000000000000000000000000000000000000000000000000000000000000000000000000000000000000000000000000000000000000000000000000000000000000000000000000000000000000000000000000000000000000000000000000000000000000000000000000000000000000000000000000000000000000000000000000000000000000000e+01 5.836527468020193905016720239110087960977455053415793571473751384564959826023431847573008290029556194050536273896989120734474174419256211310728996469080044228259930825448085853993928874935613787144422891368121795768273988236636864785726139128145767887491320698170118761374247038711457238679300000000000e-07
2.700000000000000000000000000000000000000000000000000000000000000000000000000000000000000000000000000000000000000000000000000000000000000000000000000000000000000000000000000000000000000000000000000000000000000000000000000000000000000000000000000000000000000000000000000000000000000000000000000000000000e+02 4.873488336290626270689617434270878387736638065709455612643244763012805511838030831558568067390684366831453139431825706622139746979535411081186989018907475789912749956393642293172153869334810775319622538312335848394586956971066224861102814796513182488452378983155938358762102207021830382338600000000000e-07
8.100000000000000000000000000000000000000000000000000000000000000000000000000000000000000000000000000000000000000000000000000000000000000000000000000000000000000000000000000000000000000000000000000000000000000000000000000000000000000000000000000000000000000000000000000000000000000000000000000000000000e+02 4.945532045787789820491119325933904828804486427377387395337445318485607663989786934846082540098223012753027345116697333153044517651364464729459703505353697005548434863590317583105423314999506022920751667109170984152569477215308199738566927788380550160160293193123298803087743735335442926520100000000000e-07
2.430000000000000000000000000000000000000000000000000000000000000000000000000000000000000000000000000000000000000000000000000000000000000000000000000000000000000000000000000000000000000000000000000000000000000000000000000000000000000000000000000000000000000000000000000000000000000000000000000000000000e+03 3.678693961642083000705027259327468249491169045000796913844960213844762006161194565533592893151173329347674884033431761736878117094543981075708679604242544067306319900496542373101068367641568930596240489559461535953498663735843873694075369617413130660260797006204234102729397920865769093177800000000000e-07
7.290000000000000000000000000000000000000000000000000000000000000000000000000000000000000000000000000000000000000000000000000000000000000000000000000000000000000000000000000000000000000000000000000000000000000000000000000000000000000000000000000000000000000000000000000000000000000000000000000000000000e+03 4.968559704553367454808830006539058096850336089568772319453721088330861140837829873453478297341338645765965276818936648252019084187821689566937397786508069032651664202064541274724081850172917973514164862986089687497980344349785570085393619358123301710058887804042927270731778089758795636170700000000000e-07
2.187000000000000000000000000000000000000000000000000000000000000000000000000000000000000000000000000000000000000000000000000000000000000000000000000000000000000000000000000000000000000000000000000000000000000000000000000000000000000000000000000000000000000000000000000000000000000000000000000000000000e+04 4.189153821478955757649377417167343571588476889560143736096432318820525905562528508927947135976988260281957025568807729506933254687375988360766505199049662651624676566477337262002315442383011907730133846841837395066056145979240927312737389606436410480001718080757980338031271621671960194658500000000000e-07
6.561000000000000000000000000000000000000000000000000000000000000000000000000000000000000000000000000000000000000000000000000000000000000000000000000000000000000000000000000000000000000000000000000000000000000000000000000000000000000000000000000000000000000000000000000000000000000000000000000000000000e+04 5.732184570263275310466166346253810461293027827510290620085418686215061883467617334087674565686164185347152422585026301763186411231571708167480331319476682902253609755956971977951340486943156626338852363376973928853980351671552971709963273266435778874432042436821108876592205375099340172254300000000000e-07
1.968300000000000000000000000000000000000000000000000000000000000000000000000000000000000000000000000000000000000000000000000000000000000000000000000000000000000000000000000000000000000000000000000000000000000000000000000000000000000000000000000000000000000000000000000000000000000000000000000000000000e+05 9.437118163386147386815265421857340494712821818921392900027098098311793002117429174810628367175655377079542099467889628285309564044921556078963885644507937255639339582058984036987174468956242637941622925559323313268523205647258383599549930519395859329566070926563982226700789822958824077464900000000000e-07
5.904900000000000000000000000000000000000000000000000000000000000000000000000000000000000000000000000000000000000000000000000000000000000000000000000000000000000000000000000000000000000000000000000000000000000000000000000000000000000000000000000000000000000000000000000000000000000000000000000000000000e+05 1.706736960974442299029300907032757050336266921267982963803741038293712291443397817541675375031257949430403981892093208842672144755421695280743265360749848246998326261010125258541351664436478897667488704000618829039883783393972154688744051090095604801536530313766337468252106244123771578040800000000000e-06
1.771470000000000000000000000000000000000000000000000000000000000000000000000000000000000000000000000000000000000000000000000000000000000000000000000000000000000000000000000000000000000000000000000000000000000000000000000000000000000000000000000000000000000000000000000000000000000000000000000000000000e+06 5.846212116918247552523473567166589232554616941865607966874931253680323701618592068553166309868833105430714820095235779227950909681687852465454134266904487670791526693718418659429777160565395785137459602612531704188092714320917387211006445417247734954160039660110106435242374314828981526543100000000000e-05
5.314410000000000000000000000000000000000000000000000000000000000000000000000000000000000000000000000000000000000000000000000000000000000000000000000000000000000000000000000000000000000000000000000000000000000000000000000000000000000000000000000000000000000000000000000000000000000000000000000000000000e+06 1.528792880105102719600873737434873240245787277124894323897428805231228303092781020214182961717504357244337083522352008434187000831984059967436669666164063083984379417576808442331987368424986552432632874413640381241884863024362843916250326297873102234375436932461380540615198411079199677214800000000000e-04
1.594323000000000000000000000000000000000000000000000000000000000000000000000000000000000000000000000000000000000000000000000000000000000000000000000000000000000000000000000000000000000000000000000000000000000000000000000000000000000000000000000000000000000000000000000000000000000000000000000000000000e+07 2.365510134318324287533376532731843663300595092941329199832215659642985071906837348704392435418251534998327086608164167402045320783042372683756623249623226074538985467396192108521528657445016351675893445043678581188299966687411656363668263260284268533834376295342144627344454634382338296511800000000000e-03
4.782969000000000000000000000000000000000000000000000000000000000000000000000000000000000000000000000000000000000000000000000000000000000000000000000000000000000000000000000000000000000000000000000000000000000000000000000000000000000000000000000000000000000000000000000000000000000000000000000000000000e+07 1.936792701659812009579636085311431482879764717534230970903683072574095333454216390146886335455412578665519646197472280143064687771914827253467700676225229085053853176020585849430088639769849440665220428876403967050202316083968253161008378457769478607720715463977189069063665485663523817358000000000000e-02
1.434890700000000000000000000000000000000000000000000000000000000000000000000000000000000000000000000000000000000000000000000000000000000000000000000000000000000000000000000000000000000000000000000000000000000000000000000000000000000000000000000000000000000000000000000000000000000000000000000000000000e+08 3.647165379839178989648637402182157005915652893430503305056946519295391944343533817229094648573169422567125617167766864085346684521885608643150029373972901492967215315009332668584255289081201390696969711611721017388551364453496932760112590735151243433952684246046102725538847322288964368912100000000000e-02
4.304672100000000000000000000000000000000000000000000000000000000000000000000000000000000000000000000000000000000000000000000000000000000000000000000000000000000000000000000000000000000000000000000000000000000000000000000000000000000000000000000000000000000000000000000000000000000000000000000000000000e+08 1.287732791671456154361845702561960489162828115580572325010746586336955599115359186167941239895078053087676729400882284883141953717134439741718037886389979554966106527360258064171622031045228443529655545366008864045192300465241507320355142558918416912632703741293802061575136537922733708517200000000000e+00
1.291401630000000000000000000000000000000000000000000000000000000000000000000000000000000000000000000000000000000000000000000000000000000000000000000000000000000000000000000000000000000000000000000000000000000000000000000000000000000000000000000000000000000000000000000000000000000000000000000000000000e+09 1.212620168588086876562892034795092110576184126549939837603625016402456888621054817887986567850272807067036130159549086667767495645612360023148249826659454876006114543756806958014319123947936121427016294043919530564566437946193019687986221031335394753394799175936140593276777285242953276419200000000000e+00
3.874204890000000000000000000000000000000000000000000000000000000000000000000000000000000000000000000000000000000000000000000000000000000000000000000000000000000000000000000000000000000000000000000000000000000000000000000000000000000000000000000000000000000000000000000000000000000000000000000000000000e+09 2.099303904371496149548875118236126077080736191280595037917484855170915351924782845646523690663467883897065268018539162351209834095171828378823006768557289823322792719101484527771038741793031610474438965024438236821499193356317376459325257887035887530950452360352687006383136662898488696793400000000000e+00
1.162261467000000000000000000000000000000000000000000000000000000000000000000000000000000000000000000000000000000000000000000000000000000000000000000000000000000000000000000000000000000000000000000000000000000000000000000000000000000000000000000000000000000000000000000000000000000000000000000000000000e+10 2.438374639570378527896958170087365027871538287843928166050690428183301936571281672812586817238801229018646561851417986295819605303600700233471226889137509624153112224339980230241215850147980498374120001213386847971684866076390507376582706259638227128734294079461531126718806549489282811647200000000000e+00
3.486784401000000000000000000000000000000000000000000000000000000000000000000000000000000000000000000000000000000000000000000000000000000000000000000000000000000000000000000000000000000000000000000000000000000000000000000000000000000000000000000000000000000000000000000000000000000000000000000000000000e+10 2.426774331573410450235322719625178304968756650055151636095717063530834206948390549237083547479493924115420590048032764045077032187196438814791413066565255323157906455097513246216545672094441054891501582541397681219618953279230367935717949905678473573756131392058960761689223417702006470279400000000000e+00
1.046035320300000000000000000000000000000000000000000000000000000000000000000000000000000000000000000000000000000000000000000000000000000000000000000000000000000000000000000000000000000000000000000000000000000000000000000000000000000000000000000000000000000000000000000000000000000000000000000000000000e+11 2.511221421024049633935626778758948404151235226841128161941911513061879081006884309450483508808142806953530170678568988420847576573409839080145882302662274286355444244056647069167861786318114189368923264677120872392836516792029072617970586859529800512465190390353114446506947267088236619901200000000000e+00
3.138105960900000000000000000000000000000000000000000000000000000000000000000000000000000000000000000000000000000000000000000000000000000000000000000000000000000000000000000000000000000000000000000000000000000000000000000000000000000000000000000000000000000000000000000000000000000000000000000000000000e+11 3.424730076457386804708789181314312041372343317637662061767081586591198777564745209711707019026855951912686041626254375073306465788213127549357153895383832025524226249084004741801069375666517326272975139799637709648078877027742755183723816678224260803812044232898201444557622648614167139367200000000000e+00
9.414317882700000000000000000000000000000000000000000000000000000000000000000000000000000000000000000000000000000000000000000000000000000000000000000000000000000000000000000000000000000000000000000000000000000000000000000000000000000000000000000000000000000000000000000000000000000000000000000000000000e+11 3.458903506021660432059609283321550106375998791215108338336232592926864113085875506438495766948497762931161017132017927887966457502535302811131215529678938385910984919576455418287992955018129537104510240999665046890193167791664302928645078064322010440436215827621594513642257923591134172307900000000000e+00
2.824295364810000000000000000000000000000000000000000000000000000000000000000000000000000000000000000000000000000000000000000000000000000000000000000000000000000000000000000000000000000000000000000000000000000000000000000000000000000000000000000000000000000000000000000000000000000000000000000000000000e+12 3.465520369860636571304573064672812195462599938689379984733001828652601149399810688275243298965136662158603162669492601429543700810859856837871242836019890866313032550210056727408893200463940624974401641445261505653179403899612478037808740873596615946544595652584270451167521719320184734277300000000000e+00
8.472886094430000000000000000000000000000000000000000000000000000000000000000000000000000000000000000000000000000000000000000000000000000000000000000000000000000000000000000000000000000000000000000000000000000000000000000000000000000000000000000000000000000000000000000000000000000000000000000000000000e+12 3.886682538317181174323415015909080247990861931942852564748212350347147940174817812846786920111945360332951000384731597417041051467609809223831098874758521865349852695344837543185446552415633555507349973203186915457491141714699952010540243701200470890961929495406964104837837896121227375510000000000000e+00
2.541865828329000000000000000000000000000000000000000000000000000000000000000000000000000000000000000000000000000000000000000000000000000000000000000000000000000000000000000000000000000000000000000000000000000000000000000000000000000000000000000000000000000000000000000000000000000000000000000000000000e+13 4.303001710506006588983636682909220544089353150240913017859813699057173623173067991568240328662697650968190444714129038728481468362715035287836157993212285303029678337873571423748986621897254052747828808025200677245109648228031524841357495399996814355338046447641009773799712171526078272012900000000000e+00
7.625597484987000000000000000000000000000000000000000000000000000000000000000000000000000000000000000000000000000000000000000000000000000000000000000000000000000000000000000000000000000000000000000000000000000000000000000000000000000000000000000000000000000000000000000000000000000000000000000000000000e+13 3.835170345954328216316482666558964947693576650821800202419355275661993241693646114608613427355897801159996839452793183545196437141209973774026783842000206014431941036256426965037988548873349845239246956716185068210067465816640567835199431900867764401674140692721303061859821622152672237189700000000000e+00
2.287679245496100000000000000000000000000000000000000000000000000000000000000000000000000000000000000000000000000000000000000000000000000000000000000000000000000000000000000000000000000000000000000000000000000000000000000000000000000000000000000000000000000000000000000000000000000000000000000000000000e+14 4.467372901717648281786445365294188767897115500277578614581907784683500508815305573374026629922326923589674682966251930058921880799979167885796229682702583862598468008385591455214798681369132417307953510481155940155235684506183588253791817072100636121642106524326272584793008048714118220866600000000000e+00
6.863037736488300000000000000000000000000000000000000000000000000000000000000000000000000000000000000000000000000000000000000000000000000000000000000000000000000000000000000000000000000000000000000000000000000000000000000000000000000000000000000000000000000000000000000000000000000000000000000000000000e+14 4.470971431176292598202923309125598056923303678754647195727272124310919181570795220907582554810727338585701324270179319160757141645313489298211706370158724155882010964893311694955281212930660378645518879318116400990858729142598741265811946374361055965938990923877160378138411585869645716004000000000000e+00
2.058911320946490000000000000000000000000000000000000000000000000000000000000000000000000000000000000000000000000000000000000000000000000000000000000000000000000000000000000000000000000000000000000000000000000000000000000000000000000000000000000000000000000000000000000000000000000000000000000000000000e+15 4.473230620411719730259716041944486271971083413252084439321147711514682769780354131442276246707369535534002951535822492469061209446559258314101567628985038386889225125476417920550319262329640389213784119027906572971821930994493107771475724271975184306167401185213107611176043228407926329682000000000000e+00
6.176733962839470000000000000000000000000000000000000000000000000000000000000000000000000000000000000000000000000000000000000000000000000000000000000000000000000000000000000000000000000000000000000000000000000000000000000000000000000000000000000000000000000000000000000000000000000000000000000000000000e+15 4.482196561830595019910384308336368591483438257521645233604338902301281286740091262715368535501009682836593044982652047021164559920824452168515752373443373922370356606959213766783232837689838769800645736930442918898166983774274912013923315603567366531770149481847149646242681559141254624953400000000000e+00
