1.000000000000000000000000000000000000000000000000000000000000000000000000000000000000000000000000000000000000000000000000000000000000000000000000000000000000000000000000000000000000000000000000000000000000000000000000000000000000000000000000000000000000000000000000000000000000000000000000000000000000e+00 2.214886398075942695482444019203207028288997308335537761109706711777170953224975147604612067543126906098365079701269229386994547163806034596232472885434096559973243506852937107640446105621331640914332770335870496807910744549113425280106397180334636989041454276035498962514821234695307377931600000000000e-03
3.000000000000000000000000000000000000000000000000000000000000000000000000000000000000000000000000000000000000000000000000000000000000000000000000000000000000000000000000000000000000000000000000000000000000000000000000000000000000000000000000000000000000000000000000000000000000000000000000000000000000e+00 1.609175858528471100065596235734558545527725977287092045798860598169224751999872788449533247112858210151635444270645154802632896544001323122836597466248138371945138918058693847389488607743215677572231075903833370032765806438419989193242601156346045579818305106278309736044589239344463258060400000000000e-02
9.000000000000000000000000000000000000000000000000000000000000000000000000000000000000000000000000000000000000000000000000000000000000000000000000000000000000000000000000000000000000000000000000000000000000000000000000000000000000000000000000000000000000000000000000000000000000000000000000000000000000e+00 5.164165421192607412634594755040735779422622040331940874444527197706581409304369725301765951809934350909841946252996740620677576883522249260463167435569568918692847251792205274420054303041679348476951181003868757015346653789464198438777977039800011082697862014233101149502333909874822084729200000000000e-02
2.700000000000000000000000000000000000000000000000000000000000000000000000000000000000000000000000000000000000000000000000000000000000000000000000000000000000000000000000000000000000000000000000000000000000000000000000000000000000000000000000000000000000000000000000000000000000000000000000000000000000e+01 4.389837581152809422470062181677897216835385197842839825726894272138732249080542123611777482354605994274650766668566340767156732655646613008506438655552470896134742574438572276584432528988755335100267044871263952519514505903476296460059936674698510255994168372082692754209361489126221160796800000000000e-02
8.100000000000000000000000000000000000000000000000000000000000000000000000000000000000000000000000000000000000000000000000000000000000000000000000000000000000000000000000000000000000000000000000000000000000000000000000000000000000000000000000000000000000000000000000000000000000000000000000000000000000e+01 1.788649427301690305046630978015767767616102375027173607472661141084252884941460012248045427355352085684673378940424644104032133832766208913454415981092502630054460468782978609208930865852292193933056203653054830155059024990321956204741075573345167985244866121823510986899054192877481194270600000000000e-01
2.430000000000000000000000000000000000000000000000000000000000000000000000000000000000000000000000000000000000000000000000000000000000000000000000000000000000000000000000000000000000000000000000000000000000000000000000000000000000000000000000000000000000000000000000000000000000000000000000000000000000e+02 9.710249755462585491727513500995492988553247648176666573670486833621269072337209318475248775759101774825209099739025762435341392701405429630079623769970547315795115740105109059398215402750910346573665831828766400922078371370117795755295210179815845597055880509959155238438332625727759116083000000000000e-01
7.290000000000000000000000000000000000000000000000000000000000000000000000000000000000000000000000000000000000000000000000000000000000000000000000000000000000000000000000000000000000000000000000000000000000000000000000000000000000000000000000000000000000000000000000000000000000000000000000000000000000e+02 2.170151789701638668521522629783822141792570742581869909834764353203287626265124615560292318470757192217132498035947267276517594810972652747096677507086072113577651023005100337018386826929415995929727559876291767100582483297149973947285919516555850279632978608203843912726756400465914396512200000000000e+00
2.187000000000000000000000000000000000000000000000000000000000000000000000000000000000000000000000000000000000000000000000000000000000000000000000000000000000000000000000000000000000000000000000000000000000000000000000000000000000000000000000000000000000000000000000000000000000000000000000000000000000e+03 1.928572310944101271149415921520421384203579488027965117376234237223223972636353968955550197736084677969727578840943833948986521652207406210953007225345643626347231892583353482331247812045956327573222747171227816968807918447143513251517931832950794022442090866333950371070243644113258869286300000000000e+00
6.561000000000000000000000000000000000000000000000000000000000000000000000000000000000000000000000000000000000000000000000000000000000000000000000000000000000000000000000000000000000000000000000000000000000000000000000000000000000000000000000000000000000000000000000000000000000000000000000000000000000e+03 7.978624244384131074355351902193303342756450538646906389535923901454341931480673720268392194998008250277825706329206922452033328628077904571840033542120317519101163730461466798458015788981490359146734450573042105053092947479480086437849969876265557849354945029757013518337163165740255653623800000000000e-01
1.968300000000000000000000000000000000000000000000000000000000000000000000000000000000000000000000000000000000000000000000000000000000000000000000000000000000000000000000000000000000000000000000000000000000000000000000000000000000000000000000000000000000000000000000000000000000000000000000000000000000e+04 3.214843810464010821602065996151338227296885791378624407657364377120066786733704984415685723525213598413260436571405828715579930497236405382910907324543530383710868077931010866823147031309913213207147224682039377673015504969012625472073404399442888252195028955121548086109080713231038950555000000000000e+00
5.904900000000000000000000000000000000000000000000000000000000000000000000000000000000000000000000000000000000000000000000000000000000000000000000000000000000000000000000000000000000000000000000000000000000000000000000000000000000000000000000000000000000000000000000000000000000000000000000000000000000e+04 7.653740174579714114540970586759300868168614496122338978515929473952538273730292864574784375890147318236270349479124170827868756736781712981123520953151576896536149735446203711513495456404414544031693784736588665752858758269725132771847001224689083573373663428405668806247286488847723721137400000000000e-01
1.771470000000000000000000000000000000000000000000000000000000000000000000000000000000000000000000000000000000000000000000000000000000000000000000000000000000000000000000000000000000000000000000000000000000000000000000000000000000000000000000000000000000000000000000000000000000000000000000000000000000e+05 8.025662350130721175951061576839609172477013221614842341979491265663606395803520719506227571690800149625177949255462613917093153180038480798974021985142710334845374306239863759833465065726536886920679087251515753715606017126029221947298311610581527645512004116173333181549047090785360052235500000000000e-01
5.314410000000000000000000000000000000000000000000000000000000000000000000000000000000000000000000000000000000000000000000000000000000000000000000000000000000000000000000000000000000000000000000000000000000000000000000000000000000000000000000000000000000000000000000000000000000000000000000000000000000e+05 3.051596337391648493591622302957723930057960312799212146320843695191004209393941264907012521717052735644671652119274072035678473703140184128154325069860183705864780439658571116369392606226422298818355994798845249430314832681385761820642633498175351721537559037664475594085993416176868691419000000000000e+00
1.594323000000000000000000000000000000000000000000000000000000000000000000000000000000000000000000000000000000000000000000000000000000000000000000000000000000000000000000000000000000000000000000000000000000000000000000000000000000000000000000000000000000000000000000000000000000000000000000000000000000e+06 1.524898703046333897253336775691991332179321984657189655752350463129334153877986348439722587019804231827234583982241853309092823475089429822668139760095813362542779849393498193506136843691234132447812083139688459635922365141940997469860745990339302240912189132347920494118724119623053636051400000000000e+00
4.782969000000000000000000000000000000000000000000000000000000000000000000000000000000000000000000000000000000000000000000000000000000000000000000000000000000000000000000000000000000000000000000000000000000000000000000000000000000000000000000000000000000000000000000000000000000000000000000000000000000e+06 3.615891375872618642788924046538818642672168362255318313226114054281925639873884548702298987587838084115965900379752696361353859330279144161396111637736358698433321104771034167639139405084048555862642631406192684301610509283285607297466418924947876460084099290774565028961354834113895461746300000000000e+00
1.434890700000000000000000000000000000000000000000000000000000000000000000000000000000000000000000000000000000000000000000000000000000000000000000000000000000000000000000000000000000000000000000000000000000000000000000000000000000000000000000000000000000000000000000000000000000000000000000000000000000e+07 1.263133447280768603306141662006065052024959263631529890680546626304044372400432969681859967057451125723868378636149781247023502019287553159425556246126967505157891014009617892782467988046650679875152744476838665862140865181518407005216257304461800352825910774718973454076755482215505218572100000000000e+00
4.304672100000000000000000000000000000000000000000000000000000000000000000000000000000000000000000000000000000000000000000000000000000000000000000000000000000000000000000000000000000000000000000000000000000000000000000000000000000000000000000000000000000000000000000000000000000000000000000000000000000e+07 2.535400316393231242408401604074018422941785393696733932590253476224141731320600630054135217175625226801275226713741278742280181012976839664488451390238452185078483276218666354939397272677222989062901865027467347174467382739221500706667764607816725319801783308160207046095122793273999583621000000000000e+00
1.291401630000000000000000000000000000000000000000000000000000000000000000000000000000000000000000000000000000000000000000000000000000000000000000000000000000000000000000000000000000000000000000000000000000000000000000000000000000000000000000000000000000000000000000000000000000000000000000000000000000e+08 4.820037771865038350856797326271087640986965732088933260164741185059020684735967404881466574449547221317438792804255552157385592350635764929109945038972845885755463463650989035840659539814517142301561294411856165347796625208777206856606613104560673099952511808292233279935896691215530706825100000000000e+00
3.874204890000000000000000000000000000000000000000000000000000000000000000000000000000000000000000000000000000000000000000000000000000000000000000000000000000000000000000000000000000000000000000000000000000000000000000000000000000000000000000000000000000000000000000000000000000000000000000000000000000e+08 2.981570531016668874941250878501843802123015118959633559465964844734452454935081396825170079862093197815266643798178913675499247728552286504365905979385873950636372755620019069835409696989056805157537710358059388824336637234566110851430072317076215451909204917718033114885704676528089854475000000000000e+00
1.162261467000000000000000000000000000000000000000000000000000000000000000000000000000000000000000000000000000000000000000000000000000000000000000000000000000000000000000000000000000000000000000000000000000000000000000000000000000000000000000000000000000000000000000000000000000000000000000000000000000e+09 1.452291184035346776647173346791785550677870340081494974268923770733788150232054238267652230107341884326776059443211243200861582124077527613142975672890750804456746034968365735922503966153314486063794977086272358679490191288703930625467530541695358089882247483285447076253221315794750226247000000000000e+00
3.486784401000000000000000000000000000000000000000000000000000000000000000000000000000000000000000000000000000000000000000000000000000000000000000000000000000000000000000000000000000000000000000000000000000000000000000000000000000000000000000000000000000000000000000000000000000000000000000000000000000e+09 2.195238129567852324040311150248666893416748922580275992318520943971566123148356804865839536662341024942565786411217611491579584356778450959028412176592202105501637894839763361780394910505131086335756703340867534813201962747059558907774574973615244785332854360380027155658225312287804969249800000000000e+00
1.046035320300000000000000000000000000000000000000000000000000000000000000000000000000000000000000000000000000000000000000000000000000000000000000000000000000000000000000000000000000000000000000000000000000000000000000000000000000000000000000000000000000000000000000000000000000000000000000000000000000e+10 4.262180575160353604922840559070045732602111642941971092870502702846781732068257767401910113557562410858778975988535240652814602555177522554871754073629500071762708575477465872501148327357472127656701185085763525554951319112801365719607755926273105910390431152766289923742381774172324388368500000000000e+00
3.138105960900000000000000000000000000000000000000000000000000000000000000000000000000000000000000000000000000000000000000000000000000000000000000000000000000000000000000000000000000000000000000000000000000000000000000000000000000000000000000000000000000000000000000000000000000000000000000000000000000e+10 2.446548934745531137342262604231611736487649726911482922304980865146399577242324314106838698150252465543040594589057850518362687954071595058367223616405544911813011662630313729158865718506708125663057140454421058221475912069114680825589947105303153642784032264989548841626671453211414081513900000000000e+00
9.414317882700000000000000000000000000000000000000000000000000000000000000000000000000000000000000000000000000000000000000000000000000000000000000000000000000000000000000000000000000000000000000000000000000000000000000000000000000000000000000000000000000000000000000000000000000000000000000000000000000e+10 1.992035201886970702660036798742589622868444924139300261809370028885794174208198334738756233851522817433973639898544810165339142659569774294738697730303314337476076066583633877517999548676828768072737487748352159382431262526893087203065925285723521488002585406694450574640249880805108157619800000000000e+00
2.824295364810000000000000000000000000000000000000000000000000000000000000000000000000000000000000000000000000000000000000000000000000000000000000000000000000000000000000000000000000000000000000000000000000000000000000000000000000000000000000000000000000000000000000000000000000000000000000000000000000e+11 2.912296612096748648733595449027081399434311500998385580539980784662163349494739574072064650389625954736493379698347620565858966604464630740140928299595122779549574079175903819846602284123174565115131615743899211106976008201466788295528574399409903682678374184293513328435221113495072945239400000000000e+00
8.472886094430000000000000000000000000000000000000000000000000000000000000000000000000000000000000000000000000000000000000000000000000000000000000000000000000000000000000000000000000000000000000000000000000000000000000000000000000000000000000000000000000000000000000000000000000000000000000000000000000e+11 5.434991627419278326784534466711870664329655747266084234934460488012928687017364284253174387176801107891198666808999769858044640542273420064226467133722861314780999432652172926430774887610811199048028915647358080720028155939309622876510617651020662661217209175904681206865404952497878655482400000000000e+00
2.541865828329000000000000000000000000000000000000000000000000000000000000000000000000000000000000000000000000000000000000000000000000000000000000000000000000000000000000000000000000000000000000000000000000000000000000000000000000000000000000000000000000000000000000000000000000000000000000000000000000e+12 3.891321684936149134044251954303199445326100197863081744387246061980683935403161135098252014067613352939973135465475166058378782754458243486660005735813222522100287045882380296044457964750676744153060038439764813573962292957854921527211464292084536710014829898598128201188181306341822612325100000000000e+00
7.625597484987000000000000000000000000000000000000000000000000000000000000000000000000000000000000000000000000000000000000000000000000000000000000000000000000000000000000000000000000000000000000000000000000000000000000000000000000000000000000000000000000000000000000000000000000000000000000000000000000e+12 2.405507450044000259458596397295998344583846250105733716853221120101542497824034942983999561251094360825949650667255726641737639784067855686652700158558080629973997939294288632456333695850264782026946505618625085078665522400209540261608563148741051169318724847523517862707743713405266850266700000000000e+00
2.287679245496100000000000000000000000000000000000000000000000000000000000000000000000000000000000000000000000000000000000000000000000000000000000000000000000000000000000000000000000000000000000000000000000000000000000000000000000000000000000000000000000000000000000000000000000000000000000000000000000e+13 3.215632921068203651198027244377464262267428934572931564401666641458011677198369510258140107559647573514372644585361651971798461244427224748167185660054744646205808464087968966121828157697774399152066571001505427998000474105640324476762971410119476373120500015567828922008665407334541915922500000000000e+00
6.863037736488300000000000000000000000000000000000000000000000000000000000000000000000000000000000000000000000000000000000000000000000000000000000000000000000000000000000000000000000000000000000000000000000000000000000000000000000000000000000000000000000000000000000000000000000000000000000000000000000e+13 2.616151065571286745562329354536918100135002687875244066101821058746251231777459939638958199265327540566001638260030343168391632521843226027409871260798793372714861549241514156993398544206603050108878086498926093980971583877280642921578322028717597555087651483873833730717294432628986736105100000000000e+00
2.058911320946490000000000000000000000000000000000000000000000000000000000000000000000000000000000000000000000000000000000000000000000000000000000000000000000000000000000000000000000000000000000000000000000000000000000000000000000000000000000000000000000000000000000000000000000000000000000000000000000e+14 3.964614075741137921774079272820265719043557319077150142427571595369157968937538292333865120746379624460344312661249804960756040809974981810357318326085740498871013259400797921881053812850069636786148715803480435303842693174825153558465323960668573106391263637896354158209497645361899227223600000000000e+00
6.176733962839470000000000000000000000000000000000000000000000000000000000000000000000000000000000000000000000000000000000000000000000000000000000000000000000000000000000000000000000000000000000000000000000000000000000000000000000000000000000000000000000000000000000000000000000000000000000000000000000e+14 3.912308759384997430382417449866776116550963069005158514313451043801104447112133361232149351384568854120469738335218493700831245315721113960518253672928902282275668642183730926960385453729780136218154762631584661282010239662537247159534460126644416125921064737892254997169809155669095839302300000000000e+00
1.853020188851841000000000000000000000000000000000000000000000000000000000000000000000000000000000000000000000000000000000000000000000000000000000000000000000000000000000000000000000000000000000000000000000000000000000000000000000000000000000000000000000000000000000000000000000000000000000000000000000e+15 3.129858032016063436435622174043202442509762390000659860783234012610622160607777787883452407163952969191540799300154619063596060174118173038672707573132138825602518737201274676433600173270630673293826978606249492975957550309272993288638898102279414350086965981447469051178955412225046527462800000000000e+00
5.559060566555523000000000000000000000000000000000000000000000000000000000000000000000000000000000000000000000000000000000000000000000000000000000000000000000000000000000000000000000000000000000000000000000000000000000000000000000000000000000000000000000000000000000000000000000000000000000000000000000e+15 2.009453452126939215260987776304881869910814796391338988341303781141969879182818082390656780933448771920668231452781798571313494554364702239075237157236282697877360844478463900169787644212972170127208473034889847418877794828911887221611227985494089086226090701585725802897093050557195127525000000000000e+00
