1.000000000000000000000000000000000000000000000000000000000000000000000000000000000000000000000000000000000000000000000000000000000000000000000000000000000000000000000000000000000000000000000000000000000000000000000000000000000000000000000000000000000000000000000000000000000000000000000000000000000000e+00 5.521879371625873599342063205865734227182533415603809241282556623832690412685835951359999816125545030770064570126557353553750959019047583420654153103913271601451418236720558196949218470668310806512640619966283606272397604608509979903597783858538463426943038805324894305715550143879813015965700000000000e-16
3.000000000000000000000000000000000000000000000000000000000000000000000000000000000000000000000000000000000000000000000000000000000000000000000000000000000000000000000000000000000000000000000000000000000000000000000000000000000000000000000000000000000000000000000000000000000000000000000000000000000000e+00 9.161615300306152488553154121182480250457362174619977191229050633584689640991817113176315055305700242082818399822933800226721172108168450966602091993129845017338739055452970484690070120799963401964967568505295246799432247460322961586836922914509206948086182188635376150185984580350123218909800000000000e-16
9.000000000000000000000000000000000000000000000000000000000000000000000000000000000000000000000000000000000000000000000000000000000000000000000000000000000000000000000000000000000000000000000000000000000000000000000000000000000000000000000000000000000000000000000000000000000000000000000000000000000000e+00 1.347212760783637703742377699470818038717921852244504972036673812980674304095826771631377263318307030793221795375922349727650458775494192025747916720563241149558014978509610404228459177915520306707673046732411882596239075954699122313790148617974282596502389453818331826163122045410889947517200000000000e-15
2.700000000000000000000000000000000000000000000000000000000000000000000000000000000000000000000000000000000000000000000000000000000000000000000000000000000000000000000000000000000000000000000000000000000000000000000000000000000000000000000000000000000000000000000000000000000000000000000000000000000000e+01 2.801552313350143344728389953112920768915084147599720990766413230671509833362369161335508774495990435929469769778928110716569331079436952640003127518290532790978899099597483614507251261376836191076843494594159078424653410240919340535196944043392486470903509924789717766257329580506133884393700000000000e-15
8.100000000000000000000000000000000000000000000000000000000000000000000000000000000000000000000000000000000000000000000000000000000000000000000000000000000000000000000000000000000000000000000000000000000000000000000000000000000000000000000000000000000000000000000000000000000000000000000000000000000000e+01 1.545541077196530589129149694814504680838998009447532781488917451140372575248849724281053627751926406674239844741260098293644420415960547537370632035293666605580945655249481106583946712197007381832121082548278976755715612132249700182034763347880234664054578080321713834296732814502237213319700000000000e-14
2.430000000000000000000000000000000000000000000000000000000000000000000000000000000000000000000000000000000000000000000000000000000000000000000000000000000000000000000000000000000000000000000000000000000000000000000000000000000000000000000000000000000000000000000000000000000000000000000000000000000000e+02 1.217865767672409461635265596821812314283498227711930028460102606382392558399480598252137025720606063737707395873832110392432726271844967339396846190727743114874622954890964321726162505818023875449690311102003405549219699735756698652069762356170091095004130543227194493827164963468775508911800000000000e-13
7.290000000000000000000000000000000000000000000000000000000000000000000000000000000000000000000000000000000000000000000000000000000000000000000000000000000000000000000000000000000000000000000000000000000000000000000000000000000000000000000000000000000000000000000000000000000000000000000000000000000000e+02 9.508728002567838667206620208862682939592971298213623820524399540665326890055616057164369849991816365731876461356823828784400661232573197684748783052275401142199923688019192687721925431667354872901412082514449434611087822087693558144184099519133862400353693026973917383913290197860913907891700000000000e-13
2.187000000000000000000000000000000000000000000000000000000000000000000000000000000000000000000000000000000000000000000000000000000000000000000000000000000000000000000000000000000000000000000000000000000000000000000000000000000000000000000000000000000000000000000000000000000000000000000000000000000000e+03 1.442631244587126720884659771057263311781533045808585628081913798983811023453370656736582456792359981311866820219015079180439277086020980001682821538848204509702491667835369970239684845615302748288101547574076234077983712944710217064002216540298994406049988625813070669480272314290766953431700000000000e-11
6.561000000000000000000000000000000000000000000000000000000000000000000000000000000000000000000000000000000000000000000000000000000000000000000000000000000000000000000000000000000000000000000000000000000000000000000000000000000000000000000000000000000000000000000000000000000000000000000000000000000000e+03 5.788272804766818923251168908495442475216876557951436837872745298972778586401617029147797579911250691571936364167631174137941554971819288730386065608165177587949718563217243079805518012165694266588786358153619134724500423841917518950628232678413450597248945901922115066412927043293928712850700000000000e-11
1.968300000000000000000000000000000000000000000000000000000000000000000000000000000000000000000000000000000000000000000000000000000000000000000000000000000000000000000000000000000000000000000000000000000000000000000000000000000000000000000000000000000000000000000000000000000000000000000000000000000000e+04 8.941001182924340335669233844596611456462823833976530270658338346505228538107438621842996135635068177753876467688005918172791998430312757137286515446455247594472433285831644276243898669998962731832376240382820959404753521430580933309537877142032345243994043633044161227064478392375811673529700000000000e-10
5.904900000000000000000000000000000000000000000000000000000000000000000000000000000000000000000000000000000000000000000000000000000000000000000000000000000000000000000000000000000000000000000000000000000000000000000000000000000000000000000000000000000000000000000000000000000000000000000000000000000000e+04 7.081427982948936928151610095005562018312006897252905734375911051684796944042840544282141380675739409646490503919685271672880338054389545263002529729034647496464701519411869402095698915289430405431718812831858062901662602918910840415959820537984232839012795277621133419952266330999093390524200000000000e-09
1.771470000000000000000000000000000000000000000000000000000000000000000000000000000000000000000000000000000000000000000000000000000000000000000000000000000000000000000000000000000000000000000000000000000000000000000000000000000000000000000000000000000000000000000000000000000000000000000000000000000000e+05 4.292798428374197938467506499799092746875204388946176703273864187983906671383354890665451953817070683213819098139255884788427539836486778259174205363713082653424751601273338383545846172577161477602398085743449054472278577159411725846849458569051048696681150464822650693789187509253715173137900000000000e-08
5.314410000000000000000000000000000000000000000000000000000000000000000000000000000000000000000000000000000000000000000000000000000000000000000000000000000000000000000000000000000000000000000000000000000000000000000000000000000000000000000000000000000000000000000000000000000000000000000000000000000000e+05 2.731163427484730488824688084199958469811198435043862438178072457096986906908267667986408553255512846087744104925536192385646419434317564496699074895783197668607580674363863275907280793218129800779359488912287372937411100666960764169401365604029029857200609738313753197918220174296426929953700000000000e-07
1.594323000000000000000000000000000000000000000000000000000000000000000000000000000000000000000000000000000000000000000000000000000000000000000000000000000000000000000000000000000000000000000000000000000000000000000000000000000000000000000000000000000000000000000000000000000000000000000000000000000000e+06 2.264266339855632592914746854236072969622451317722852942607657919947038865086629379679148051488393123849599783553169864851140380965668575392161604495075308153450698255096621346412172624484368749331597453360848407149818659078073271212626904452727215683325680417636481620834131185004974494636200000000000e-06
4.782969000000000000000000000000000000000000000000000000000000000000000000000000000000000000000000000000000000000000000000000000000000000000000000000000000000000000000000000000000000000000000000000000000000000000000000000000000000000000000000000000000000000000000000000000000000000000000000000000000000e+06 1.680454997191121887690789756887619982610580008263595264863891403034076908120212661146703856112445827020911667351360575652864294594897223024575123620836624651681456279517018681193481716546718908752012098772254882178485561438086258650565909352645323894231567733270849096809650320522057704809600000000000e-05
1.434890700000000000000000000000000000000000000000000000000000000000000000000000000000000000000000000000000000000000000000000000000000000000000000000000000000000000000000000000000000000000000000000000000000000000000000000000000000000000000000000000000000000000000000000000000000000000000000000000000000e+07 8.012064539652826983220293505794481012432195133322132447145155299285534880140227766222367013080604172952101466851605551149599566642595381703023795780660831692629117579176710779262778989380102411944829670144865524089539322590494557203711578774175790360383103113884150907651181946730512116470400000000000e-05
4.304672100000000000000000000000000000000000000000000000000000000000000000000000000000000000000000000000000000000000000000000000000000000000000000000000000000000000000000000000000000000000000000000000000000000000000000000000000000000000000000000000000000000000000000000000000000000000000000000000000000e+07 3.635426990179925868071411356811020310439095897744065694151891887387319531340385858532468305774384471998484463926619334649949764091412913985100660017331507215314878804006666074542237826939433809719187954560067947173770938509879419412922154065032900430511047148223098341206934819219871266328500000000000e-04
1.291401630000000000000000000000000000000000000000000000000000000000000000000000000000000000000000000000000000000000000000000000000000000000000000000000000000000000000000000000000000000000000000000000000000000000000000000000000000000000000000000000000000000000000000000000000000000000000000000000000000e+08 4.059181508256828898108285343894523931105865704858363228403758347722551192139231078163187715835557224814256590699962404186812806379772342776985390163231976748919742799420132876110051709039791338378844938621606330623179519224984317874553625187140888801200559648379020265479153083271711791968500000000000e-03
3.874204890000000000000000000000000000000000000000000000000000000000000000000000000000000000000000000000000000000000000000000000000000000000000000000000000000000000000000000000000000000000000000000000000000000000000000000000000000000000000000000000000000000000000000000000000000000000000000000000000000e+08 1.075918810609752745430071669238982523471235450646858962933208397576324130099112088783506445502782318118920697566780658501289291838007462931929486544304438590498783827426697465899397438827471868231800619617988300878542173083448761327472646765146238856029066649509332421247237849329975504953100000000000e-02
1.162261467000000000000000000000000000000000000000000000000000000000000000000000000000000000000000000000000000000000000000000000000000000000000000000000000000000000000000000000000000000000000000000000000000000000000000000000000000000000000000000000000000000000000000000000000000000000000000000000000000e+09 1.116793810317475350466534735284420252177073289231295540274982792317200087918500096957975679443298469664826018626112787635869713632478603653866623994238173669877645932469270974686205891723850032254502945491461109615300728818266141160233991556882698467954523454610181541640964135693559276727500000000000e-01
3.486784401000000000000000000000000000000000000000000000000000000000000000000000000000000000000000000000000000000000000000000000000000000000000000000000000000000000000000000000000000000000000000000000000000000000000000000000000000000000000000000000000000000000000000000000000000000000000000000000000000e+09 3.671980156173028183786522671294371139213000470647482220741586165824307550659733274535674712203388128238074405769435582136631779577097982139468767449166876461235547454794473610773261429637125374605235623414392358013780003939935859326576837134627472876552721999041084259290460419077797806313400000000000e-01
1.046035320300000000000000000000000000000000000000000000000000000000000000000000000000000000000000000000000000000000000000000000000000000000000000000000000000000000000000000000000000000000000000000000000000000000000000000000000000000000000000000000000000000000000000000000000000000000000000000000000000e+10 8.787834900177938131712166021038265821143020879138157832184618192007428362136650218548633353349792446034299777507449431102259399136664261049385131157639529845857345268908758020930146008036707031123676535771061202445353741376490395525502975000128856178123129866963513308949057936752671243629200000000000e-01
3.138105960900000000000000000000000000000000000000000000000000000000000000000000000000000000000000000000000000000000000000000000000000000000000000000000000000000000000000000000000000000000000000000000000000000000000000000000000000000000000000000000000000000000000000000000000000000000000000000000000000e+10 1.469937444993608186379482846191215632264052467973968075270501286785263380982876297527781096922436728020094823532372560478455052906349320375423513554582623060319457644085914926645230121918442385179909369586346806029068838520084084210462876807992276307797854364460182631998733533937683925836100000000000e+00
9.414317882700000000000000000000000000000000000000000000000000000000000000000000000000000000000000000000000000000000000000000000000000000000000000000000000000000000000000000000000000000000000000000000000000000000000000000000000000000000000000000000000000000000000000000000000000000000000000000000000000e+10 1.590300363898459648369310330454765674718084360491988918713725920726421074705881119010282404659589345445516185870027267922402187065467896969340081098571950195281644480147053467779540282648678235137150716666985124650269624416906971807754067148431025186785432489743314152634666825787498963588600000000000e+00
2.824295364810000000000000000000000000000000000000000000000000000000000000000000000000000000000000000000000000000000000000000000000000000000000000000000000000000000000000000000000000000000000000000000000000000000000000000000000000000000000000000000000000000000000000000000000000000000000000000000000000e+11 2.345734849912937058125924827745705412418437627232971400671152705417567000715072239315483107636537870839278932043364593797341320648236093652143657515373987830444910195764513248013610619178750440917250660618137779190022806805431130819296270849633904003942824749157849709111280869558232566114700000000000e+00
8.472886094430000000000000000000000000000000000000000000000000000000000000000000000000000000000000000000000000000000000000000000000000000000000000000000000000000000000000000000000000000000000000000000000000000000000000000000000000000000000000000000000000000000000000000000000000000000000000000000000000e+11 2.447682190305621674672318828591529591773722373849564180960884581407885126607845700531375855426750464153084731938876756046871599682901819456972539726501542795278367034929037551067260209858228500901197570138200257091100161330011889386352554353076164494688091745063947838256296221821558912023500000000000e+00
2.541865828329000000000000000000000000000000000000000000000000000000000000000000000000000000000000000000000000000000000000000000000000000000000000000000000000000000000000000000000000000000000000000000000000000000000000000000000000000000000000000000000000000000000000000000000000000000000000000000000000e+12 2.458421931210956839714650554055730643152279094193840913077232750804866560598176323266523317882211335861863245425344364060389909102542341443814783553746316116742292247734954654098780110867177399097146455763229747664240500167633469495520029090611452600101267238625852193249759150478031120512000000000000e+00
7.625597484987000000000000000000000000000000000000000000000000000000000000000000000000000000000000000000000000000000000000000000000000000000000000000000000000000000000000000000000000000000000000000000000000000000000000000000000000000000000000000000000000000000000000000000000000000000000000000000000000e+12 2.469536653575835738888989275277342071454466062358743769524207833358783507361967221885246696354188504107274702115905045163602803516987881211690161173454529373633210398577246123120391025153115073426626893527796000272130228138317043197488969416970074662727564697323808441618219177242257540610900000000000e+00
2.287679245496100000000000000000000000000000000000000000000000000000000000000000000000000000000000000000000000000000000000000000000000000000000000000000000000000000000000000000000000000000000000000000000000000000000000000000000000000000000000000000000000000000000000000000000000000000000000000000000000e+13 2.896432928831306106640267756546481818846363896981469561961474234235831868265033279651871494137690280269261521399331820140494836062187709144252025263670868556703426585014339976634510004241919669500337486192013069183415330907472906527197377341920308468475876509010782623812029777795458172332600000000000e+00
6.863037736488300000000000000000000000000000000000000000000000000000000000000000000000000000000000000000000000000000000000000000000000000000000000000000000000000000000000000000000000000000000000000000000000000000000000000000000000000000000000000000000000000000000000000000000000000000000000000000000000e+13 3.300054013321822790026053374798218934408392331702651032941739166250862542769521399396516054059635523906322198719664233520939699834323405329190901319251364313091121691246514279696737068374977934187802725810587021286167483323796543901108508167295584388714015443829630416644935646222281093488900000000000e+00
2.058911320946490000000000000000000000000000000000000000000000000000000000000000000000000000000000000000000000000000000000000000000000000000000000000000000000000000000000000000000000000000000000000000000000000000000000000000000000000000000000000000000000000000000000000000000000000000000000000000000000e+14 3.462335339659813564424962715477369422780410171251714983905132594105550990224929960077793604027161362266438636816712903869117315974932805902765086043395474471152877463419340888693316561676784379958945372951083791895412503913239865322006916863959781252907386165282507850175118366486245178717500000000000e+00
6.176733962839470000000000000000000000000000000000000000000000000000000000000000000000000000000000000000000000000000000000000000000000000000000000000000000000000000000000000000000000000000000000000000000000000000000000000000000000000000000000000000000000000000000000000000000000000000000000000000000000e+14 3.461099977224365360347909573559619943704278254291710222706694180385811001997285738255554082741029345839592304075152039976319230395273872375419033624392680055440023682428984704855631923138283683532178874659684448212199417456292536185725279909797279343197918505798255973414666537520967767805400000000000e+00
1.853020188851841000000000000000000000000000000000000000000000000000000000000000000000000000000000000000000000000000000000000000000000000000000000000000000000000000000000000000000000000000000000000000000000000000000000000000000000000000000000000000000000000000000000000000000000000000000000000000000000e+15 3.472168526798533594314564573551085504124775164404121255266917043067685461905188355276367515628695219822802415309389183317382375692411208880176682968527024637713130641815538526058954527984110890120926429302957520956970871626191820438301733864916310030918883738346106442073207353182060237005900000000000e+00
5.559060566555523000000000000000000000000000000000000000000000000000000000000000000000000000000000000000000000000000000000000000000000000000000000000000000000000000000000000000000000000000000000000000000000000000000000000000000000000000000000000000000000000000000000000000000000000000000000000000000000e+15 3.571059882983631626511344741047937091288823906873978129710820388770748164886787088792964087645254056693862670501499901320888460390734601918412127739717167044501341494128477150290877764645987636363583028460945434281936258268246665697133944847272142439268010495292167831645697394115381118285400000000000e+00
