1.000000000000000000000000000000000000000000000000000000000000000000000000000000000000000000000000000000000000000000000000000000000000000000000000000000000000000000000000000000000000000000000000000000000000000000000000000000000000000000000000000000000000000000000000000000000000000000000000000000000000e+00 1.857796891415585735102259735569039569657727900404038527833227936488954828970613627419595570318359947268359383405418241645814852710665451596354005706198577628549643204470485381770062701470897317464316874604022170822814048306476722705323082113916984702863620926190499174656958155516262657904000000000000e-03
3.000000000000000000000000000000000000000000000000000000000000000000000000000000000000000000000000000000000000000000000000000000000000000000000000000000000000000000000000000000000000000000000000000000000000000000000000000000000000000000000000000000000000000000000000000000000000000000000000000000000000e+00 7.827797034362796714423985595677989617254268344819025057067087455751177744066850587540269510417155304354571659502528594542700109667912854885296494526842395017999968583455141824169891703287596150187089131420311386109427558528177515531239508831509632234560718762925486113956486546121367102649900000000000e-03
9.000000000000000000000000000000000000000000000000000000000000000000000000000000000000000000000000000000000000000000000000000000000000000000000000000000000000000000000000000000000000000000000000000000000000000000000000000000000000000000000000000000000000000000000000000000000000000000000000000000000000e+00 2.723596669694750117356215385415955426303702079157664107842257687623728367588987015020921014807052250712669209892006819085758249290960934557355946376318711175116088549062213245105980750952018614542727548123858885807957945090424219261774611797701634163716954600049705302155094037285522138983400000000000e-02
2.700000000000000000000000000000000000000000000000000000000000000000000000000000000000000000000000000000000000000000000000000000000000000000000000000000000000000000000000000000000000000000000000000000000000000000000000000000000000000000000000000000000000000000000000000000000000000000000000000000000000e+01 9.240250672434947598002425298334236821509701813361239199319995620249115217686720182208156752278321859333175354461180930717876988927226856506900675705377121262228260234137683655396305579675117531506146345329415093964150374883085951655134035903307432728560233533634802693721631700125353034505900000000000e-02
8.100000000000000000000000000000000000000000000000000000000000000000000000000000000000000000000000000000000000000000000000000000000000000000000000000000000000000000000000000000000000000000000000000000000000000000000000000000000000000000000000000000000000000000000000000000000000000000000000000000000000e+01 1.143127961146956070332133555182966295399010466797397412347104602187815319491402035579632929612611571875970676223082780099700446431489672689001567862361071562244338703721868002363025844479948043033506359111228490481700320074845455456906866981619691740974155597061359446995638691498294207855800000000000e+00
2.430000000000000000000000000000000000000000000000000000000000000000000000000000000000000000000000000000000000000000000000000000000000000000000000000000000000000000000000000000000000000000000000000000000000000000000000000000000000000000000000000000000000000000000000000000000000000000000000000000000000e+02 2.258477671777418203767632342141447530684086359651274713914518592062640160790315429096554054103994584189250363746445447606524409500782111018414425495914352832406165856914342968049829818322978737254048912850568716097783042715734858723723628387264637865076731920266101825144786849921101573908600000000000e+00
7.290000000000000000000000000000000000000000000000000000000000000000000000000000000000000000000000000000000000000000000000000000000000000000000000000000000000000000000000000000000000000000000000000000000000000000000000000000000000000000000000000000000000000000000000000000000000000000000000000000000000e+02 2.701919587062128984030042812974428125326993222687655138706306474910860956216462478780500414388632693748076020586746439013641891596405636931820405541803258801849197224909129381583660734077088853223378993964996973183077106968939583573794026112720434865266294701251849400166451747995707694430400000000000e+00
2.187000000000000000000000000000000000000000000000000000000000000000000000000000000000000000000000000000000000000000000000000000000000000000000000000000000000000000000000000000000000000000000000000000000000000000000000000000000000000000000000000000000000000000000000000000000000000000000000000000000000e+03 3.975486450622656336438206682518993222225197474833680238039306260820823343354429773281189496995190617284389794724653841119042221208388592800420098660239517691921862392873781730405673347484163477794670498430244680253842604348867256980605138328832907559954913317842990210105686773641080174999600000000000e+00
6.561000000000000000000000000000000000000000000000000000000000000000000000000000000000000000000000000000000000000000000000000000000000000000000000000000000000000000000000000000000000000000000000000000000000000000000000000000000000000000000000000000000000000000000000000000000000000000000000000000000000e+03 6.040801934356476995622297776126823371677459253378899531959267332737486192464597193523695495225406280200122991952183267532555640509144053501119865718679435949198428127070283442226813606416042706742086842448256360735083065347404047703354976283331848504898467717811601193453140145890249511094300000000000e+00
1.968300000000000000000000000000000000000000000000000000000000000000000000000000000000000000000000000000000000000000000000000000000000000000000000000000000000000000000000000000000000000000000000000000000000000000000000000000000000000000000000000000000000000000000000000000000000000000000000000000000000e+04 6.169421254856129710931512270617897941220475857184787282776262148839957658909343194446184545448549141100079081811465364092214398863100253051574258919556128928981684408930100912203367155740328493300983178806162008591961554740730340917656672692836455173761154703924481039968608313987384363027400000000000e+00
5.904900000000000000000000000000000000000000000000000000000000000000000000000000000000000000000000000000000000000000000000000000000000000000000000000000000000000000000000000000000000000000000000000000000000000000000000000000000000000000000000000000000000000000000000000000000000000000000000000000000000e+04 5.687934535458340951929089405477653119901690734026399627598082228872853262984761706360194315547368896103136375906904994793358772557773212438295092375680174218668168584030263136522570647092228860833427340245246567799785791583734727652757600879694498257761880760933659260188304808336699153412100000000000e+00
1.771470000000000000000000000000000000000000000000000000000000000000000000000000000000000000000000000000000000000000000000000000000000000000000000000000000000000000000000000000000000000000000000000000000000000000000000000000000000000000000000000000000000000000000000000000000000000000000000000000000000e+05 5.123418902822314956478335029093397592445515187144670417353014778050044210032434785170127130255143977897431806686451588937931977775429921387944380412007993269433721761847331215422587071265159163695922335014690920447120672552681979096317257742059942358011114123179456654620309578419758656702400000000000e+00
5.314410000000000000000000000000000000000000000000000000000000000000000000000000000000000000000000000000000000000000000000000000000000000000000000000000000000000000000000000000000000000000000000000000000000000000000000000000000000000000000000000000000000000000000000000000000000000000000000000000000000e+05 6.682309219636051690953440109827468878040029880588693884424786959777977385105704539053991928332245685012318040223355365356206184404427453062438305835758186880185933281981992032170835388354098606038238995666976113907001205341041875292250640374758325137324504590169700508771131948157419125508900000000000e+00
1.594323000000000000000000000000000000000000000000000000000000000000000000000000000000000000000000000000000000000000000000000000000000000000000000000000000000000000000000000000000000000000000000000000000000000000000000000000000000000000000000000000000000000000000000000000000000000000000000000000000000e+06 5.700286323969523859218812535818185088938154178029644326547782459113205628042164154754049840204659042643113906903259486126398701619138599718186346018345677052841545839237925636942121364313305289132903160938202423137931216359382771996794826491676495840574817242308467908485996354008867060437000000000000e+00
4.782969000000000000000000000000000000000000000000000000000000000000000000000000000000000000000000000000000000000000000000000000000000000000000000000000000000000000000000000000000000000000000000000000000000000000000000000000000000000000000000000000000000000000000000000000000000000000000000000000000000e+06 6.347823249693790474847532304419699115628780726136824281830156266939881164057543479487250252571310425428644339472979958757786085888018470822565502513758781549758256188339355171173704449431092922227338127975904655213482775166965382106657044917289500880303879027948359662643940830852745907768700000000000e+00
1.434890700000000000000000000000000000000000000000000000000000000000000000000000000000000000000000000000000000000000000000000000000000000000000000000000000000000000000000000000000000000000000000000000000000000000000000000000000000000000000000000000000000000000000000000000000000000000000000000000000000e+07 6.972679045871120882987310061319087261801964682533689784928276270255916088178933625085212882081167244484294076178056950381943339019767318085509328495649313718271859790601690540182692683839840576087230668781138053759698696335370791799158988936771282382566595655185530125735743705315234587249500000000000e+00
4.304672100000000000000000000000000000000000000000000000000000000000000000000000000000000000000000000000000000000000000000000000000000000000000000000000000000000000000000000000000000000000000000000000000000000000000000000000000000000000000000000000000000000000000000000000000000000000000000000000000000e+07 5.611779108655512638379038828096722493536472453542317718971123452740944037958587285896454481408941342898756707883175863528585669577420840788378136380080091290970531958794809410456842518716452302384514798178486107064927189830627001083934874947006972583632823697036300339965540295683911464050100000000000e+00
1.291401630000000000000000000000000000000000000000000000000000000000000000000000000000000000000000000000000000000000000000000000000000000000000000000000000000000000000000000000000000000000000000000000000000000000000000000000000000000000000000000000000000000000000000000000000000000000000000000000000000e+08 7.045033605594999226973644819171784693379630212432343101041021793575815735167111877330079560197029232515806231137920264286893265947345425915388588321889616498535520071199390320934146462448750559318056528273612610910064715723950400460037930437137672228452183115654635914716521447745072050282000000000000e+00
3.874204890000000000000000000000000000000000000000000000000000000000000000000000000000000000000000000000000000000000000000000000000000000000000000000000000000000000000000000000000000000000000000000000000000000000000000000000000000000000000000000000000000000000000000000000000000000000000000000000000000e+08 7.466779841104637792550480150176357318995099562538568538099578983329568624300418269977245437518139325266028125498726190123396358717259123463338386596282204684698612131192917498787046632351162249896208940986554648692091473081094803886613931322329303944720900811021130878471463462361362104303600000000000e+00
1.162261467000000000000000000000000000000000000000000000000000000000000000000000000000000000000000000000000000000000000000000000000000000000000000000000000000000000000000000000000000000000000000000000000000000000000000000000000000000000000000000000000000000000000000000000000000000000000000000000000000e+09 7.507014931734572167896378604390195568818166618273950375892121462203288661081668021739510558165724345373602348675986700459140842814212677708412278818384373740600367931695694736340450134236569948801217057834367746786429650660191802987638505909474834993778999827081004295500270680687038391298200000000000e+00
3.486784401000000000000000000000000000000000000000000000000000000000000000000000000000000000000000000000000000000000000000000000000000000000000000000000000000000000000000000000000000000000000000000000000000000000000000000000000000000000000000000000000000000000000000000000000000000000000000000000000000e+09 7.732450221770785007052200626915491031377271898662971022942421434780932867595581974361005113103318913480071817787818243940276989388787103398859999620565697042777945264899297083982016703902743718694190783760693963384081872098477316933195991163453257077575534635349845637930050939536297505959900000000000e+00
1.046035320300000000000000000000000000000000000000000000000000000000000000000000000000000000000000000000000000000000000000000000000000000000000000000000000000000000000000000000000000000000000000000000000000000000000000000000000000000000000000000000000000000000000000000000000000000000000000000000000000e+10 6.421718347472364841532257600595854846887302894551963739055045562042599076214691386460121056993457780091906734138907148472650366251892461123611632146688236889463192436337216368672937159685319953002018793531192896199297017599728575359662131778764226481082147543941194708288555719743754814395800000000000e+00
3.138105960900000000000000000000000000000000000000000000000000000000000000000000000000000000000000000000000000000000000000000000000000000000000000000000000000000000000000000000000000000000000000000000000000000000000000000000000000000000000000000000000000000000000000000000000000000000000000000000000000e+10 7.736597315822022406710886950876113318875009379629364559674161130236331268803404171790494951978963843741807355925756306907992124390709419683660935896677641625274104536159757059185371820771075016740073037638163758351362551697784558245032420052387401645903275773657521616277126903285521751212400000000000e+00
9.414317882700000000000000000000000000000000000000000000000000000000000000000000000000000000000000000000000000000000000000000000000000000000000000000000000000000000000000000000000000000000000000000000000000000000000000000000000000000000000000000000000000000000000000000000000000000000000000000000000000e+10 7.656358682798845631997546434978167634834578715269471200238208767797308080139216281483722113381817843562726381197865069574936428290984182035221444410345696940279298316088865715878077758268217652377494635942970516037308964796950865589587655953913846749208990971730609266752097829833787366690100000000000e+00
2.824295364810000000000000000000000000000000000000000000000000000000000000000000000000000000000000000000000000000000000000000000000000000000000000000000000000000000000000000000000000000000000000000000000000000000000000000000000000000000000000000000000000000000000000000000000000000000000000000000000000e+11 8.239820412787401428248048696834494295709350853608699266846173688908074450524749097339370646927880935061794884429574026090373908500980634098044295954672614848905688390039922672363971390147573861932612694696223054696242833179076544326960773615277119621330505012900716914072178146639782181273300000000000e+00
8.472886094430000000000000000000000000000000000000000000000000000000000000000000000000000000000000000000000000000000000000000000000000000000000000000000000000000000000000000000000000000000000000000000000000000000000000000000000000000000000000000000000000000000000000000000000000000000000000000000000000e+11 8.161036875612451411085096536767537327493447061189121802522564598949957055864515478997924526817724059470022993414773215523691271054685079282216607792791553725941130818678109852157437901153297810995971770236260597176345882681253534037118380701082530892557497309166104626246509253085094404703800000000000e+00
2.541865828329000000000000000000000000000000000000000000000000000000000000000000000000000000000000000000000000000000000000000000000000000000000000000000000000000000000000000000000000000000000000000000000000000000000000000000000000000000000000000000000000000000000000000000000000000000000000000000000000e+12 7.904458598563047242021169223464984768823613619293728845753697939100555147440686847061173812864831268720575769029437214566976944255508634944037781639914409755432091337199107348018659293275727076136578378173653112494957327668277763704017879357774652779913540184218731291172752525128823716560000000000000e+00
7.625597484987000000000000000000000000000000000000000000000000000000000000000000000000000000000000000000000000000000000000000000000000000000000000000000000000000000000000000000000000000000000000000000000000000000000000000000000000000000000000000000000000000000000000000000000000000000000000000000000000e+12 8.405088377509334403607811630883590096775333649876027723033071383934261651347661140580867879672719605561118061307880421249586024321807949064096046702272392045925850274958095321096444612240082011797008842440117137514216494133212306455552478738931176827404108205053694518299045720176256696145000000000000e+00
2.287679245496100000000000000000000000000000000000000000000000000000000000000000000000000000000000000000000000000000000000000000000000000000000000000000000000000000000000000000000000000000000000000000000000000000000000000000000000000000000000000000000000000000000000000000000000000000000000000000000000e+13 8.379485379093414493629008251011691199982202653688093222505947752781979263456099224694314619946287546900822843476631890556568281297135537167983353260131484874617774200294504684158050910532955513264480081974389997443503080541464609312996212237840131807214328714074997207969445467281131981323300000000000e+00
6.863037736488300000000000000000000000000000000000000000000000000000000000000000000000000000000000000000000000000000000000000000000000000000000000000000000000000000000000000000000000000000000000000000000000000000000000000000000000000000000000000000000000000000000000000000000000000000000000000000000000e+13 8.362354232580059899446178115257020972733199772595634863423720632473126103482012666546727301086544379228659578443121803016862480475549750333661570028445113278531408949353489950171347651654087156257200446526681844062688735801386939104445591051386177845117656794665277598083696589489213958462300000000000e+00
2.058911320946490000000000000000000000000000000000000000000000000000000000000000000000000000000000000000000000000000000000000000000000000000000000000000000000000000000000000000000000000000000000000000000000000000000000000000000000000000000000000000000000000000000000000000000000000000000000000000000000e+14 8.104122105974741830840035373230609289065776617979734797691251643575258641552643761787435112098472604475529894540674299791810153366959062369271150465905288951802484883117595286138128464969090310612410654268135940864317144267691598857728507056837794573463635519425220802672839245778014727034900000000000e+00
6.176733962839470000000000000000000000000000000000000000000000000000000000000000000000000000000000000000000000000000000000000000000000000000000000000000000000000000000000000000000000000000000000000000000000000000000000000000000000000000000000000000000000000000000000000000000000000000000000000000000000e+14 8.162912398817240709907982395273642982362178177328478359053905352823655172076376870911524613866666354979254985054446237674929915941456370985726208021121899305447594179941595822026000351768335301785285309393049899823123023466851913831033601983303807111732758174880378062528907580335472575209600000000000e+00
1.853020188851841000000000000000000000000000000000000000000000000000000000000000000000000000000000000000000000000000000000000000000000000000000000000000000000000000000000000000000000000000000000000000000000000000000000000000000000000000000000000000000000000000000000000000000000000000000000000000000000e+15 8.473750482692360104073494233953860697878473029494940648765730895437929671938426603340093603512873592074878170747091702627905651854402386096135201644275579505586095753894101111898580239283904649156135930783569635218376168798721013261331494480065203768721979603061347368136328730950657146890900000000000e+00
5.559060566555523000000000000000000000000000000000000000000000000000000000000000000000000000000000000000000000000000000000000000000000000000000000000000000000000000000000000000000000000000000000000000000000000000000000000000000000000000000000000000000000000000000000000000000000000000000000000000000000e+15 8.135518265522701754513990214958341466252481191626308545130235043457085710771137017868475188072141828196872585223127845837739416358482694614593512864622540148341736163506975459390836751676976640172082798811238420621039889384370041911518423483722538572977662534164780420708898588302312330988800000000000e+00
