1.000000000000000000000000000000000000000000000000000000000000000000000000000000000000000000000000000000000000000000000000000000000000000000000000000000000000000000000000000000000000000000000000000000000000000000000000000000000000000000000000000000000000000000000000000000000000000000000000000000000000e+01 1.751844650620868695869175449301663533571794405474775787037937288431331469160358074273702545274312881861267381654674600232832354771822326399700226802570278587702222452627566655850898470415423701719230736333134736508764406048284752623839875211392048611296914742119482080932958655752883999832800000000000e-06
3.000000000000000000000000000000000000000000000000000000000000000000000000000000000000000000000000000000000000000000000000000000000000000000000000000000000000000000000000000000000000000000000000000000000000000000000000000000000000000000000000000000000000000000000000000000000000000000000000000000000000e+01 1.571689887990925031046172743160824583821234175162166165014956521630376197166899936487147850171705614033550472602945256881733023496749231094688607324952580913326455991594158457338785232520525613557410208055622283126832722515560524416003696713740962347774646070501935986030869312548578344375300000000000e-05
9.000000000000000000000000000000000000000000000000000000000000000000000000000000000000000000000000000000000000000000000000000000000000000000000000000000000000000000000000000000000000000000000000000000000000000000000000000000000000000000000000000000000000000000000000000000000000000000000000000000000000e+01 7.772186459859219373419248477535846911640162970669357970003416957879655812004513927539793863551812590098450794503945933233184436373494354774040069909637861251622754767166570384234922423522252372015155044160978475234988554359233967904252520234253375249373116797698047191566939586797094533463000000000000e-05
2.700000000000000000000000000000000000000000000000000000000000000000000000000000000000000000000000000000000000000000000000000000000000000000000000000000000000000000000000000000000000000000000000000000000000000000000000000000000000000000000000000000000000000000000000000000000000000000000000000000000000e+02 7.951228428821945324024438288967472149610693859748326429880391728059553664073938646782531560719778910681876441731377679557722870133028981542502648424623555549434542274152250521084732159340821306939203234863857226149755243631126721615173317019233480916021650912069130200711625322957547498320400000000000e-04
8.100000000000000000000000000000000000000000000000000000000000000000000000000000000000000000000000000000000000000000000000000000000000000000000000000000000000000000000000000000000000000000000000000000000000000000000000000000000000000000000000000000000000000000000000000000000000000000000000000000000000e+02 2.252079813339688723871188025933891368634988424026554321906591000084806808348698838135110407241205669466233982818327203660819537653515802356797594376495768577791313504662751479351720463694689033990696899504276162247318141629133544938148872088383453930802488869108369443608661841393054323869400000000000e-03
2.430000000000000000000000000000000000000000000000000000000000000000000000000000000000000000000000000000000000000000000000000000000000000000000000000000000000000000000000000000000000000000000000000000000000000000000000000000000000000000000000000000000000000000000000000000000000000000000000000000000000e+03 1.113221227858354165195440682734906794467811296697126292935646313962541920832327064158190593284954746316703849634861067982883943990953332726913623562357193466916507893242648540056231711395418272079355664805311315565119674889860893136483182031879068075813719076704959021733166519866113856780400000000000e-02
7.290000000000000000000000000000000000000000000000000000000000000000000000000000000000000000000000000000000000000000000000000000000000000000000000000000000000000000000000000000000000000000000000000000000000000000000000000000000000000000000000000000000000000000000000000000000000000000000000000000000000e+03 7.015881471243846250522676152717335183926038514335610935100260105902741517525930831402431046096619370767811560424704539822882728929861649534166078228555631121443673876326659236684778790049022069821201093957434797610153851331607209358796333985800689073116486415753794877642797075291498229279900000000000e-01
2.187000000000000000000000000000000000000000000000000000000000000000000000000000000000000000000000000000000000000000000000000000000000000000000000000000000000000000000000000000000000000000000000000000000000000000000000000000000000000000000000000000000000000000000000000000000000000000000000000000000000e+04 3.354555272737154008550827488855585634112120492042370840206014603813583623545235238178089822755707707683736055343288489749075425918142125686215845542765340591908972134394786382084598110891473943745193280951571224851041725608429590429375026786780204779956597394124180188811593430239711548405100000000000e-01
6.561000000000000000000000000000000000000000000000000000000000000000000000000000000000000000000000000000000000000000000000000000000000000000000000000000000000000000000000000000000000000000000000000000000000000000000000000000000000000000000000000000000000000000000000000000000000000000000000000000000000e+04 2.254331145944487299533038901916972950252076077776039230631207026738748205292976612822334155375342026620913470457055440992067774192227013326373394995079328132114161984581388756926617618351640477805975389884325946517685579114151709244229180056719939799005046002575154313338339405239414097654000000000000e+00
1.968300000000000000000000000000000000000000000000000000000000000000000000000000000000000000000000000000000000000000000000000000000000000000000000000000000000000000000000000000000000000000000000000000000000000000000000000000000000000000000000000000000000000000000000000000000000000000000000000000000000e+05 2.454576618615108760066617075627196456721749185107045533357218074434638629869875994125426659192015666942753978292529892615862214525229377590635713862018131589185099125184793070057579538648219231581874556862782791920136299880049562320912591881679234173081127351416623599641857622645096359269100000000000e+00
5.904900000000000000000000000000000000000000000000000000000000000000000000000000000000000000000000000000000000000000000000000000000000000000000000000000000000000000000000000000000000000000000000000000000000000000000000000000000000000000000000000000000000000000000000000000000000000000000000000000000000e+05 3.285738569357719367663898278119969645907488102704428363015608239006705669385776091959351719091709582621605382656095984068322473708467982597277989787085949627922986318042594405469620827829008126749621678073687750247380547046457306061895317517165547973329109144955177636092894551894390878320000000000000e+00
1.771470000000000000000000000000000000000000000000000000000000000000000000000000000000000000000000000000000000000000000000000000000000000000000000000000000000000000000000000000000000000000000000000000000000000000000000000000000000000000000000000000000000000000000000000000000000000000000000000000000000e+06 3.855637317919218379841508538081376015594979810960631762801366341216436169790748630049213272164501979298092575180724559998488990285611909458377784805603403923762556823031607748717524666630397497993254538753330110011388528311512741269771719310599596772234114506001592741838848179527303933813000000000000e+00
5.314410000000000000000000000000000000000000000000000000000000000000000000000000000000000000000000000000000000000000000000000000000000000000000000000000000000000000000000000000000000000000000000000000000000000000000000000000000000000000000000000000000000000000000000000000000000000000000000000000000000e+06 3.745221763517911697017496591628619351958189892564069307749675698543778265628381558715899019574422610067266695062917034759317181658016488970532117808016413353384429084651946283006323297414068196389103740230699890622860233016255563854333778676032147523253720283273856107027707466362012505335900000000000e+00
1.594323000000000000000000000000000000000000000000000000000000000000000000000000000000000000000000000000000000000000000000000000000000000000000000000000000000000000000000000000000000000000000000000000000000000000000000000000000000000000000000000000000000000000000000000000000000000000000000000000000000e+07 4.508184026171166665575187433039028242024427765773261197774641497056728190842536126937628874396421086425911815835910501924677435949178719148040943969515846794594340927233307571430732119658901860175717397217228191826441903350590637672611792914406991654052397801137717489726320120035265808637900000000000e+00
4.782969000000000000000000000000000000000000000000000000000000000000000000000000000000000000000000000000000000000000000000000000000000000000000000000000000000000000000000000000000000000000000000000000000000000000000000000000000000000000000000000000000000000000000000000000000000000000000000000000000000e+07 4.519358331812034036876950949849345828215532286569502397258046194667425077546426884728958643711745576302884648692616704752484126755372815735844757639306723295693213335152238703145486479699036200418277085095026038708987345975715471653397925762140947689534210466799285461423790116766812394874900000000000e+00
1.434890700000000000000000000000000000000000000000000000000000000000000000000000000000000000000000000000000000000000000000000000000000000000000000000000000000000000000000000000000000000000000000000000000000000000000000000000000000000000000000000000000000000000000000000000000000000000000000000000000000e+08 4.858783334031774901946093442984459432594127779459356229074535942355838990469839695148479329553642239100204752516305105157483138974995675510899124939472389397949926440465328392836949182746875257549230154597239014628354006192057187826705919471327079045205145640513206560191048608667381307612700000000000e+00
4.304672100000000000000000000000000000000000000000000000000000000000000000000000000000000000000000000000000000000000000000000000000000000000000000000000000000000000000000000000000000000000000000000000000000000000000000000000000000000000000000000000000000000000000000000000000000000000000000000000000000e+08 5.090481755531493708815606753126277881358139723204002060755189903273061993270635409121895897026523920063920280562808783463311188499093605515955794151441100760598611868841196058860114376529324101661745388436562854316256923859391123462954670784947502177683743587054652333796867448779148139087700000000000e+00
1.291401630000000000000000000000000000000000000000000000000000000000000000000000000000000000000000000000000000000000000000000000000000000000000000000000000000000000000000000000000000000000000000000000000000000000000000000000000000000000000000000000000000000000000000000000000000000000000000000000000000e+09 5.099317793769526995265138207685685324790731186997234272348246164826003525170888654449803234018082906294720221278806454446285789585860992862424727947922293543019929744647041384665060162040023748090635724120672534249862625423928516979608134771995420163229348780924165258096090997796952948843900000000000e+00
3.874204890000000000000000000000000000000000000000000000000000000000000000000000000000000000000000000000000000000000000000000000000000000000000000000000000000000000000000000000000000000000000000000000000000000000000000000000000000000000000000000000000000000000000000000000000000000000000000000000000000e+09 5.292655209961134481834764569412368487589251823208524503329267552196919509106690753770155138396722075416028574444865480876757219196564222135656823390948805002325606539572641185554825202022547872429458288928008132194300871471964295956287251105504142267825220736902376679788551064247830818254900000000000e+00
1.162261467000000000000000000000000000000000000000000000000000000000000000000000000000000000000000000000000000000000000000000000000000000000000000000000000000000000000000000000000000000000000000000000000000000000000000000000000000000000000000000000000000000000000000000000000000000000000000000000000000e+10 5.882325591800118466356563310979516981224707108510287796311516575618951228210961771299169815217596100316936637600250074894633358791242347683761756924349725639899698993085399729903721436934123335971413356974319239697674966963512378473552887177763026387394086834195032878849429528652329150735400000000000e+00
3.486784401000000000000000000000000000000000000000000000000000000000000000000000000000000000000000000000000000000000000000000000000000000000000000000000000000000000000000000000000000000000000000000000000000000000000000000000000000000000000000000000000000000000000000000000000000000000000000000000000000e+10 5.370947685271450509399510793331881638897204263038983774008832048274085438238130934642305038673134307592541526284418046135458372725358272013166780329827440852495306884530454179305870162912182308930271486493497980916416630134917003359128807824869281484137090086917226207878740646193486820860200000000000e+00
1.046035320300000000000000000000000000000000000000000000000000000000000000000000000000000000000000000000000000000000000000000000000000000000000000000000000000000000000000000000000000000000000000000000000000000000000000000000000000000000000000000000000000000000000000000000000000000000000000000000000000e+11 6.465188126543381974154771242686508384039659992613315545448909182451456216293878036485843688568058807778090052937650145634732925985211225735283328720280821385957968637444476546784793305489622157053221763464402527139075717622908361929246658968320715329520907803816714390150311005822388059575600000000000e+00
3.138105960900000000000000000000000000000000000000000000000000000000000000000000000000000000000000000000000000000000000000000000000000000000000000000000000000000000000000000000000000000000000000000000000000000000000000000000000000000000000000000000000000000000000000000000000000000000000000000000000000e+11 4.887788154920848309832890518133968536814253838215877321682242639355907923548387212492018483809840152301596579502941888420024570493119782579920231198501968365782456604091095239854676054119049950975503037813082956683805560100315995487218157680771719634376563175772738908030287681467113437963800000000000e+00
9.414317882700000000000000000000000000000000000000000000000000000000000000000000000000000000000000000000000000000000000000000000000000000000000000000000000000000000000000000000000000000000000000000000000000000000000000000000000000000000000000000000000000000000000000000000000000000000000000000000000000e+11 6.480022638508134028758648474715534121721808644524032282034332679455743631306954773109493204791852467195039902913632754903732764771494883851659551764574824883217305262650061168479932771460350773411330558919309309601651540765256754271441528011776349384905906536267665540434003916636903098341400000000000e+00
2.824295364810000000000000000000000000000000000000000000000000000000000000000000000000000000000000000000000000000000000000000000000000000000000000000000000000000000000000000000000000000000000000000000000000000000000000000000000000000000000000000000000000000000000000000000000000000000000000000000000000e+12 6.480896794524946332991519966936326213363252467621757988174906176282142108287907465755090353287093887272924618028272501451328064978988227128548562510983301945138747815537287762280661765433207181969906426786897391917320029557839723397815904429052396643177663417601118392410692269215742654567000000000000e+00
8.472886094430000000000000000000000000000000000000000000000000000000000000000000000000000000000000000000000000000000000000000000000000000000000000000000000000000000000000000000000000000000000000000000000000000000000000000000000000000000000000000000000000000000000000000000000000000000000000000000000000e+12 6.488655461271336233441150680102738965184839280346278591447490693326211280963116179496997947903104092582061980966741211497464739965813428067193444580316432230566473779839023030230949060813356855618359500870698384246231712038415440966144143884837134644962004657902115431665816989275007587772900000000000e+00
2.541865828329000000000000000000000000000000000000000000000000000000000000000000000000000000000000000000000000000000000000000000000000000000000000000000000000000000000000000000000000000000000000000000000000000000000000000000000000000000000000000000000000000000000000000000000000000000000000000000000000e+13 6.783340521916274638710028190935776187713303141421889074914538288331273712321810595433514798327775648992206750495387671045899361851244480872112866425081142993415618024095917142787403885235834394564416481970736147041382703067788210472245184368812592666365778445569073559197124094785435411990000000000000e+00
7.625597484987000000000000000000000000000000000000000000000000000000000000000000000000000000000000000000000000000000000000000000000000000000000000000000000000000000000000000000000000000000000000000000000000000000000000000000000000000000000000000000000000000000000000000000000000000000000000000000000000e+13 6.496308093334669614415742989670594754429819296668970401361308300968571522266147738414881049658133663621598253882109467075880684793100808523670695795657933859482801690560481055038439239021668152502638155748000066470462013747349373763163321343437677952491771815240761732151961828661202752781900000000000e+00
2.287679245496100000000000000000000000000000000000000000000000000000000000000000000000000000000000000000000000000000000000000000000000000000000000000000000000000000000000000000000000000000000000000000000000000000000000000000000000000000000000000000000000000000000000000000000000000000000000000000000000e+14 6.570100797767552789873398761116661185595539690561177910045944664259434716931640096413659088798389558247824007420372491477369093689827183156165026510012748879838757456379913786143083001808317198482109985135086062896050052615818594590589215410066014856125167649400672495884528835682410474613000000000000e+00
6.863037736488300000000000000000000000000000000000000000000000000000000000000000000000000000000000000000000000000000000000000000000000000000000000000000000000000000000000000000000000000000000000000000000000000000000000000000000000000000000000000000000000000000000000000000000000000000000000000000000000e+14 6.687478134809007054001334221138498054945625474067355232506900048317538935337839957753507348315102000367491830167403462603221921201759559956889636047843285821449204229976214149701091235951007485025871233749244207280437395912201006266870908546329830917142715027871055216219613585544567297219200000000000e+00
2.058911320946490000000000000000000000000000000000000000000000000000000000000000000000000000000000000000000000000000000000000000000000000000000000000000000000000000000000000000000000000000000000000000000000000000000000000000000000000000000000000000000000000000000000000000000000000000000000000000000000e+15 7.434224402690892821951771902222078275135548327870333520705086589275680048588320375113219840913195459166844249865885396622031585875629602571604405116383837744350106948912675931215543600144199887715225528364566332127217643873575135836088915889556257505727701962327465399991885601955029677441000000000000e+00
6.176733962839470000000000000000000000000000000000000000000000000000000000000000000000000000000000000000000000000000000000000000000000000000000000000000000000000000000000000000000000000000000000000000000000000000000000000000000000000000000000000000000000000000000000000000000000000000000000000000000000e+15 7.248721634108956365712607016576233881315719585113398432713566873787884849580055161933862460029673857382144633223874479590537156911989321156395668335430414120334665023288835542602487046467088646998881282481071213957758390526189867209178160640230215391224836339112603576812522541573912140347400000000000e+00
