1.000000000000000000000000000000000000000000000000000000000000000000000000000000000000000000000000000000000000000000000000000000000000000000000000000000000000000000000000000000000000000000000000000000000000000000000000000000000000000000000000000000000000000000000000000000000000000000000000000000000000e+01 4.113771221903941597982418033991970293092787258888640190307501465894667706676377222210860088499892538596775828350480080123597532793069606815090174448661402196280126138468549473265581146888815556296694526080498191177172667296207186515238461193254040008492770952564771528975854382508593078485200000000000e-07
3.000000000000000000000000000000000000000000000000000000000000000000000000000000000000000000000000000000000000000000000000000000000000000000000000000000000000000000000000000000000000000000000000000000000000000000000000000000000000000000000000000000000000000000000000000000000000000000000000000000000000e+01 2.103800202861006755226830116835994853326049645583750346781849135261369315944358199689926178890218467517800296410413016992564745246923973162384259275698700944775365504323519905315512952842933003497607063848588056490082574113376204343931816348363978837828071987733655671459159578316038166455400000000000e-06
9.000000000000000000000000000000000000000000000000000000000000000000000000000000000000000000000000000000000000000000000000000000000000000000000000000000000000000000000000000000000000000000000000000000000000000000000000000000000000000000000000000000000000000000000000000000000000000000000000000000000000e+01 3.010859023762207205323724164322796724181897639071918311215380002241216177774116300647134842011326577025241670909562887913882011220940487893297663243599179807529929232785987593537696508477278881649540584831317236066111832735944209628406146065512104905236249177561872439500209277385644528042500000000000e-06
2.700000000000000000000000000000000000000000000000000000000000000000000000000000000000000000000000000000000000000000000000000000000000000000000000000000000000000000000000000000000000000000000000000000000000000000000000000000000000000000000000000000000000000000000000000000000000000000000000000000000000e+02 1.719065222149109432114013595857320816834731888833234900748936151145299653092556145775644210446841303888170158579817410212389017655938506916605772593819696386411606307278922702608609891615697278563314628423586308552285724007645041198104044036011030795364829570040067319928633402657643484170900000000000e-05
8.100000000000000000000000000000000000000000000000000000000000000000000000000000000000000000000000000000000000000000000000000000000000000000000000000000000000000000000000000000000000000000000000000000000000000000000000000000000000000000000000000000000000000000000000000000000000000000000000000000000000e+02 1.458196406997858832647864161055206919549313101261516706136887782765197423394203136559178004779425041765104473417161429398440695095792532861642674202842513046214820939863347745313195790750087998014999854096010422686165437471809178876879134365309880755940473620931159800064936136505478958601400000000000e-05
2.430000000000000000000000000000000000000000000000000000000000000000000000000000000000000000000000000000000000000000000000000000000000000000000000000000000000000000000000000000000000000000000000000000000000000000000000000000000000000000000000000000000000000000000000000000000000000000000000000000000000e+03 3.028124604349719375364193309637299541329097317313683869082762688461423624856429016862074276198649648457163389484120261076784980298693957191636192701481881499900901838258077054318808738259632386738024437280910944156439013065350684073788194731235356277639477701696947518008615986524697459209900000000000e-05
7.290000000000000000000000000000000000000000000000000000000000000000000000000000000000000000000000000000000000000000000000000000000000000000000000000000000000000000000000000000000000000000000000000000000000000000000000000000000000000000000000000000000000000000000000000000000000000000000000000000000000e+03 1.314802238213375227893792956958812160426967955352346533164648240507081725048077793977998844694456560827433364047106884123273363864180173571361413907578460099746243333632647224156650048996061621365981155931199608368507881274879447755185236484132969105651689089438518095710276298437781156579700000000000e-03
2.187000000000000000000000000000000000000000000000000000000000000000000000000000000000000000000000000000000000000000000000000000000000000000000000000000000000000000000000000000000000000000000000000000000000000000000000000000000000000000000000000000000000000000000000000000000000000000000000000000000000e+04 4.415682641612894181355153637740339500827118515303240112717638138856946614766978035962558427799600351069179416608432237833793964360333840477656606894100411135895459344365676527541492007560068388369494935013698012683828112691266630483220739368041616573925562994917764413543529791931905458631200000000000e-04
6.561000000000000000000000000000000000000000000000000000000000000000000000000000000000000000000000000000000000000000000000000000000000000000000000000000000000000000000000000000000000000000000000000000000000000000000000000000000000000000000000000000000000000000000000000000000000000000000000000000000000e+04 2.570934017209010192567674353509607154013921345580527173016613641439394254798869403452266607307945470857437508461602875591899594166701504234752090924544505384720302204145837713045788477492773253606861743387897614124178543611161991707250360368432638638121179012568050198500648804271185542552700000000000e-03
1.968300000000000000000000000000000000000000000000000000000000000000000000000000000000000000000000000000000000000000000000000000000000000000000000000000000000000000000000000000000000000000000000000000000000000000000000000000000000000000000000000000000000000000000000000000000000000000000000000000000000e+05 2.823308993353057202965991897743512444915130733993103508278490366227490128468494434006271955196086433400217229184857456397023176751989193283259237967004173353496460052734542126757390537511968136151197307690675460469246313480061750723124558767826578639252123933212757576750956019475486998969400000000000e-03
5.904900000000000000000000000000000000000000000000000000000000000000000000000000000000000000000000000000000000000000000000000000000000000000000000000000000000000000000000000000000000000000000000000000000000000000000000000000000000000000000000000000000000000000000000000000000000000000000000000000000000e+05 2.128645727835709999929188434686936411320220613698992301709136148203457372552499751097454609263772653394006178393033181613332626440615375151705859416707525817196143352291214016239076984447025791056697826626372726168672448016614296297549273354833295684901852543548463188655664328958425917624100000000000e-03
1.771470000000000000000000000000000000000000000000000000000000000000000000000000000000000000000000000000000000000000000000000000000000000000000000000000000000000000000000000000000000000000000000000000000000000000000000000000000000000000000000000000000000000000000000000000000000000000000000000000000000e+06 3.306324771622150094767499290457026483083716132917539772152275458246978669305375811126570969465267318241141338947257095650957782094234726923670784474240843007007477604226229559189588016399999079214194565275777356516331619402519996250601068849218167947199703815455233240260770834525826934588500000000000e-03
5.314410000000000000000000000000000000000000000000000000000000000000000000000000000000000000000000000000000000000000000000000000000000000000000000000000000000000000000000000000000000000000000000000000000000000000000000000000000000000000000000000000000000000000000000000000000000000000000000000000000000e+06 6.397861093906024970399050702168143987274817269325502800388189222599601162985710882931005037806425602575512797191511278392645397498922014898906568153517170604064037369645272983254167862447412994836184293545597483946179246341635511784156177796783641805533273356698345113679974377188192515241900000000000e-03
1.594323000000000000000000000000000000000000000000000000000000000000000000000000000000000000000000000000000000000000000000000000000000000000000000000000000000000000000000000000000000000000000000000000000000000000000000000000000000000000000000000000000000000000000000000000000000000000000000000000000000e+07 5.834420273094547770001871163378177293317878897616747778058423409591128496764289832365587168288735868761073921465806957559808718356408093527899457003518723313400602491910896957546149404554072325801349330401692108011289153235199719583912744673275991476034176685541603599991138356142260105375500000000000e-03
4.782969000000000000000000000000000000000000000000000000000000000000000000000000000000000000000000000000000000000000000000000000000000000000000000000000000000000000000000000000000000000000000000000000000000000000000000000000000000000000000000000000000000000000000000000000000000000000000000000000000000e+07 5.962985543301135671540620439397773516894016633066884891523934597781630525711507181097308555054448798620871510762667333187450048860489048860239755988483326153385115126699849580478647297746318717710297556306414760783748926426330076873048338025605160154980733786864702481337084464723167812361600000000000e-03
1.434890700000000000000000000000000000000000000000000000000000000000000000000000000000000000000000000000000000000000000000000000000000000000000000000000000000000000000000000000000000000000000000000000000000000000000000000000000000000000000000000000000000000000000000000000000000000000000000000000000000e+08 1.162577129664398830255957819919560093054312109842663563638021426129512074950640023210431013004526655494320124834395512431584295396022808618558982542490224099491399404237366744325997105846950400267271632183986060936999377883711537575876472495296308793828184125233956728237725614048374784696300000000000e-02
4.304672100000000000000000000000000000000000000000000000000000000000000000000000000000000000000000000000000000000000000000000000000000000000000000000000000000000000000000000000000000000000000000000000000000000000000000000000000000000000000000000000000000000000000000000000000000000000000000000000000000e+08 9.352529144622631242439365915572688057634425421195669646138495035497420497179158857212022261343749436605061513564238841245756257569395853846278989586378453114179251176460085912789882382180699820712841390183350041183235878495981406604858805313551581507206179644248323624739428172683402985667700000000000e-03
1.291401630000000000000000000000000000000000000000000000000000000000000000000000000000000000000000000000000000000000000000000000000000000000000000000000000000000000000000000000000000000000000000000000000000000000000000000000000000000000000000000000000000000000000000000000000000000000000000000000000000e+09 2.730435306849009280365403401746584159552505088700544424506906676892684341230553672897511540508089659614536405950488083517803056425721893997763001576966539508619628596154271124780351841983828426664657603650438251396426667894316969312752828508368130796831790766780669967381351763542352448790600000000000e-02
3.874204890000000000000000000000000000000000000000000000000000000000000000000000000000000000000000000000000000000000000000000000000000000000000000000000000000000000000000000000000000000000000000000000000000000000000000000000000000000000000000000000000000000000000000000000000000000000000000000000000000e+09 1.433733373225058424200639093909804247162201652306275254858689602792931114459625694863725981212735028244229716143393555537661487577499531164180030260198139150809579670524792469503960029479123973027668156190677195364226319012800437356027677420464385370250582023674885388871558033521657638047400000000000e-02
1.162261467000000000000000000000000000000000000000000000000000000000000000000000000000000000000000000000000000000000000000000000000000000000000000000000000000000000000000000000000000000000000000000000000000000000000000000000000000000000000000000000000000000000000000000000000000000000000000000000000000e+10 1.486845889363724235510608939212739394300353854180752426348286303101298287551005402132367704434210602611564991239593617328786507217339453002957506061357510210020610458690075882657547159586141081129561465329145126835702098100844015860574854688645799212615675266647723148155903612334779044695600000000000e-02
3.486784401000000000000000000000000000000000000000000000000000000000000000000000000000000000000000000000000000000000000000000000000000000000000000000000000000000000000000000000000000000000000000000000000000000000000000000000000000000000000000000000000000000000000000000000000000000000000000000000000000e+10 1.840510379035436406923091107955703597693374378740891639896310385072080602167284005495727195340132271424155536078329761607394907559366675055450555989543728265550498798112411085563323420973268830458634326520344078517930996571871211345714996720169074692219639501282945859356604942645768194555600000000000e-02
1.046035320300000000000000000000000000000000000000000000000000000000000000000000000000000000000000000000000000000000000000000000000000000000000000000000000000000000000000000000000000000000000000000000000000000000000000000000000000000000000000000000000000000000000000000000000000000000000000000000000000e+11 2.274451089578797399914454437349228095523186618048274932023359273922034705010428088222442886791357979012294969211939723479905315625719690631873766896670786582308725468950273998318704323586031508606576872645776870480712557643110182113758077939634005233891420748931586244783827984606758112465500000000000e-02
3.138105960900000000000000000000000000000000000000000000000000000000000000000000000000000000000000000000000000000000000000000000000000000000000000000000000000000000000000000000000000000000000000000000000000000000000000000000000000000000000000000000000000000000000000000000000000000000000000000000000000e+11 2.620903733222331312286167635724963487590887518660203025146416276139631625760689585107922197970231713399541542415986450175406704183233298301634885393790304328737538751318712271223977403845921640591273288972984651105626102240700780919450654742274130253511447120385250434241039090065567265568200000000000e-02
9.414317882700000000000000000000000000000000000000000000000000000000000000000000000000000000000000000000000000000000000000000000000000000000000000000000000000000000000000000000000000000000000000000000000000000000000000000000000000000000000000000000000000000000000000000000000000000000000000000000000000e+11 5.033200354807315117516767083466952732956833234167241741624518752084352163621904641955879659215851635206053272212021025717739320248607688825598481023678094886803470890965320966306342773298134756746925438947508559297349140475729231463119192167650002642054518394827787373647945052449473684421400000000000e-02
2.824295364810000000000000000000000000000000000000000000000000000000000000000000000000000000000000000000000000000000000000000000000000000000000000000000000000000000000000000000000000000000000000000000000000000000000000000000000000000000000000000000000000000000000000000000000000000000000000000000000000e+12 1.475077532186690720163612804842763667281387350096979042235121481406117468365950576574861090011171058994004637142807776473642017888827199952789231524192110227726973934438777476705522200972989450594993656879354085236100703980466897910483135977731190048900109389456031225074598889398889959724600000000000e-02
8.472886094430000000000000000000000000000000000000000000000000000000000000000000000000000000000000000000000000000000000000000000000000000000000000000000000000000000000000000000000000000000000000000000000000000000000000000000000000000000000000000000000000000000000000000000000000000000000000000000000000e+12 1.519333267808560583145234693616911840862698871252184794121178806704673288849130415767093044205443413277488106958977614691248823053555792210809946076172944391362443524614356661576734597557662221202734699254752216754137863000713202979486156045788378061710363941176860474657854840034843443940500000000000e-02
2.541865828329000000000000000000000000000000000000000000000000000000000000000000000000000000000000000000000000000000000000000000000000000000000000000000000000000000000000000000000000000000000000000000000000000000000000000000000000000000000000000000000000000000000000000000000000000000000000000000000000e+13 1.695785776707032289006052779479396042248419602790463544272319511186598791447550225141762165856294055644939509557157051320543878977551795662182347792937692802849880584338708225885876795236170751918316486023749326813022228380789357256822060017347123582273104299727339124645083621146552165878800000000000e-01
7.625597484987000000000000000000000000000000000000000000000000000000000000000000000000000000000000000000000000000000000000000000000000000000000000000000000000000000000000000000000000000000000000000000000000000000000000000000000000000000000000000000000000000000000000000000000000000000000000000000000000e+13 7.600999944903493558658144387237298192958814427229957872300672136667851876975055535840389485785517862594608672545983469735771454067281538445930763891335542277250043363485006622521867955294948027787037077860984921469828109262473057195944938889261453708900007741658921761183926430022861461275900000000000e-02
2.287679245496100000000000000000000000000000000000000000000000000000000000000000000000000000000000000000000000000000000000000000000000000000000000000000000000000000000000000000000000000000000000000000000000000000000000000000000000000000000000000000000000000000000000000000000000000000000000000000000000e+14 1.009656280696693143771034155209106853766744592789345837227808603013132134044499626916396001966926524258908615596409497475415234888331882060023022093119623849427625777663672111291336107668021467982969448935599712134464203369553832165935742702786783181620252038875322966142007470797681581389700000000000e-01
6.863037736488300000000000000000000000000000000000000000000000000000000000000000000000000000000000000000000000000000000000000000000000000000000000000000000000000000000000000000000000000000000000000000000000000000000000000000000000000000000000000000000000000000000000000000000000000000000000000000000000e+14 2.269928971046279496325772424541294304894571988955291559486505209562424740283924419059461103281749478558327615449539035588471749890899079190115867706210954330437540261586606734336612387286935352342318137017878448262026400136413775637065689102933065025149664673253180898493991638089889009171400000000000e-02
2.058911320946490000000000000000000000000000000000000000000000000000000000000000000000000000000000000000000000000000000000000000000000000000000000000000000000000000000000000000000000000000000000000000000000000000000000000000000000000000000000000000000000000000000000000000000000000000000000000000000000e+15 8.295060866730175288404047049778234697417079897624551744439970788067470605467692717288284356982891159839185963164135612304483115672980320052990350743641612548363127874323800494577448790842420768655082995870748045168761213125620649044224389332224758276857223634618983017121844343208786997960100000000000e-02
6.176733962839470000000000000000000000000000000000000000000000000000000000000000000000000000000000000000000000000000000000000000000000000000000000000000000000000000000000000000000000000000000000000000000000000000000000000000000000000000000000000000000000000000000000000000000000000000000000000000000000e+15 1.251555591117554728490171570328196957892817431165085367497812264715328867201336061350010601425051026629681554786333305176984738825775299542271397678829007872397808556928875087132715039800780392276927691076274029591485898319916325290454158219475314149120299481771265168334043801018797390943100000000000e-01
