1.000000000000000000000000000000000000000000000000000000000000000000000000000000000000000000000000000000000000000000000000000000000000000000000000000000000000000000000000000000000000000000000000000000000000000000000000000000000000000000000000000000000000000000000000000000000000000000000000000000000000e+00 1.967929925223204497247896506857105727109200726057475391816747017104196701248712164437848514111569334472618938731035783618323380561859884085624350245120212178916394574019904798575267481226806252623329148459862209514090546982064297557758187384100715492055564236857770807768272115129333132366400000000000e-04
3.000000000000000000000000000000000000000000000000000000000000000000000000000000000000000000000000000000000000000000000000000000000000000000000000000000000000000000000000000000000000000000000000000000000000000000000000000000000000000000000000000000000000000000000000000000000000000000000000000000000000e+00 5.125997845579379874994761409087759412328302769514954676716243547038461652576727351179795360401896608370918460975525361884697063198771281784839405894594294432353473703727706962705339256526538804636227149195780283182162734978129751121099067535533327734383904872600440015756032845934268279292600000000000e-04
9.000000000000000000000000000000000000000000000000000000000000000000000000000000000000000000000000000000000000000000000000000000000000000000000000000000000000000000000000000000000000000000000000000000000000000000000000000000000000000000000000000000000000000000000000000000000000000000000000000000000000e+00 1.042860407443484204356389537371680817349658963229522680111861779788293964147425535081900471666199890076730961845098567587704417133439167023428856856598746227093428860850409560264907421390086128593729882801436673488846439122813289075655985726759620228959012660827881287588388047872774708939000000000000e-03
2.700000000000000000000000000000000000000000000000000000000000000000000000000000000000000000000000000000000000000000000000000000000000000000000000000000000000000000000000000000000000000000000000000000000000000000000000000000000000000000000000000000000000000000000000000000000000000000000000000000000000e+01 1.777148466583954610894207270511611190779251688333312367392144528134579037637818005780217220019858079228405150869122344080394815792996190175769487969004026610337800716595333144344606351135849213047103523425174773485543985032895391132821308572510648056725008428790156983805965790705121085659700000000000e-03
8.100000000000000000000000000000000000000000000000000000000000000000000000000000000000000000000000000000000000000000000000000000000000000000000000000000000000000000000000000000000000000000000000000000000000000000000000000000000000000000000000000000000000000000000000000000000000000000000000000000000000e+01 9.856153622841783614774595132474600439651135109856458879152429304491597829309896126220455220007416438363916444528039512115643656951900865760096346488588056588499247264340746348251039782717688329066570788040098656766812015210033788101216012727074833058013189408207650764647966844454756127897700000000000e-03
2.430000000000000000000000000000000000000000000000000000000000000000000000000000000000000000000000000000000000000000000000000000000000000000000000000000000000000000000000000000000000000000000000000000000000000000000000000000000000000000000000000000000000000000000000000000000000000000000000000000000000e+02 2.743833463639168338736826955998193599142983682565392863233298774299167454112679018799815123769295663099231008870809373086847555130460144157419076302289743125126529159489607245791365611883369139237175231357042338202169494004490809602960584285289133845223716568606311902506509394228894167690700000000000e-02
7.290000000000000000000000000000000000000000000000000000000000000000000000000000000000000000000000000000000000000000000000000000000000000000000000000000000000000000000000000000000000000000000000000000000000000000000000000000000000000000000000000000000000000000000000000000000000000000000000000000000000e+02 5.915194514374482297278050297049750608083284764980239918802239349490271578713799503997392937385453105770263406396875593214269198123238020233555926400020730216170446037293464968807982486941407357780519821008726003813497963757253738877737212447343795289264431688319240410249105699482109996587300000000000e-02
2.187000000000000000000000000000000000000000000000000000000000000000000000000000000000000000000000000000000000000000000000000000000000000000000000000000000000000000000000000000000000000000000000000000000000000000000000000000000000000000000000000000000000000000000000000000000000000000000000000000000000e+03 4.444810089682818872675831465760278837827395390632800168147480392760725806741140180168019159195567487637623646203725589566479748411037790203911053644532189644331506348410836954675982819009543845795963225721374529914263582075979225859813011787664745720610459033717388446449362134855708674207900000000000e-02
6.561000000000000000000000000000000000000000000000000000000000000000000000000000000000000000000000000000000000000000000000000000000000000000000000000000000000000000000000000000000000000000000000000000000000000000000000000000000000000000000000000000000000000000000000000000000000000000000000000000000000e+03 9.756435402469464776604725538263488349562913225357394852966060972906450575542162215677227640040423141405432051598671446566527620162545358725290607626826421726956054616467931300732967677818542965200647216129883737801842152908610869541258156971237186202319174551131226339809433251508822370536600000000000e-02
1.968300000000000000000000000000000000000000000000000000000000000000000000000000000000000000000000000000000000000000000000000000000000000000000000000000000000000000000000000000000000000000000000000000000000000000000000000000000000000000000000000000000000000000000000000000000000000000000000000000000000e+04 3.717028488793968024392613152373683046693726009925411225426247737271617293572654069510932640195297021374918725294997674003535260165582300695244650234466114787005733358407407779336271026407914552270299863245648659141472634882617402248136555916538272534088474371986127638802985848949400106046200000000000e-01
5.904900000000000000000000000000000000000000000000000000000000000000000000000000000000000000000000000000000000000000000000000000000000000000000000000000000000000000000000000000000000000000000000000000000000000000000000000000000000000000000000000000000000000000000000000000000000000000000000000000000000e+04 5.760141979182048952296233487225098547311188972942595328202145891345096321166237146123091417534023783813579389587460502178942850627124942665212987863879566002035203677376995801260985449647105422533964596797071512158054687347284877791200964213974523821175828836256146760725912946541612540012600000000000e-01
1.771470000000000000000000000000000000000000000000000000000000000000000000000000000000000000000000000000000000000000000000000000000000000000000000000000000000000000000000000000000000000000000000000000000000000000000000000000000000000000000000000000000000000000000000000000000000000000000000000000000000e+05 1.121484287986076592143596089165105169483187615666619760960688742949006526902876848127586206389359216270741806571684030799744345107037880949208635205172984268619794828990786049597614953987556890467433208327821834363254723336600536366135953814141038502657034678471038441976499352979426372153600000000000e+00
5.314410000000000000000000000000000000000000000000000000000000000000000000000000000000000000000000000000000000000000000000000000000000000000000000000000000000000000000000000000000000000000000000000000000000000000000000000000000000000000000000000000000000000000000000000000000000000000000000000000000000e+05 7.255127671753429221110950075153917367477994554101259761627802282401195646931343286707060510775728379021070843274521863647473940890114323806882460059731414383472709626052764784260505730288819660718370774183484199301104555946181335603081058905362087335611104540435003143948602185645641032063800000000000e-01
1.594323000000000000000000000000000000000000000000000000000000000000000000000000000000000000000000000000000000000000000000000000000000000000000000000000000000000000000000000000000000000000000000000000000000000000000000000000000000000000000000000000000000000000000000000000000000000000000000000000000000e+06 3.493066888180980296677635904491613869412101772344774536614557907683086509137315369740264202004029218387707240242189424049589067844651479679301482440185941789071354213303869891483999866928349754082896915325430655503889137533060719774292531858676088612207726414542676225743301305196365233005300000000000e-01
4.782969000000000000000000000000000000000000000000000000000000000000000000000000000000000000000000000000000000000000000000000000000000000000000000000000000000000000000000000000000000000000000000000000000000000000000000000000000000000000000000000000000000000000000000000000000000000000000000000000000000e+06 7.268358197602215253595275768444211903266666526193240828723521278323322382448392729881888722015954876131207803957998213593505974043742825347611916858391445890073012607820619456559685418714265954204252484692872292955834255861709180123103547612829332927285270079277127748414671386851888595155600000000000e-01
1.434890700000000000000000000000000000000000000000000000000000000000000000000000000000000000000000000000000000000000000000000000000000000000000000000000000000000000000000000000000000000000000000000000000000000000000000000000000000000000000000000000000000000000000000000000000000000000000000000000000000e+07 2.793844231827353365662578768053637857668371932345742140220088247092314206368357558659595933860408843849107041443850153809644894834118417850614768917532247103244240727301897270845195677384117076456788568756231779461762833039914425548429477130061777278514008482258276622567729966231255719938500000000000e-01
4.304672100000000000000000000000000000000000000000000000000000000000000000000000000000000000000000000000000000000000000000000000000000000000000000000000000000000000000000000000000000000000000000000000000000000000000000000000000000000000000000000000000000000000000000000000000000000000000000000000000000e+07 2.814145896128319635127684740788264341826265826121580988884526225160283240439785264605949464850919982846038743110474293321689914529973096015460485002738425539720029503459039367185913902370684449183039224783082320253295890520573890697196873564483155904346421020969692402520382481042143321161200000000000e-01
1.291401630000000000000000000000000000000000000000000000000000000000000000000000000000000000000000000000000000000000000000000000000000000000000000000000000000000000000000000000000000000000000000000000000000000000000000000000000000000000000000000000000000000000000000000000000000000000000000000000000000e+08 3.849640927563084386123630854793727689601319273802771823499331410055067308298402350214723470796175048428316788810187242377050177945043600815232317036605762351012934043091716898545149044336366179949205905779362727535481411633043523161826622373664792171269185254039309796401915757295541958988700000000000e-01
3.874204890000000000000000000000000000000000000000000000000000000000000000000000000000000000000000000000000000000000000000000000000000000000000000000000000000000000000000000000000000000000000000000000000000000000000000000000000000000000000000000000000000000000000000000000000000000000000000000000000000e+08 3.970942806280002681605781386007270610036476577182945465107550306804251151518105862019722804855428642350624926985239628151819489094700192737123328733224893112488187836302279301218498442521479462684965434511347718749233118103912569564349514669353360218274203584008619085014211221724526584049700000000000e-01
1.162261467000000000000000000000000000000000000000000000000000000000000000000000000000000000000000000000000000000000000000000000000000000000000000000000000000000000000000000000000000000000000000000000000000000000000000000000000000000000000000000000000000000000000000000000000000000000000000000000000000e+09 1.292317868055325239366651119932870139829578037223546478109354877786627367138444119208942633217540195185795245719054676603156289099599969871098246794754938858250269131644879500524810301602864089038274862817655286046631169117758787923507456289221882256840432233485450723188607461478735643552600000000000e-01
3.486784401000000000000000000000000000000000000000000000000000000000000000000000000000000000000000000000000000000000000000000000000000000000000000000000000000000000000000000000000000000000000000000000000000000000000000000000000000000000000000000000000000000000000000000000000000000000000000000000000000e+09 4.593252047766857732258648546386256205794046125622377989112469603399254066415642039365194500651855901970100053382797023263194391971546283933958621535086578136465952952348061283141888763205781729511910121718031915114715008053456276423978441742412965262359607093598248528738553593230970474704700000000000e-01
1.046035320300000000000000000000000000000000000000000000000000000000000000000000000000000000000000000000000000000000000000000000000000000000000000000000000000000000000000000000000000000000000000000000000000000000000000000000000000000000000000000000000000000000000000000000000000000000000000000000000000e+10 5.963556211954783937416289296380213729997225290135454418813114753873603691087926944701837354572010329545513240207167126633775703187645141088667038112481430550109707835521360004102413864953345461637425088329298146503194319061929463078420903409587870555073287176326988324201591285071651428612000000000000e-01
3.138105960900000000000000000000000000000000000000000000000000000000000000000000000000000000000000000000000000000000000000000000000000000000000000000000000000000000000000000000000000000000000000000000000000000000000000000000000000000000000000000000000000000000000000000000000000000000000000000000000000e+10 2.246499370424994280770433018021731596220347373787398550400718265184448112216831675664662160051715298191086616630211756728821716176290921848004394609189469366882573338422639783372782669138444040441757666837618561780230775750473779886754824977758766697877505376327607841646577662536279485976400000000000e-01
9.414317882700000000000000000000000000000000000000000000000000000000000000000000000000000000000000000000000000000000000000000000000000000000000000000000000000000000000000000000000000000000000000000000000000000000000000000000000000000000000000000000000000000000000000000000000000000000000000000000000000e+10 1.791903102421803987813672493521158743534774953209493790418250635131839726316310299183653743692859830616617369974737519473081099018859379021834847927470008478766147355221512369089421605028722658962881234969491015166781187639977257812656274506724447352434174057174216630934654452879145931886300000000000e-01
2.824295364810000000000000000000000000000000000000000000000000000000000000000000000000000000000000000000000000000000000000000000000000000000000000000000000000000000000000000000000000000000000000000000000000000000000000000000000000000000000000000000000000000000000000000000000000000000000000000000000000e+11 6.726985918676516961760680188860602944429537948700491950422055753918470709011799064868166486148674371399090780344469956324800640996336918044584275748037078693353995284703923568480578623497489087547094686759659311158894226999250669293437912567791591387863175709506266583960334354086228451747200000000000e-01
8.472886094430000000000000000000000000000000000000000000000000000000000000000000000000000000000000000000000000000000000000000000000000000000000000000000000000000000000000000000000000000000000000000000000000000000000000000000000000000000000000000000000000000000000000000000000000000000000000000000000000e+11 9.417889276099660873036533479727050533167093254293155149070897669788705987386518722337679681248380373459203956076276550469644715825414965340287171253217803415028629222845675584992130790475569041291015178705276311007697013333799900091159928704706225758449487007607217913465756710126670060933600000000000e-01
2.541865828329000000000000000000000000000000000000000000000000000000000000000000000000000000000000000000000000000000000000000000000000000000000000000000000000000000000000000000000000000000000000000000000000000000000000000000000000000000000000000000000000000000000000000000000000000000000000000000000000e+12 2.826968604212970254250409111344404420574388150190187329264733938431538985131927342924849190737663282185702961178481375201693390093668716021350447815190946566669081669630145218595942578236100970230596146270609039166557435477034505161234728272326934204693044491160720992190953840504063494474300000000000e+00
7.625597484987000000000000000000000000000000000000000000000000000000000000000000000000000000000000000000000000000000000000000000000000000000000000000000000000000000000000000000000000000000000000000000000000000000000000000000000000000000000000000000000000000000000000000000000000000000000000000000000000e+12 1.307835227261102656776874091603460023618798345020211281732668630349051681674409538439549426976779023894465349740726788439855668125605298015913136750557523079549812815438891375631756945011880136447899705256432699411857359314720167514209848649083960467887052883191457090037616932982739229490700000000000e+00
2.287679245496100000000000000000000000000000000000000000000000000000000000000000000000000000000000000000000000000000000000000000000000000000000000000000000000000000000000000000000000000000000000000000000000000000000000000000000000000000000000000000000000000000000000000000000000000000000000000000000000e+13 2.929725311954846214301505420835236256691767696272748800398272915143822562201755560680562256950613753238000063316073318199127404560223360431546296887330456856984232197769583377958196892390174032503404962222257366765075590056769736679727033520642691552138486003668807865920384442354921310588500000000000e+00
6.863037736488300000000000000000000000000000000000000000000000000000000000000000000000000000000000000000000000000000000000000000000000000000000000000000000000000000000000000000000000000000000000000000000000000000000000000000000000000000000000000000000000000000000000000000000000000000000000000000000000e+13 6.786196361179006247584246463979199602524268932067424586413310212237902369915957791875041079510795959025961796945860525161631450022182820301358177144750934695501412453954858915751373251729040315218850677795111013057584761308116497094347207505265185660470206436300462409196650676469135789040100000000000e-01
2.058911320946490000000000000000000000000000000000000000000000000000000000000000000000000000000000000000000000000000000000000000000000000000000000000000000000000000000000000000000000000000000000000000000000000000000000000000000000000000000000000000000000000000000000000000000000000000000000000000000000e+14 3.844838215618828294066604733219956912312664928151863047439978002657660266084513683861154411626461731321034947916737412909148744681475721314903230395218547653640094357888971199693879618916215425815237528215556924611189148754391845485362461625602115005698574893491379173202763528854834411239300000000000e-01
6.176733962839470000000000000000000000000000000000000000000000000000000000000000000000000000000000000000000000000000000000000000000000000000000000000000000000000000000000000000000000000000000000000000000000000000000000000000000000000000000000000000000000000000000000000000000000000000000000000000000000e+14 5.391300758644580876959301785183526821460293144540319724780892559489523276700869016708328314981246578775796774057724816884759582570631874922233883989573116690206573646882199130345320702052926420382971909766446532453519740688837634672406045497367885804130468797297952365771131650897628525489700000000000e-01
1.853020188851841000000000000000000000000000000000000000000000000000000000000000000000000000000000000000000000000000000000000000000000000000000000000000000000000000000000000000000000000000000000000000000000000000000000000000000000000000000000000000000000000000000000000000000000000000000000000000000000e+15 1.814187646132652756337217205633001360945451886622633978074200001021665957384025355989223619180736380539373885857592028488636557888217850471982698094856010923335338911568231958758989728008478688185337599638334891185200082206525981080599315035183364082638296739593175238077634600904106528968300000000000e+00
5.559060566555523000000000000000000000000000000000000000000000000000000000000000000000000000000000000000000000000000000000000000000000000000000000000000000000000000000000000000000000000000000000000000000000000000000000000000000000000000000000000000000000000000000000000000000000000000000000000000000000e+15 1.201643161197262081584123848870325262618537316621789807868477942604685911031447781786613700421746229292566788251324277998256208371817940531951618351916045022703863077506971418164734530410504848228848374744787531028665109129357511124110120013025854292186104783255083204435921883185852479051000000000000e+00
