1.000000000000000000000000000000000000000000000000000000000000000000000000000000000000000000000000000000000000000000000000000000000000000000000000000000000000000000000000000000000000000000000000000000000000000000000000000000000000000000000000000000000000000000000000000000000000000000000000000000000000e+01 2.200423223212232080170619370004727266086130877440372767272949323275602877016182559466136380074783666700798725013682118664457437338391012981514677801661471495302211394574003077462689021757436058968016839428893553632287294832786703398351373696972487079995534302255279862047346738114394581962900000000000e-02
3.000000000000000000000000000000000000000000000000000000000000000000000000000000000000000000000000000000000000000000000000000000000000000000000000000000000000000000000000000000000000000000000000000000000000000000000000000000000000000000000000000000000000000000000000000000000000000000000000000000000000e+01 7.100530566176633229343853712455165330644349569412774496174188996327936393165428743639408214149920988400151199425774489542704199431505804979295925743118109209408928840889155189363702325947894822522355272181969736041745449120996710907450523018290893339193321310545175888189938302529487695348000000000000e-02
9.000000000000000000000000000000000000000000000000000000000000000000000000000000000000000000000000000000000000000000000000000000000000000000000000000000000000000000000000000000000000000000000000000000000000000000000000000000000000000000000000000000000000000000000000000000000000000000000000000000000000e+01 3.102844101378923112080275053528255751487405571388770433029604999756231107789987947951843021323877941646799013674713918668010260355581333249494692333588291007443658444050282594073459806566840774385571830427785804106216601122295697489739656905605880888514937212629373300149542517836195038557100000000000e-01
2.700000000000000000000000000000000000000000000000000000000000000000000000000000000000000000000000000000000000000000000000000000000000000000000000000000000000000000000000000000000000000000000000000000000000000000000000000000000000000000000000000000000000000000000000000000000000000000000000000000000000e+02 7.603806771214160551312803718563698608538350954400570141231885178236397581352666631578495573998617011147776195375817186740618923108022122128096070313540461875518821340145117530820253883091915999040992862229281359420102845662831005785819625333416901952531642962004081110820075530772279747940800000000000e-01
8.100000000000000000000000000000000000000000000000000000000000000000000000000000000000000000000000000000000000000000000000000000000000000000000000000000000000000000000000000000000000000000000000000000000000000000000000000000000000000000000000000000000000000000000000000000000000000000000000000000000000e+02 5.502532822264132498598756585278188647612751341083271765636160920531906393102651720267553393469856092952220786862597316941853778426633369265914999219547156897912112927130539396358197238238479359938197295576178451565750337985601702967294424225734550938063062405343415589430198442122259253990500000000000e-01
2.430000000000000000000000000000000000000000000000000000000000000000000000000000000000000000000000000000000000000000000000000000000000000000000000000000000000000000000000000000000000000000000000000000000000000000000000000000000000000000000000000000000000000000000000000000000000000000000000000000000000e+03 7.748949555026656309557004911381911710302794765333170274166898171359539881824048165435776577481937119160146394321267732846061808555069294524603696208701343894058743316864745420707575062057869648631882917364941384396757135814906775803702389607006088741709557111321240203760389356412230311874800000000000e-01
7.290000000000000000000000000000000000000000000000000000000000000000000000000000000000000000000000000000000000000000000000000000000000000000000000000000000000000000000000000000000000000000000000000000000000000000000000000000000000000000000000000000000000000000000000000000000000000000000000000000000000e+03 1.222296442100657309257118057700349582093653204990131570202624038024991428678916873290870235386313982202285140030098283313227029859860577897119306777933521408984263241686696462348057478334671070525273202532060023492415613276080530074233088886907004238821942975273724408657586517551233950649100000000000e+00
2.187000000000000000000000000000000000000000000000000000000000000000000000000000000000000000000000000000000000000000000000000000000000000000000000000000000000000000000000000000000000000000000000000000000000000000000000000000000000000000000000000000000000000000000000000000000000000000000000000000000000e+04 1.314267340950456788601298690810869296410015307622079385497055209973649459614966485501248935218248075044575963079160329300730401429249735528479696064138207452157313380562939541093321433764059855324971092094940813325638164712324785262471040284280284738959791201381558051022561496316069496129000000000000e+00
6.561000000000000000000000000000000000000000000000000000000000000000000000000000000000000000000000000000000000000000000000000000000000000000000000000000000000000000000000000000000000000000000000000000000000000000000000000000000000000000000000000000000000000000000000000000000000000000000000000000000000e+04 1.456669838431517281643470493062467772905511268901151963514174716706302065070038759453495305568094887686614076066917541566540181686641552155300113227830038330153199754848215426565001587874121216220913178772956587024859382924379127576151987606106053877694844509345276286841559727699941716707800000000000e+00
1.968300000000000000000000000000000000000000000000000000000000000000000000000000000000000000000000000000000000000000000000000000000000000000000000000000000000000000000000000000000000000000000000000000000000000000000000000000000000000000000000000000000000000000000000000000000000000000000000000000000000e+05 9.622987375984105571853844191299946315748758064137733306788021552312248930669849417261256940067522898817333543242860490720799826116515987171497722835408784057580439426671799929139661037479745520496580670153822508095989347683874068014320328635586560273591156501048530645038098957652733808880100000000000e-01
5.904900000000000000000000000000000000000000000000000000000000000000000000000000000000000000000000000000000000000000000000000000000000000000000000000000000000000000000000000000000000000000000000000000000000000000000000000000000000000000000000000000000000000000000000000000000000000000000000000000000000e+05 1.647424523006088093940617064435435485393109035322829888016606721545728336373135304182612567140671991872420068113789240938293303719343856635175552995730405277535472415934757404478453960593173543034483150521418101951663418343323298463762088036946890986434625106620112279900747533482071738476000000000000e+00
1.771470000000000000000000000000000000000000000000000000000000000000000000000000000000000000000000000000000000000000000000000000000000000000000000000000000000000000000000000000000000000000000000000000000000000000000000000000000000000000000000000000000000000000000000000000000000000000000000000000000000e+06 3.347169725155334010547289534254224790192225880010805925540322973407351720565143012792833555741968228213329386125983038751786767379757307191696694185562441835478398233513344566561940599828290752609505518387264075131752827322528039574806935196759833171407527978222248311488585001030430859002400000000000e+00
5.314410000000000000000000000000000000000000000000000000000000000000000000000000000000000000000000000000000000000000000000000000000000000000000000000000000000000000000000000000000000000000000000000000000000000000000000000000000000000000000000000000000000000000000000000000000000000000000000000000000000e+06 1.275410659948627567839089393905833262116093592603300268477960301272310028953311854291789875309314562766662456517489901777589947241669911449253245850575937552156821802223819866817204110090308735859238598478299107195837328132366721533647586939285699259881062645519691523967390605741564233462400000000000e+00
1.594323000000000000000000000000000000000000000000000000000000000000000000000000000000000000000000000000000000000000000000000000000000000000000000000000000000000000000000000000000000000000000000000000000000000000000000000000000000000000000000000000000000000000000000000000000000000000000000000000000000e+07 4.477706067586401118146371230663023597649268795495649837883962886017780990016703301383676867922932950024942808754552346095296004748381646140746640988954188004734163841638799258532866488282289161181168280864123151982355699208874681668148455425854485807079699855608097867471156795094114428748700000000000e+00
4.782969000000000000000000000000000000000000000000000000000000000000000000000000000000000000000000000000000000000000000000000000000000000000000000000000000000000000000000000000000000000000000000000000000000000000000000000000000000000000000000000000000000000000000000000000000000000000000000000000000000e+07 2.325511995287111339708681377571500296996817716858775385182046422618955712154851268432811489543758509022092940676808181639200146263910336645321121370920539320734449056872403478751113126084879546566672951245761392737771816556820764541779577092178293911673248163424520045838212541186418850209900000000000e+00
1.434890700000000000000000000000000000000000000000000000000000000000000000000000000000000000000000000000000000000000000000000000000000000000000000000000000000000000000000000000000000000000000000000000000000000000000000000000000000000000000000000000000000000000000000000000000000000000000000000000000000e+08 2.161317901949773135066792049392762413150159605355543749681582931761839846888005928208329082047628087231402906087761177204575554373375102131762664535577831112365037198129100495714022666288363974607389861193081649803689178325892770481340156848843355680850796662650084881767144347867811044680400000000000e+00
4.304672100000000000000000000000000000000000000000000000000000000000000000000000000000000000000000000000000000000000000000000000000000000000000000000000000000000000000000000000000000000000000000000000000000000000000000000000000000000000000000000000000000000000000000000000000000000000000000000000000000e+08 5.413571451421336638582624620340449446518130513134983572619925445901915539832083200232897202894835544651485525931861086929162941568326903431332871444807266842092574552125046171844299739422249714111160016390113094412860132310564188524118028170442397905805006714104630380006127130129644179500800000000000e+00
1.291401630000000000000000000000000000000000000000000000000000000000000000000000000000000000000000000000000000000000000000000000000000000000000000000000000000000000000000000000000000000000000000000000000000000000000000000000000000000000000000000000000000000000000000000000000000000000000000000000000000e+09 1.324089026948915722423890233717571178683494528366915768696114391409322740498895528368236877056934150888596562458041191844336192240911528909231781971028909931486467113991166575678462780609990573108678709456384591001081573976570678628263787633209691673895163399504389115520002500120414677351500000000000e+00
3.874204890000000000000000000000000000000000000000000000000000000000000000000000000000000000000000000000000000000000000000000000000000000000000000000000000000000000000000000000000000000000000000000000000000000000000000000000000000000000000000000000000000000000000000000000000000000000000000000000000000e+09 6.559419657438019474805955969698505040666228658226298255889959613635794700185321970075973592350144877394883289468618258186187876695827519645865233929882899240543879140504798577287901258976896490548893992504949907121189359698877143456080038152931803170496234617275933172015740881916094589441000000000000e-01
1.162261467000000000000000000000000000000000000000000000000000000000000000000000000000000000000000000000000000000000000000000000000000000000000000000000000000000000000000000000000000000000000000000000000000000000000000000000000000000000000000000000000000000000000000000000000000000000000000000000000000e+10 1.205069191253157424373426763056216871326630556802128679456659885768139488816452681066322404425496407665565050149509001628146844430360091339525116450902681079630913146054469028833955878988611923458051300289410235145952257128407545508569354157012100866732414420160420281370930695697280109025900000000000e+00
3.486784401000000000000000000000000000000000000000000000000000000000000000000000000000000000000000000000000000000000000000000000000000000000000000000000000000000000000000000000000000000000000000000000000000000000000000000000000000000000000000000000000000000000000000000000000000000000000000000000000000e+10 1.093506388306730857190020355889397134086209545693504679475501252240730399866825290356819728657939207930783992327542468442482996174297966635934067626349751479591931673250145855891846490815001262938949772253558077285257886866301278493200106057762548900620666157399438384478607419772693578527900000000000e+00
1.046035320300000000000000000000000000000000000000000000000000000000000000000000000000000000000000000000000000000000000000000000000000000000000000000000000000000000000000000000000000000000000000000000000000000000000000000000000000000000000000000000000000000000000000000000000000000000000000000000000000e+11 1.247902906693622356550934937162952515343128833006618717134085343692313957131369713509884282099857145596294349802958530866654270311021768552109654532577468176608808675655492213526459375326876254943538539629692430532512439295998764444831723794729968627461597142144542480625739377756551341533300000000000e+00
3.138105960900000000000000000000000000000000000000000000000000000000000000000000000000000000000000000000000000000000000000000000000000000000000000000000000000000000000000000000000000000000000000000000000000000000000000000000000000000000000000000000000000000000000000000000000000000000000000000000000000e+11 1.668073536681669251869187647336120525788178338125662630931976337743668655438192004168431366968917631824562936258489377215045654607254709588779610360959844775697426156976868795723527036136270614460314743268576536715079736269487438337444444103956886007791036201759443996120155372866207284317800000000000e+00
9.414317882700000000000000000000000000000000000000000000000000000000000000000000000000000000000000000000000000000000000000000000000000000000000000000000000000000000000000000000000000000000000000000000000000000000000000000000000000000000000000000000000000000000000000000000000000000000000000000000000000e+11 1.548132654886246906530734725639131291871399581890278288724498932020252233263986738574668649906532667547559534015466609963222436305177506880613491248877269240377914654597132865033399190868000505491816257385699330439706628980346351022867993315990040515455270724805462077869323966728638151873600000000000e+00
2.824295364810000000000000000000000000000000000000000000000000000000000000000000000000000000000000000000000000000000000000000000000000000000000000000000000000000000000000000000000000000000000000000000000000000000000000000000000000000000000000000000000000000000000000000000000000000000000000000000000000e+12 3.096679620723149169108532467966764750689404717493982221875949633376736805146932991387781241066414195029545180724578246455315264353584037445905209222143480556039262414560759549217418394105852520867534184128810119292822915451632766287242339337036515546528536760198899724679841777501411226700700000000000e+00
8.472886094430000000000000000000000000000000000000000000000000000000000000000000000000000000000000000000000000000000000000000000000000000000000000000000000000000000000000000000000000000000000000000000000000000000000000000000000000000000000000000000000000000000000000000000000000000000000000000000000000e+12 1.237660078661890168723070738130716591896185399228690359346328716051377822346333059093299119103586734186293079470111540221853382085647211323992949334869809854184946938849201568229048160266803960395392891036921223887845645392948683328803014851104347010735798782893325320798887034544148250964700000000000e+00
2.541865828329000000000000000000000000000000000000000000000000000000000000000000000000000000000000000000000000000000000000000000000000000000000000000000000000000000000000000000000000000000000000000000000000000000000000000000000000000000000000000000000000000000000000000000000000000000000000000000000000e+13 1.764263198570188722450313297685587624042615599259800620143539348331402982398739020869564896549678527290420135334325461700845585271170745216701987484283533294474472085053438929088611785999891677342462966356306208117581999894935139386423321200850395335351587154545922374304486867887500101871900000000000e+00
7.625597484987000000000000000000000000000000000000000000000000000000000000000000000000000000000000000000000000000000000000000000000000000000000000000000000000000000000000000000000000000000000000000000000000000000000000000000000000000000000000000000000000000000000000000000000000000000000000000000000000e+13 1.187148680080562876351271481260982890197018696277476318919112185038852064548369304162325286170250778090837451169307898906036161685580324299291052731137909497413907647894353922842009008795588144174149864314695387301704762409141148105816663469130648348314815585481247744721541830120048053342400000000000e+00
2.287679245496100000000000000000000000000000000000000000000000000000000000000000000000000000000000000000000000000000000000000000000000000000000000000000000000000000000000000000000000000000000000000000000000000000000000000000000000000000000000000000000000000000000000000000000000000000000000000000000000e+14 2.549577259366510984333403032081777519873807046079770472022414353368970353630295698310051088006437779457214109356820509016384550217287454374870791881674982922249720654039855431911228407848306929588162340883016404098671640177117936053059048733270836521912011907541922937129716409643610373295400000000000e+00
6.863037736488300000000000000000000000000000000000000000000000000000000000000000000000000000000000000000000000000000000000000000000000000000000000000000000000000000000000000000000000000000000000000000000000000000000000000000000000000000000000000000000000000000000000000000000000000000000000000000000000e+14 5.703341832635617043529348576514339740194368701589468008401357145254360815101473266759676825023078976493201402614262788430898524907571431529128161222107257293475464902339694990347282654523682417489936596406706721286636590863792292952637829417604082413169593774387916874684564762364052056872100000000000e+00
2.058911320946490000000000000000000000000000000000000000000000000000000000000000000000000000000000000000000000000000000000000000000000000000000000000000000000000000000000000000000000000000000000000000000000000000000000000000000000000000000000000000000000000000000000000000000000000000000000000000000000e+15 5.115000776649348729905712723012690815600505181214032617039690482770772911258129570345776510217069855854639612299266388260522383042158530430766334169135295619574106413251696357216216100670550774245072880299399778497576363190422935022546569749041065053140488632052924187136599343104802812997400000000000e+00
6.176733962839470000000000000000000000000000000000000000000000000000000000000000000000000000000000000000000000000000000000000000000000000000000000000000000000000000000000000000000000000000000000000000000000000000000000000000000000000000000000000000000000000000000000000000000000000000000000000000000000e+15 4.300191438915740586360919073376229036247753548730482243314854425121268587023386270428742695496939252092414280154306933975839570628174944037670898005761541808629804450226846857259698743086635568447230611997670505244121088280983515137387420723717563777535912418713423385027184980924173170231200000000000e+00
