1.000000000000000000000000000000000000000000000000000000000000000000000000000000000000000000000000000000000000000000000000000000000000000000000000000000000000000000000000000000000000000000000000000000000000000000000000000000000000000000000000000000000000000000000000000000000000000000000000000000000000e+01 5.403219093546706381664641721920781261354210236602621714509138873189550603961142239682489658240085708180216110987789803153200206737272284548198511894368845152965987482275887867578416493780507504390038967874357661966551439536095485679800070076129048839476637357633321819836434372528908443192200000000000e-07
3.000000000000000000000000000000000000000000000000000000000000000000000000000000000000000000000000000000000000000000000000000000000000000000000000000000000000000000000000000000000000000000000000000000000000000000000000000000000000000000000000000000000000000000000000000000000000000000000000000000000000e+01 1.687390725576187813165071969272130969840338250495492269657231429545756282416435725734733201836904527674130458164394374797056615820246445434286230015114683264816846733261004213826233469747358228071695705628599950574829224542805344337592891610595287696449840974895637382538697604043232302286700000000000e-06
9.000000000000000000000000000000000000000000000000000000000000000000000000000000000000000000000000000000000000000000000000000000000000000000000000000000000000000000000000000000000000000000000000000000000000000000000000000000000000000000000000000000000000000000000000000000000000000000000000000000000000e+01 1.460372989513307800069370852381502317990945963434405881468634867371435879335630896941741274945793887312147577598613892752845530647553762312924356798359236260818784089179482483288051345237623703334794257119055505366133604535781412694005645533379296705132868284641478243925052439564387203835600000000000e-05
2.700000000000000000000000000000000000000000000000000000000000000000000000000000000000000000000000000000000000000000000000000000000000000000000000000000000000000000000000000000000000000000000000000000000000000000000000000000000000000000000000000000000000000000000000000000000000000000000000000000000000e+02 4.320819690953366491915836411603078335314919755562961816021849516913217885948784248148895752093975319338555097481714830211216516086579335538444401189244352207395419427171719514598434895171845375208242634871398755108662647611687811463933009116989358209249161673177081355341102131313223709268300000000000e-04
8.100000000000000000000000000000000000000000000000000000000000000000000000000000000000000000000000000000000000000000000000000000000000000000000000000000000000000000000000000000000000000000000000000000000000000000000000000000000000000000000000000000000000000000000000000000000000000000000000000000000000e+02 2.187634924964356106090281438443269041469445289110637484217338558881345322199357180755283438147717742226501291048212114037257646741555448696045774611677867407451772881451888498544259555043360561509283641907739073745271334484316039136592231735577277844622942386231265970864227210325497560017600000000000e-03
2.430000000000000000000000000000000000000000000000000000000000000000000000000000000000000000000000000000000000000000000000000000000000000000000000000000000000000000000000000000000000000000000000000000000000000000000000000000000000000000000000000000000000000000000000000000000000000000000000000000000000e+03 4.303982790477556890578619737804677515608193249094942317508725545508672048177096520326321491847390463458234419637726941737722701649135128569199622543328352366861815326070370949125088604504128813851056888072438669369755884676320731717760726864401588692718160708343779108268522331419562723404200000000000e-03
7.290000000000000000000000000000000000000000000000000000000000000000000000000000000000000000000000000000000000000000000000000000000000000000000000000000000000000000000000000000000000000000000000000000000000000000000000000000000000000000000000000000000000000000000000000000000000000000000000000000000000e+03 3.794509348542407771293612502233586922503277238630324043385269302652738110038762514905360929955206259722319878990629403114031410808599297654597678945547332734375768669712103978242453343832638860562997659718861447782684987836947595658393673951538112990247014884360748948221554885491246746799000000000000e-02
2.187000000000000000000000000000000000000000000000000000000000000000000000000000000000000000000000000000000000000000000000000000000000000000000000000000000000000000000000000000000000000000000000000000000000000000000000000000000000000000000000000000000000000000000000000000000000000000000000000000000000e+04 8.827247559449054622874120037593282125285463891983323753726274599266408293050520236164587050340409852783738081785837815039414703672256907513162584086778834254223464680955576664046691972515009561568541628459810933083737033952344280405549401911401836777117179013787367180050449298705047840687600000000000e-01
6.561000000000000000000000000000000000000000000000000000000000000000000000000000000000000000000000000000000000000000000000000000000000000000000000000000000000000000000000000000000000000000000000000000000000000000000000000000000000000000000000000000000000000000000000000000000000000000000000000000000000e+04 1.445763286477399911702394687628535480800476711021077373863739738140155183356914719302533552948227062825514307809096224284068132372523775777143784377320233382708521419253680449416974892066802895635391151482734612187278412591876579520925958044248731105837525797886780236343154961899585579326300000000000e+00
1.968300000000000000000000000000000000000000000000000000000000000000000000000000000000000000000000000000000000000000000000000000000000000000000000000000000000000000000000000000000000000000000000000000000000000000000000000000000000000000000000000000000000000000000000000000000000000000000000000000000000e+05 2.264665947733289499935279005407681041777534923428603228759703336664653982524135883694843932658903200185880917074197534890733209142169427976446042272849035259996077799476223454407205417224456459256006348863805593725476859171653546595510085748097370284569098554973982475141248927010030259474600000000000e+00
5.904900000000000000000000000000000000000000000000000000000000000000000000000000000000000000000000000000000000000000000000000000000000000000000000000000000000000000000000000000000000000000000000000000000000000000000000000000000000000000000000000000000000000000000000000000000000000000000000000000000000e+05 2.565537087020767819726596410067730438530917848691207597848025100763392254450341981343881087960099641214238209150280653671258698673801628063917682992540699256877570492090222789566605035232318115375655461420843826709881961690731647616680987934662911542570701748173261115507684991259547045676500000000000e+00
1.771470000000000000000000000000000000000000000000000000000000000000000000000000000000000000000000000000000000000000000000000000000000000000000000000000000000000000000000000000000000000000000000000000000000000000000000000000000000000000000000000000000000000000000000000000000000000000000000000000000000e+06 3.087650974932741469668351069601343479938069725330104414491295465649395644974961264593359214007937545768570522837851409701038210125590949043346095773132547491809518597295757465114487417571932249192659448549417893104365520375717877147415986502174809093915697478905096768243293682216205050040900000000000e+00
5.314410000000000000000000000000000000000000000000000000000000000000000000000000000000000000000000000000000000000000000000000000000000000000000000000000000000000000000000000000000000000000000000000000000000000000000000000000000000000000000000000000000000000000000000000000000000000000000000000000000000e+06 3.605910064055928049700562115465446931008505590854217719289644524923826188979048089894905500846671737382476141914029096455804076266722416508374774897110199187443614680125605928845989307727886373551223978429768743562568318040297555896363519495411616302676769087149912165545349671598133026067600000000000e+00
1.594323000000000000000000000000000000000000000000000000000000000000000000000000000000000000000000000000000000000000000000000000000000000000000000000000000000000000000000000000000000000000000000000000000000000000000000000000000000000000000000000000000000000000000000000000000000000000000000000000000000e+07 3.367607833898145257933347365142292780800985360651671101387360598682478044391138608847343917510609777552377745957527137656978668895971669597027112845641470915168590792368405096757512218791851419575922090429756433799084301073301489819991096117282015692142304295663179983758945115565994467304200000000000e+00
4.782969000000000000000000000000000000000000000000000000000000000000000000000000000000000000000000000000000000000000000000000000000000000000000000000000000000000000000000000000000000000000000000000000000000000000000000000000000000000000000000000000000000000000000000000000000000000000000000000000000000e+07 4.461410615226046322970944562384816108488269564847144475586404711293072458072246099907724632227134675422550595837930455879130053290551794496968028774254305711131905301597707280017522109438144417589415661543224019476146765095073911366287598014241422252970874907560981808445133367637283147144800000000000e+00
1.434890700000000000000000000000000000000000000000000000000000000000000000000000000000000000000000000000000000000000000000000000000000000000000000000000000000000000000000000000000000000000000000000000000000000000000000000000000000000000000000000000000000000000000000000000000000000000000000000000000000e+08 4.499356959777206861095896557825869985214045409640977122991257271898872596851618900645515206337799961105480106102186456734062678865788434647525575307017569983785425160720266102731472090109349472773481604471482768464783875621287892357811356482862004828261682135153102377891543522323483788549900000000000e+00
4.304672100000000000000000000000000000000000000000000000000000000000000000000000000000000000000000000000000000000000000000000000000000000000000000000000000000000000000000000000000000000000000000000000000000000000000000000000000000000000000000000000000000000000000000000000000000000000000000000000000000e+08 4.670550105288110276605661450515189965213815075382990919075582045231185610109367392920375852678929604696342055451294672240946896859604848555221335409036844990958788830976045984874577513657751277654967206229292752458487859049034654711173485282830297479852309917309398976187479091501789045791400000000000e+00
1.291401630000000000000000000000000000000000000000000000000000000000000000000000000000000000000000000000000000000000000000000000000000000000000000000000000000000000000000000000000000000000000000000000000000000000000000000000000000000000000000000000000000000000000000000000000000000000000000000000000000e+09 5.246628396681875413448884384033239470878256878915142704779618204469801118185131791297246125215133027271829204895591459635017685369537141656884352553246596854684719392712528909819563639159472951481338665993977041131611804563084554289842937621850486777720862752475943423174972770232099169295200000000000e+00
3.874204890000000000000000000000000000000000000000000000000000000000000000000000000000000000000000000000000000000000000000000000000000000000000000000000000000000000000000000000000000000000000000000000000000000000000000000000000000000000000000000000000000000000000000000000000000000000000000000000000000e+09 5.447525763792833199260317556393298301521134745261225112623464913201881159258293338537644365117934908877196333474353040922026671742471100620269242239294124021060109695379817902580925312891878532816253755441983178793165272296186307826096768353501928288144441733738235707850031462819451049342400000000000e+00
1.162261467000000000000000000000000000000000000000000000000000000000000000000000000000000000000000000000000000000000000000000000000000000000000000000000000000000000000000000000000000000000000000000000000000000000000000000000000000000000000000000000000000000000000000000000000000000000000000000000000000e+10 5.463740307339471716566244138036083132423266964186307336190583672267010563986085433974210181255603962161957856644147033371700443861296450068381330686924078400401858953663536348899264461822214722532284397005849882244328492925692235443639397473215383936676287150184753222572221885635618071409800000000000e+00
3.486784401000000000000000000000000000000000000000000000000000000000000000000000000000000000000000000000000000000000000000000000000000000000000000000000000000000000000000000000000000000000000000000000000000000000000000000000000000000000000000000000000000000000000000000000000000000000000000000000000000e+10 6.011335355635924974418247067093675531336993981696527255221080248820641307078363701576775457602090749854697657141351326821604761743279139555538963204536515331145848635340044942907711130964060755869506338797543704914984750062746653227636910396760604135911417465953247545447017684757260113474700000000000e+00
1.046035320300000000000000000000000000000000000000000000000000000000000000000000000000000000000000000000000000000000000000000000000000000000000000000000000000000000000000000000000000000000000000000000000000000000000000000000000000000000000000000000000000000000000000000000000000000000000000000000000000e+11 6.343512961397528687225516925398698922364249608522990151638285154124266571848432114429702710416630224997792482195908685660109884146457968468500330679974621526425596140396260743255265053313461303391476635579829470488133065389915215618112851459685996196425512066149456324466417260766428256339400000000000e+00
3.138105960900000000000000000000000000000000000000000000000000000000000000000000000000000000000000000000000000000000000000000000000000000000000000000000000000000000000000000000000000000000000000000000000000000000000000000000000000000000000000000000000000000000000000000000000000000000000000000000000000e+11 5.933129543249597657581736082800869477893164627872004721554379908622230220215121444161190854838232808058807034489505248904591325723057444132171767288371718584248423022984696334911149141808850244522666112820330915298503657822287987457279246641021603775936452808990700941228459279821864475105200000000000e+00
9.414317882700000000000000000000000000000000000000000000000000000000000000000000000000000000000000000000000000000000000000000000000000000000000000000000000000000000000000000000000000000000000000000000000000000000000000000000000000000000000000000000000000000000000000000000000000000000000000000000000000e+11 6.478094889565476042826733416452025597824041282755632979872479222747452355653244686020013309637512775378649153716934849212772257608992499824540486264467987944997570178470349252517444261470642245470704333052278411082124960503536079053146469928458665658457575365142305440623338317302017081978500000000000e+00
2.824295364810000000000000000000000000000000000000000000000000000000000000000000000000000000000000000000000000000000000000000000000000000000000000000000000000000000000000000000000000000000000000000000000000000000000000000000000000000000000000000000000000000000000000000000000000000000000000000000000000e+12 6.479997729543921418920088163938225287790305855899518234806532232364615603556561794945145021487239748149591565514991140577988669626232894045551913585469567717321119646171919200729320395956753457714942207312551033192288441421558575737016387578728821007826947148652131977083599478348739030852200000000000e+00
8.472886094430000000000000000000000000000000000000000000000000000000000000000000000000000000000000000000000000000000000000000000000000000000000000000000000000000000000000000000000000000000000000000000000000000000000000000000000000000000000000000000000000000000000000000000000000000000000000000000000000e+12 6.464949220228565704067502696356333376494628236841203941772205894723167243484724558903496482966428814687901230174746716751944015107050079770749682220082648574903180202984259524897135103133302145176471291932930276475402257074400301086554882035982571099584358456412179601104374929895090379073800000000000e+00
2.541865828329000000000000000000000000000000000000000000000000000000000000000000000000000000000000000000000000000000000000000000000000000000000000000000000000000000000000000000000000000000000000000000000000000000000000000000000000000000000000000000000000000000000000000000000000000000000000000000000000e+13 6.483741623643610861345119770019618374577389974148663927008908096042012044129149238412828831004046319263396681047209473123549582874880099047283818263368878264139213497494142490927378470786378108568185893994436044297457108198913046563974399073715031523296812569789952714683513127194982207634400000000000e+00
7.625597484987000000000000000000000000000000000000000000000000000000000000000000000000000000000000000000000000000000000000000000000000000000000000000000000000000000000000000000000000000000000000000000000000000000000000000000000000000000000000000000000000000000000000000000000000000000000000000000000000e+13 6.492012871193845772472670531446824491167140632662630681765175468506626829071554749214915016755319727993291877150758872161791479921870094144874948956311929818224174387116671546016868564073305175887130923082960002129687392353420313935305450991468955005830751795815154115807664537445035675529600000000000e+00
2.287679245496100000000000000000000000000000000000000000000000000000000000000000000000000000000000000000000000000000000000000000000000000000000000000000000000000000000000000000000000000000000000000000000000000000000000000000000000000000000000000000000000000000000000000000000000000000000000000000000000e+14 6.565177563352105838753504679630366197102357477867236175801970932148900657664736464876155850853127095434809490297454064409937999023826650789316241605197022195403329472310326014584378467121056854547224919930097090280165707372608625332699949180679065999054554390786019771532337429033470409453400000000000e+00
6.863037736488300000000000000000000000000000000000000000000000000000000000000000000000000000000000000000000000000000000000000000000000000000000000000000000000000000000000000000000000000000000000000000000000000000000000000000000000000000000000000000000000000000000000000000000000000000000000000000000000e+14 6.500687624620654296995083759377899516295858537724336359151263606450274653879867876124430645474296568902140601577836280022374578611484139270098925261879687044419049840542912627409172652915510780408690619551674848405349524473189202973309522651611449885296202810832960525501761540884168759418600000000000e+00
2.058911320946490000000000000000000000000000000000000000000000000000000000000000000000000000000000000000000000000000000000000000000000000000000000000000000000000000000000000000000000000000000000000000000000000000000000000000000000000000000000000000000000000000000000000000000000000000000000000000000000e+15 6.925863455134912745274157347429138231635445378012033547122748974465727407886870798123987873840584613922131481491821718140537289461959956458680715722986802862263288139787852643907767554140835149425337160317809607273506708520147677343874873968195051259269054291210535217506187011777929407853300000000000e+00
6.176733962839470000000000000000000000000000000000000000000000000000000000000000000000000000000000000000000000000000000000000000000000000000000000000000000000000000000000000000000000000000000000000000000000000000000000000000000000000000000000000000000000000000000000000000000000000000000000000000000000e+15 7.381390089009007999986321637969333429316697613810315704747718816771856564839112906496816063626676058359942337678561915588268041716797374074350096583883877588484205830872396263073914465319025060513001025147963607434453307815334830690281257216700299180683566762348537597309098710513278835405100000000000e+00
