1.000000000000000000000000000000000000000000000000000000000000000000000000000000000000000000000000000000000000000000000000000000000000000000000000000000000000000000000000000000000000000000000000000000000000000000000000000000000000000000000000000000000000000000000000000000000000000000000000000000000000e+01 1.792166154187111182111452963173803909686801280613450911188233797980041656293801713021349307076740334944348020947566456748409013882642428917395958603826132405413671532789042069336693995123973960408119315398060625594226157852044985263456075821788154827785445009630423978715150551202150789419600000000000e-06
3.000000000000000000000000000000000000000000000000000000000000000000000000000000000000000000000000000000000000000000000000000000000000000000000000000000000000000000000000000000000000000000000000000000000000000000000000000000000000000000000000000000000000000000000000000000000000000000000000000000000000e+01 1.571743933378364402543832760922239563214885164054809183437714892523738407034343102783527038621399865215980062897738379868934811353722050092085785380308100947463547651279508855679181473654893460850735258610946136580626337785581168039201321142568232394551221610128824213243459007574584351376000000000000e-05
9.000000000000000000000000000000000000000000000000000000000000000000000000000000000000000000000000000000000000000000000000000000000000000000000000000000000000000000000000000000000000000000000000000000000000000000000000000000000000000000000000000000000000000000000000000000000000000000000000000000000000e+01 7.771542256801138792481365842819765125598968806521962047021196272734034201220663867874154280178216550323498006897752845358189987527523813830882006837456656802759536205147844402170547254945909615667585306529929435085463806642249405892631948957746358332061737894818277079119313089732030646186500000000000e-05
2.700000000000000000000000000000000000000000000000000000000000000000000000000000000000000000000000000000000000000000000000000000000000000000000000000000000000000000000000000000000000000000000000000000000000000000000000000000000000000000000000000000000000000000000000000000000000000000000000000000000000e+02 7.951211336892197843267563609533815838450298454981460273414142481175167702677806973315600907627982689732721793604771165673768681594283298897097029178950746613902957301481416759113852044517194408486098725541174969136852409439441667432987500545116715678268415290477791286270082290682793614460900000000000e-04
8.100000000000000000000000000000000000000000000000000000000000000000000000000000000000000000000000000000000000000000000000000000000000000000000000000000000000000000000000000000000000000000000000000000000000000000000000000000000000000000000000000000000000000000000000000000000000000000000000000000000000e+02 2.252063453795584323066207345722762639853467955628649058804299288287681820183747900241076219513331332300720159434487598904513887126274857312998019897790504474484778586839095804336353108669511922810034684560454409232935037394855498850575085937639188068551250080864489433133963401059150497963000000000000e-03
2.430000000000000000000000000000000000000000000000000000000000000000000000000000000000000000000000000000000000000000000000000000000000000000000000000000000000000000000000000000000000000000000000000000000000000000000000000000000000000000000000000000000000000000000000000000000000000000000000000000000000e+03 1.113220711750773565479646882319677873709665031994627707302615791608918522240299558649636892428479078939662563955393122479851983210918457219621571126917708274790999667857716634965322576231596910319975550375851351231713856704238229013260929334611217912218537367655277817538068304916639290833800000000000e-02
7.290000000000000000000000000000000000000000000000000000000000000000000000000000000000000000000000000000000000000000000000000000000000000000000000000000000000000000000000000000000000000000000000000000000000000000000000000000000000000000000000000000000000000000000000000000000000000000000000000000000000e+03 7.015882128285556520240408558944810287833871493150012273951447752542599277903755469762094709767406105593630893461348587055687034887239284508822500326875862137719599927625121973583837977967219048072689500110067377942993607037207882572438760471021676321522366859220877389204670249164477723644700000000000e-01
2.187000000000000000000000000000000000000000000000000000000000000000000000000000000000000000000000000000000000000000000000000000000000000000000000000000000000000000000000000000000000000000000000000000000000000000000000000000000000000000000000000000000000000000000000000000000000000000000000000000000000e+04 3.354555505831183634155587492991597337896441235339536132291200720309911774377457082181331477201331184063751232441852606987769386816878856313292436943122531562993672458980574177876823145664304940239707043388288193093096778474135961044676427069236658823957050182661648182416100352740692595758100000000000e-01
6.561000000000000000000000000000000000000000000000000000000000000000000000000000000000000000000000000000000000000000000000000000000000000000000000000000000000000000000000000000000000000000000000000000000000000000000000000000000000000000000000000000000000000000000000000000000000000000000000000000000000e+04 2.254331721047632128050385663506371991119274593400703643334162927801934067210476631897711976870298517634511655460594061190230434513597313618920163136357419674808981594964196283344462866400834623128363364978414691957636847525809773270376575846265333956332778213351150234406373961845319881978700000000000e+00
1.968300000000000000000000000000000000000000000000000000000000000000000000000000000000000000000000000000000000000000000000000000000000000000000000000000000000000000000000000000000000000000000000000000000000000000000000000000000000000000000000000000000000000000000000000000000000000000000000000000000000e+05 2.454576627566722102996599391089568714463331166719342255893366897077238266343301963869655923511348448329835545374309189389777773902881014521888547347767879154786289404537127403475078169505148970920653598863164907875814122485622948259238705057405212991456705078033716993008080112621896663380200000000000e+00
5.904900000000000000000000000000000000000000000000000000000000000000000000000000000000000000000000000000000000000000000000000000000000000000000000000000000000000000000000000000000000000000000000000000000000000000000000000000000000000000000000000000000000000000000000000000000000000000000000000000000000e+05 3.285738603211955689740118930419412712149129386997839523731236526891179830270143469163713498912462246359815580001647526973534844617479473173344602544020713236054604733774544312815933855822009112155527272121901078766219036162400928798303164577477324434849795232727355186291256664916045451014500000000000e+00
1.771470000000000000000000000000000000000000000000000000000000000000000000000000000000000000000000000000000000000000000000000000000000000000000000000000000000000000000000000000000000000000000000000000000000000000000000000000000000000000000000000000000000000000000000000000000000000000000000000000000000e+06 3.855637281560281881942639984635432283342105868948304210732217270865753938503073430859297500673911957674133765782132553545311960241897919183014250054569440058485792419319145002030034775846218582519860282956062625826293894642380388855157464194412289683986372528113238788401389253047394806971300000000000e+00
5.314410000000000000000000000000000000000000000000000000000000000000000000000000000000000000000000000000000000000000000000000000000000000000000000000000000000000000000000000000000000000000000000000000000000000000000000000000000000000000000000000000000000000000000000000000000000000000000000000000000000e+06 3.745222080306062671901110902982823353215879181803809387009820388506193789727831612300536366760353721833644180131299884667904876084212355990225709114686186517444489143705271144740439661719571684507488754381701298298104196562719879789762800758273971776867751935501459593666083545058736474107200000000000e+00
1.594323000000000000000000000000000000000000000000000000000000000000000000000000000000000000000000000000000000000000000000000000000000000000000000000000000000000000000000000000000000000000000000000000000000000000000000000000000000000000000000000000000000000000000000000000000000000000000000000000000000e+07 4.508184006501649536589701227838420088040695451273739083740150159096771584724290422067602846807108498610927035337363060605561698807418882258687422373900645747598898008277023870796892841986645298890138541591947314880695294969297360751150558258546745219725582698709136443378624396273798518855100000000000e+00
4.782969000000000000000000000000000000000000000000000000000000000000000000000000000000000000000000000000000000000000000000000000000000000000000000000000000000000000000000000000000000000000000000000000000000000000000000000000000000000000000000000000000000000000000000000000000000000000000000000000000000e+07 4.519358008654337166588038112448639885904950405590139086576900656197054761082988441778583729714004379075568189067867549749696603184180798343962576841126915132995870713126918049051219163747798133711392606049072928498710938177045566771570181317652417625895675025595786157574957168611731888941300000000000e+00
1.434890700000000000000000000000000000000000000000000000000000000000000000000000000000000000000000000000000000000000000000000000000000000000000000000000000000000000000000000000000000000000000000000000000000000000000000000000000000000000000000000000000000000000000000000000000000000000000000000000000000e+08 4.858782941567206587173047034203463924043458115748541294518141675531922396407880345972546711551596026049753933722802115009005770543038486827397409493032581178819091320145486658323932657909515599378009134261046589682412616395822564989221317803504836473667725362272495302908146122968253655748400000000000e+00
4.304672100000000000000000000000000000000000000000000000000000000000000000000000000000000000000000000000000000000000000000000000000000000000000000000000000000000000000000000000000000000000000000000000000000000000000000000000000000000000000000000000000000000000000000000000000000000000000000000000000000e+08 5.090481220002665466429333628430597671082700036245516378335111811657011246723349184519729995637147860551292198526090535232954872826092806806566494279460095153053777599564175375118042967641046464201559234032256864938144882156860581543635471905137880817948844232433888558323300137014179568437200000000000e+00
1.291401630000000000000000000000000000000000000000000000000000000000000000000000000000000000000000000000000000000000000000000000000000000000000000000000000000000000000000000000000000000000000000000000000000000000000000000000000000000000000000000000000000000000000000000000000000000000000000000000000000e+09 5.099318219931087906893816689461702359776265056322251867719310616236913063032034888772947645177275870145069535726015006014938957978470615229697530400090240785553150411976976121950439525779399351964032259252026495034687082173063284247246759401941280814305900830870546037389375509289248426782700000000000e+00
3.874204890000000000000000000000000000000000000000000000000000000000000000000000000000000000000000000000000000000000000000000000000000000000000000000000000000000000000000000000000000000000000000000000000000000000000000000000000000000000000000000000000000000000000000000000000000000000000000000000000000e+09 5.292654977764097502640296955851273898703708168244761304570159761249849127516598486866218686038127879151256815123297565887936922657499529841317091217149561648892644949200796145301321452191722218771609771663614219571002041678999811283173501167912476974414122007852122400180086346938480304114100000000000e+00
1.162261467000000000000000000000000000000000000000000000000000000000000000000000000000000000000000000000000000000000000000000000000000000000000000000000000000000000000000000000000000000000000000000000000000000000000000000000000000000000000000000000000000000000000000000000000000000000000000000000000000e+10 5.882325244820779770710182121973189335762030304502728866940873119647584681811729733916524536958329537335335342354175910259674704624225193817426624540765543352118197637621596989180801790549560756637864473606507387965028424675487459588744895009054836369106246977186046268617687292548269132463800000000000e+00
3.486784401000000000000000000000000000000000000000000000000000000000000000000000000000000000000000000000000000000000000000000000000000000000000000000000000000000000000000000000000000000000000000000000000000000000000000000000000000000000000000000000000000000000000000000000000000000000000000000000000000e+10 5.370947951735946896263309541900564698861848364312865929202534722202669981727728421753710242634089882692851529546663180510305870772397101995202030129010892629078115550509009612868984875717235076027136221517233811460406847930811179303094347502530674812103308093230721525524651546513045557680200000000000e+00
1.046035320300000000000000000000000000000000000000000000000000000000000000000000000000000000000000000000000000000000000000000000000000000000000000000000000000000000000000000000000000000000000000000000000000000000000000000000000000000000000000000000000000000000000000000000000000000000000000000000000000e+11 6.465187211744702915007622349783561479862856225633867134017645569785447830039133268062896901084473500771140021179313930879218990344567695967026752657814426794484924459008111675896674698036779930336839655866710748100867974466159624329762875951474496460857107192473693395740908270826312481029800000000000e+00
3.138105960900000000000000000000000000000000000000000000000000000000000000000000000000000000000000000000000000000000000000000000000000000000000000000000000000000000000000000000000000000000000000000000000000000000000000000000000000000000000000000000000000000000000000000000000000000000000000000000000000e+11 4.887788237212674077957431470931820660900397995720344135519621004773192352325992080856643608981531069305496056286411635446229868522173006881474989107324182849123046297928892531168953837048021667691562428145734672830154485756912752676764946223882306569542303783228326711832270861210477936330200000000000e+00
9.414317882700000000000000000000000000000000000000000000000000000000000000000000000000000000000000000000000000000000000000000000000000000000000000000000000000000000000000000000000000000000000000000000000000000000000000000000000000000000000000000000000000000000000000000000000000000000000000000000000000e+11 6.480022275363773827573652182976480297381393668720172767488277875228429701591121937754223618101586025738806682545634682980822648499346228197415925283618242174517134173934055748520885266259359557549916999635746600130075174439408474556647729480890521933142996888537096393297796038212394617589900000000000e+00
2.824295364810000000000000000000000000000000000000000000000000000000000000000000000000000000000000000000000000000000000000000000000000000000000000000000000000000000000000000000000000000000000000000000000000000000000000000000000000000000000000000000000000000000000000000000000000000000000000000000000000e+12 6.480897220132281954984885596457392288598636594889331491158090122253816794957326196602260157012400887886416600341710669032098875803590445078767783443210041016279441360098919808841372893616967249826451695126390667774907291863737417342085564139458863046844221992097895805599710609510574536368400000000000e+00
8.472886094430000000000000000000000000000000000000000000000000000000000000000000000000000000000000000000000000000000000000000000000000000000000000000000000000000000000000000000000000000000000000000000000000000000000000000000000000000000000000000000000000000000000000000000000000000000000000000000000000e+12 6.488654891816450532117762687914887004225129869364579590217444912558790704103745307355378571811024777701482503625818379999295274647265076127289772080376338472654462643570330174223833051425899373726422160247890778047716812586430918024624492251363490222421050387327669530324581112372583343047500000000000e+00
2.541865828329000000000000000000000000000000000000000000000000000000000000000000000000000000000000000000000000000000000000000000000000000000000000000000000000000000000000000000000000000000000000000000000000000000000000000000000000000000000000000000000000000000000000000000000000000000000000000000000000e+13 6.783340284108858014840403655158700608690866221880688394341128405762542102048961325053202879651182365446527993989168450103925172896299684026635080459818896423679207426687817269118130514612428736959864894642353491103318687176196660430374502092894835478565933672589421780772887275243279198402200000000000e+00
7.625597484987000000000000000000000000000000000000000000000000000000000000000000000000000000000000000000000000000000000000000000000000000000000000000000000000000000000000000000000000000000000000000000000000000000000000000000000000000000000000000000000000000000000000000000000000000000000000000000000000e+13 6.496308127276996548950254010030953181948959021283382350693084912216251653313946283815982803882046925055963709603703579072729911590828703749430443172556213808876817417769992060081800987660837727139069033897385759256249653901829610000673092002734939787386881430045278216362460215538367807767800000000000e+00
2.287679245496100000000000000000000000000000000000000000000000000000000000000000000000000000000000000000000000000000000000000000000000000000000000000000000000000000000000000000000000000000000000000000000000000000000000000000000000000000000000000000000000000000000000000000000000000000000000000000000000e+14 6.570100778267827972659375997528410700926286069052346924149467742651233666711284343330029408401694150655096437361353264683862424473656514419260041150231827235614790322273836424593661560185308985772463488531349147362915424480539656370715736160990802649784957522868598276904906485351884174903000000000000e+00
6.863037736488300000000000000000000000000000000000000000000000000000000000000000000000000000000000000000000000000000000000000000000000000000000000000000000000000000000000000000000000000000000000000000000000000000000000000000000000000000000000000000000000000000000000000000000000000000000000000000000000e+14 6.687478244056176105663163524048957308370957151693180617968740057921410186106784377950540261925749838218000888704449462454523695705069956137618057321031905669309142538844589098605845666755464159203862554455945362015999165141675568940975337392596361260403393607957098001970500874273466308009500000000000e+00
2.058911320946490000000000000000000000000000000000000000000000000000000000000000000000000000000000000000000000000000000000000000000000000000000000000000000000000000000000000000000000000000000000000000000000000000000000000000000000000000000000000000000000000000000000000000000000000000000000000000000000e+15 7.434224331477173091621166855818133531104524206149451091534708303297287798682837514249417908301847737247939730446101064065570010461898517745364541298434578388301062339837819383557161120920413426427892113512543035444306534597432032203085939146534841317572259338011192213884797946078962068552300000000000e+00
6.176733962839470000000000000000000000000000000000000000000000000000000000000000000000000000000000000000000000000000000000000000000000000000000000000000000000000000000000000000000000000000000000000000000000000000000000000000000000000000000000000000000000000000000000000000000000000000000000000000000000e+15 7.248721010217949834253758485634817774873051369011825920629397015902995845081952857763925827641165967833361922673715084884473545463486632799392135641082631225912028914608394327405886989053998547813869510352647197568464493606272197241464614681020166144844974719042484657121154415598393368292900000000000e+00
