1.000000000000000000000000000000000000000000000000000000000000000000000000000000000000000000000000000000000000000000000000000000000000000000000000000000000000000000000000000000000000000000000000000000000000000000000000000000000000000000000000000000000000000000000000000000000000000000000000000000000000e+01 3.037762792601600919032967107254331276030833663861557663501150891665332561064791341158365228383314768490167707884794450718794003257317317833387391848032889865731490507915764789893699398418358751568364985039156556492622407730633805451637393641023729833041633128235028591374285494525862355580300000000000e-290
3.000000000000000000000000000000000000000000000000000000000000000000000000000000000000000000000000000000000000000000000000000000000000000000000000000000000000000000000000000000000000000000000000000000000000000000000000000000000000000000000000000000000000000000000000000000000000000000000000000000000000e+01 1.761078990213571300964508998716450530276847793706812648947031931168320059822085891428923922646427504524389919549596126008785657022748735931576953845862806504516205550612681041770294515493949456994291885638268733684952498065722282159919333050098401302448809087338219126211899258199628771351800000000000e-289
9.000000000000000000000000000000000000000000000000000000000000000000000000000000000000000000000000000000000000000000000000000000000000000000000000000000000000000000000000000000000000000000000000000000000000000000000000000000000000000000000000000000000000000000000000000000000000000000000000000000000000e+01 5.375526355981100913246177904218678884404069224534619982678047277725665577500459864316034845350913781598202670441627943209685984694878914679559218787176817819451603109534911478822022641923598523943970939831668551948770178892593884888058103291084051587826455049110572972973740999651456211667100000000000e-289
2.700000000000000000000000000000000000000000000000000000000000000000000000000000000000000000000000000000000000000000000000000000000000000000000000000000000000000000000000000000000000000000000000000000000000000000000000000000000000000000000000000000000000000000000000000000000000000000000000000000000000e+02 1.983571574271347445818346649088648730945453856897304634998060872624727169945139448393118100467768735266144599582067770318632639031597597222368224490367423873389822565104314417616003610356938527935638216597086147402550593372299210048828168122122050957629121563159212217088731564248393130498500000000000e-288
8.100000000000000000000000000000000000000000000000000000000000000000000000000000000000000000000000000000000000000000000000000000000000000000000000000000000000000000000000000000000000000000000000000000000000000000000000000000000000000000000000000000000000000000000000000000000000000000000000000000000000e+02 7.496173376780439467390037064849682344715424019656066013674029879027394151417252896755789694205070356607587157792040093588765640974063304137273723009127181181238918668787467033582158902886938512258025441223990881647098765862912941922485989437809409862958100047492907969246675681799877477127800000000000e-288
2.430000000000000000000000000000000000000000000000000000000000000000000000000000000000000000000000000000000000000000000000000000000000000000000000000000000000000000000000000000000000000000000000000000000000000000000000000000000000000000000000000000000000000000000000000000000000000000000000000000000000e+03 4.643420781567662648535739764093069450531228045535935328248647105880534498462952276589660487120915514432225637489617450154817703889948918379783327629113122911303781997906279409094246125932794567787907421748102297618930627115758698803470683591618407957607772941785887606454017454995867709963000000000000e-287
7.290000000000000000000000000000000000000000000000000000000000000000000000000000000000000000000000000000000000000000000000000000000000000000000000000000000000000000000000000000000000000000000000000000000000000000000000000000000000000000000000000000000000000000000000000000000000000000000000000000000000e+03 1.005601687930738364543576133310523985012304742921535715305823658510247714967021873085317440871711273665986940987748679126109925090246617756712361646533259531904068089946598811585460946483584824148163562305703812916667570465035044461203883250647083790645611434545202249008295800355395014345700000000000e-286
2.187000000000000000000000000000000000000000000000000000000000000000000000000000000000000000000000000000000000000000000000000000000000000000000000000000000000000000000000000000000000000000000000000000000000000000000000000000000000000000000000000000000000000000000000000000000000000000000000000000000000e+04 6.436863511012226666647046551481425730091567373365300470284113009241292790881717191711471931361492121236634286248808251805087320776773852690320447043493276949016038728428622454134579173250333083646812296874163115913458875948363433067010334508734451769965977311384081531246293056900033044359300000000000e-286
6.561000000000000000000000000000000000000000000000000000000000000000000000000000000000000000000000000000000000000000000000000000000000000000000000000000000000000000000000000000000000000000000000000000000000000000000000000000000000000000000000000000000000000000000000000000000000000000000000000000000000e+04 7.756826343828588127608527519371363291270104028893893000158408867157602584273049893828076572761318705777854105287944155350551173105640982065286743433468240038581056801519851528674584835609578578166204304731109196299067308767394474325834608385346046520313663263880413763109697614578884511013800000000000e-286
1.968300000000000000000000000000000000000000000000000000000000000000000000000000000000000000000000000000000000000000000000000000000000000000000000000000000000000000000000000000000000000000000000000000000000000000000000000000000000000000000000000000000000000000000000000000000000000000000000000000000000e+05 3.137094062464537139678680253315515037019181170102108025000493989066678371700698847238669366248310675391239438217537649415041504507678102909222352658828169691190129796840337745231601193520698554901318745165176701519827452365182686673887292767366302924812148947983128510049597742888617185631200000000000e-285
5.904900000000000000000000000000000000000000000000000000000000000000000000000000000000000000000000000000000000000000000000000000000000000000000000000000000000000000000000000000000000000000000000000000000000000000000000000000000000000000000000000000000000000000000000000000000000000000000000000000000000e+05 8.460640040149101636183875817518515892781569376155226617596376370499224254897691384403055355598174809717390346784270210933154660910638796072392183846087821863934720477292037862504054374812784526736077751055893636165371155954498684919288766675985412628098208913724857372442177849599042198001500000000000e-285
1.771470000000000000000000000000000000000000000000000000000000000000000000000000000000000000000000000000000000000000000000000000000000000000000000000000000000000000000000000000000000000000000000000000000000000000000000000000000000000000000000000000000000000000000000000000000000000000000000000000000000e+06 7.970574288832132260803799871871741714002463874433195989771791809103128132514196245734656243120448012803928923583866317582955737489648051664129091823259233189859994907339436513533077047458972639794656141058668140300397206689866254162061084988224432679915900223290758111434796909762073221003500000000000e-285
5.314410000000000000000000000000000000000000000000000000000000000000000000000000000000000000000000000000000000000000000000000000000000000000000000000000000000000000000000000000000000000000000000000000000000000000000000000000000000000000000000000000000000000000000000000000000000000000000000000000000000e+06 5.611333688438628839135253830631263727329799263950678313405172204973351446114373414665155576512170599814833312359607133652572100267339843573152659673105242202352807142822082916339381931061718706900600137457118423749220478003494225681034411468705329581340500102303242234030193655966765280696600000000000e-284
1.594323000000000000000000000000000000000000000000000000000000000000000000000000000000000000000000000000000000000000000000000000000000000000000000000000000000000000000000000000000000000000000000000000000000000000000000000000000000000000000000000000000000000000000000000000000000000000000000000000000000e+07 8.265693665698562279023283304083161641651223508068093230822785210592417604942311971413415026506484267798272238695414908406624168703372273476212925153144263671849915237621587073727756354187255833887936324344238500550838526348913089231850958517145131175268611050865204210414614768312683202270500000000000e-284
4.782969000000000000000000000000000000000000000000000000000000000000000000000000000000000000000000000000000000000000000000000000000000000000000000000000000000000000000000000000000000000000000000000000000000000000000000000000000000000000000000000000000000000000000000000000000000000000000000000000000000e+07 6.610830722060844011410795327190187962534566952128651670450361451455796728856420033523590266108913003099019341387826289231574687106827067921050848092943949972590849152372423951879255909135617556738260432149795079421103246718703440108586524049516620279062641966358074754845284835858020604865300000000000e-283
1.434890700000000000000000000000000000000000000000000000000000000000000000000000000000000000000000000000000000000000000000000000000000000000000000000000000000000000000000000000000000000000000000000000000000000000000000000000000000000000000000000000000000000000000000000000000000000000000000000000000000e+08 5.063794629302311972913762890740677681375851281149012268229343818979757783403488493440323921575368597906183756478382596275464011525464084110496001740592870819609604018618857411758851003342295990856800945011846163475871766264941728316462336463901804508630340683057844787535683195645649145626500000000000e-282
4.304672100000000000000000000000000000000000000000000000000000000000000000000000000000000000000000000000000000000000000000000000000000000000000000000000000000000000000000000000000000000000000000000000000000000000000000000000000000000000000000000000000000000000000000000000000000000000000000000000000000e+08 1.279775799561639380525087944043462149145373608334540904909146277244554967043001352422787717646935154629293387734492419466960149792532149275330108329885926393656223797393845276046455148780686317312347703701081116545563306093901833203236747780990622907050190724925620779002235750419468505521000000000000e-281
1.291401630000000000000000000000000000000000000000000000000000000000000000000000000000000000000000000000000000000000000000000000000000000000000000000000000000000000000000000000000000000000000000000000000000000000000000000000000000000000000000000000000000000000000000000000000000000000000000000000000000e+09 4.395295834660178042862728506685427985918477600640576319624519246299606340291583687350919911978942748029204097828006176881361727290677469821939338567442922422577621479897509211121981308452587087414306113933037598731313700886731346900789171076010941826425772041754974359553923656068132207916300000000000e-281
3.874204890000000000000000000000000000000000000000000000000000000000000000000000000000000000000000000000000000000000000000000000000000000000000000000000000000000000000000000000000000000000000000000000000000000000000000000000000000000000000000000000000000000000000000000000000000000000000000000000000000e+09 1.388764570060971211998501604971054693457311689445910714301609482083693978977437918065572559317494564081825092178456319645419570225398721400895319558668467106360196378194479904989157160299518320728109230411514241129794986502103161086736612457977295323479485265947390618811777974353981037861900000000000e-280
1.162261467000000000000000000000000000000000000000000000000000000000000000000000000000000000000000000000000000000000000000000000000000000000000000000000000000000000000000000000000000000000000000000000000000000000000000000000000000000000000000000000000000000000000000000000000000000000000000000000000000e+10 4.430639856286102883002994873089890900536292968875507530382070571077535790592991599659401168155399111554699390326132039066315436874764366497396477523295014402075815343232564866877596605406153738108455055100901994406229298032654905428829053641837323901778168741164003676555720796233142216144300000000000e-280
3.486784401000000000000000000000000000000000000000000000000000000000000000000000000000000000000000000000000000000000000000000000000000000000000000000000000000000000000000000000000000000000000000000000000000000000000000000000000000000000000000000000000000000000000000000000000000000000000000000000000000e+10 1.158391715769223397300086467683372710132920214158231027859979275120502636458540370475618860115359177732648571998715198836672047226917663244406614123917546532995581717963671895329746439866556850611573209436609558206028453121974334950162951370364158881560075091199365100701302849808734484202900000000000e-279
1.046035320300000000000000000000000000000000000000000000000000000000000000000000000000000000000000000000000000000000000000000000000000000000000000000000000000000000000000000000000000000000000000000000000000000000000000000000000000000000000000000000000000000000000000000000000000000000000000000000000000e+11 5.202324987950684126338476626065042946919493968634991936373134026167966587331040911254167429557838004488866242049213347267695727818596863868599982693864313898208145368481465007048973377089619518346573047217563172494473575511850115788096516779441610083638462119471892717708854979594861336297900000000000e-279
3.138105960900000000000000000000000000000000000000000000000000000000000000000000000000000000000000000000000000000000000000000000000000000000000000000000000000000000000000000000000000000000000000000000000000000000000000000000000000000000000000000000000000000000000000000000000000000000000000000000000000e+11 3.104334743186184010953858424700659559973119049296968376951450158265333538494271741206990617437593468910721678387297776787047242091037874337879934421881618096701270405321529656590267958134769574699816983654002778553613295684922438771410733548317326153629577485101427093502330782132475556084200000000000e-279
9.414317882700000000000000000000000000000000000000000000000000000000000000000000000000000000000000000000000000000000000000000000000000000000000000000000000000000000000000000000000000000000000000000000000000000000000000000000000000000000000000000000000000000000000000000000000000000000000000000000000000e+11 5.437884320481444787410460266055775955205220001868320610733164732174983057711400877561366135010614206652206090923792858341422541779802507434745359437406770610119785056909576044186723201407308885158979762737970722477398858320934802442390456384356253374484982263889770507139813879222176549012900000000000e-278
2.824295364810000000000000000000000000000000000000000000000000000000000000000000000000000000000000000000000000000000000000000000000000000000000000000000000000000000000000000000000000000000000000000000000000000000000000000000000000000000000000000000000000000000000000000000000000000000000000000000000000e+12 5.285246637243447677786504088391258314424743093667252873718987587525054262475461911241576326628635490044713078712890563175950488946976702782630465618532821145808209101703010497119237590080638740899458072439511524266038880987654183213064777721288497586808102654750879695779801879952907292131300000000000e-278
8.472886094430000000000000000000000000000000000000000000000000000000000000000000000000000000000000000000000000000000000000000000000000000000000000000000000000000000000000000000000000000000000000000000000000000000000000000000000000000000000000000000000000000000000000000000000000000000000000000000000000e+12 4.319084552297037474416992967754091439242678368984201949792080524747284963853328645564580903987006069162059173686454592659720083677692763379110696586674404270740581251624883677491683838623784572468958063928754190046224796881029296921384504163062293864683039774406005236952702958004515015005500000000000e-277
2.541865828329000000000000000000000000000000000000000000000000000000000000000000000000000000000000000000000000000000000000000000000000000000000000000000000000000000000000000000000000000000000000000000000000000000000000000000000000000000000000000000000000000000000000000000000000000000000000000000000000e+13 9.305573160833216838311048580521758336285808637131803814520649683354965092998203351958872104475257047666648317071144494881583610531034071183493870872928097915830840050279553483380645744348436757522174006330171104010165879757831457618612797709923599435004654448013683223817087861008582565023400000000000e-278
7.625597484987000000000000000000000000000000000000000000000000000000000000000000000000000000000000000000000000000000000000000000000000000000000000000000000000000000000000000000000000000000000000000000000000000000000000000000000000000000000000000000000000000000000000000000000000000000000000000000000000e+13 2.507252062643862516808350956573355856308833980464392676801838243446385184018283896210514683041626490696582464279600088410978121147034117207250446637241829506112261113676083291674508544838900607055580035080948115011124302777288665783103725212739403215691502885660561268236748212470919950604700000000000e-276
2.287679245496100000000000000000000000000000000000000000000000000000000000000000000000000000000000000000000000000000000000000000000000000000000000000000000000000000000000000000000000000000000000000000000000000000000000000000000000000000000000000000000000000000000000000000000000000000000000000000000000e+14 1.432191911453085238964014420494570993376621617603332166595585183744960132314115138008926647369879443111398024023623789550462524862452538942504982866384929710304897140832351918130734578060125785009741632332941748298310969306037469684486408364897924445061565863931922849850910942983258674483200000000000e-275
6.863037736488300000000000000000000000000000000000000000000000000000000000000000000000000000000000000000000000000000000000000000000000000000000000000000000000000000000000000000000000000000000000000000000000000000000000000000000000000000000000000000000000000000000000000000000000000000000000000000000000e+14 5.910319867456709537424195012819721130270065057408076897083516552383745496332948201776408627466057427833628268787668958727786162324389965856743959521061024419815685827297819423479303885792428764152809327112446767887102695863698243179912862807498931540868186320940320987859838154274923023806800000000000e-275
2.058911320946490000000000000000000000000000000000000000000000000000000000000000000000000000000000000000000000000000000000000000000000000000000000000000000000000000000000000000000000000000000000000000000000000000000000000000000000000000000000000000000000000000000000000000000000000000000000000000000000e+15 1.791095388088564749063810995348361562953500838013057336697113173686098973561262227602484694888797014532897514294194101457412367522793252972146847967210589667907655496379069280933011364589381765162046049775546285988369233717155017093652749743357278220478174884565309657412162188491039079124800000000000e-274
6.176733962839470000000000000000000000000000000000000000000000000000000000000000000000000000000000000000000000000000000000000000000000000000000000000000000000000000000000000000000000000000000000000000000000000000000000000000000000000000000000000000000000000000000000000000000000000000000000000000000000e+15 1.258014013359254472901258332099423905589351662301474321762202224958443191463946354677191960225164121187885392064258447164982352751214077922324142410381028150232860901474821492904835710462040375477734359984211444931464855767481807536834443131811629322453032760785803398542672435493217366491000000000000e-274
