1.000000000000000000000000000000000000000000000000000000000000000000000000000000000000000000000000000000000000000000000000000000000000000000000000000000000000000000000000000000000000000000000000000000000000000000000000000000000000000000000000000000000000000000000000000000000000000000000000000000000000e+00 2.385962339125456125134840366588711694103377311522741027260896255830207944659589315422520487850336202245958712931386599668273395978855956219377764932871162586571053365729181510229356123389057148901578844161773101495891459390797237245187615899904065440302008610091784532267363316005434881831400000000000e-16
3.000000000000000000000000000000000000000000000000000000000000000000000000000000000000000000000000000000000000000000000000000000000000000000000000000000000000000000000000000000000000000000000000000000000000000000000000000000000000000000000000000000000000000000000000000000000000000000000000000000000000e+00 3.332019981436441873400545625609377796228636476147158519382928656323090286097551756184782549670083764201881541269144961097381856502498223923547839014406483584430565024478228872557007598945846638218111706740191920696937726899063820758856303495203148097954033395127108654030797629700205979316600000000000e-16
9.000000000000000000000000000000000000000000000000000000000000000000000000000000000000000000000000000000000000000000000000000000000000000000000000000000000000000000000000000000000000000000000000000000000000000000000000000000000000000000000000000000000000000000000000000000000000000000000000000000000000e+00 5.374536036066230306060338616899977433533474807749214685344418037200989702024834071159047777022421216085802507649703061928613829323760454481342404280408382916762682124347590891081073159296547572181086871088063654820150637800425424877639727643207692059194200101507484097607918865807399701535000000000000e-16
2.700000000000000000000000000000000000000000000000000000000000000000000000000000000000000000000000000000000000000000000000000000000000000000000000000000000000000000000000000000000000000000000000000000000000000000000000000000000000000000000000000000000000000000000000000000000000000000000000000000000000e+01 4.430486033817010903193631279204214882491467656635231410033210091059919861655086407217046864668129620714964367501920294455283233935382084773668328735986486510996988293691231078875604985743630195916048577158853211753061058735483617883089819522803531515695164064848367270503567700909947620972100000000000e-16
8.100000000000000000000000000000000000000000000000000000000000000000000000000000000000000000000000000000000000000000000000000000000000000000000000000000000000000000000000000000000000000000000000000000000000000000000000000000000000000000000000000000000000000000000000000000000000000000000000000000000000e+01 2.375337387366907392592218381066746039943607815577112341232082784183998248682940398990786056291014578866744925887706821910499104148240392221563940125856049633610552496258902566385512298872628650145799744620215593233638389516013807677578033601692044932821913458649798544651040719040083862895100000000000e-15
2.430000000000000000000000000000000000000000000000000000000000000000000000000000000000000000000000000000000000000000000000000000000000000000000000000000000000000000000000000000000000000000000000000000000000000000000000000000000000000000000000000000000000000000000000000000000000000000000000000000000000e+02 4.494441694324957463413475113051589545697843953246773923923648149806930867797759526260614373592986640139763568315888365524178751730868862600816758575493444128985043693890283030701110500421800507863088262548028883295977706654134302117063801108322421400201833700017415325151831178366826065619100000000000e-15
7.290000000000000000000000000000000000000000000000000000000000000000000000000000000000000000000000000000000000000000000000000000000000000000000000000000000000000000000000000000000000000000000000000000000000000000000000000000000000000000000000000000000000000000000000000000000000000000000000000000000000e+02 1.973500702923175704192075871210729306265979312999513291855269696705278632722138541174240399397593667968053688693394732430701069039433543626880148663939525712623024810097825580373989830670678700788526562800122545714190117146435202444539332245102233999711558126257306182351300348400384201107700000000000e-14
2.187000000000000000000000000000000000000000000000000000000000000000000000000000000000000000000000000000000000000000000000000000000000000000000000000000000000000000000000000000000000000000000000000000000000000000000000000000000000000000000000000000000000000000000000000000000000000000000000000000000000e+03 3.127015048338065229054922456725733051974492583285581854338429034179447572912414359472411669532939885855618431285525949945150849825557106660786527108301443996824702498800886882052380704006994948487419214708832963369930372249341107401570048113332066847021753901983582957682071781370193701615400000000000e-14
6.561000000000000000000000000000000000000000000000000000000000000000000000000000000000000000000000000000000000000000000000000000000000000000000000000000000000000000000000000000000000000000000000000000000000000000000000000000000000000000000000000000000000000000000000000000000000000000000000000000000000e+03 7.528226782635304420579042516429421892886764811693114867040340609887180410966829987651824866783319735053374657003428325418420267273910307094392618788262541927178071154149173451397567555918224189686470227543921143295545497820739910621166515205181087073603253212021967124986525711120150317825600000000000e-14
1.968300000000000000000000000000000000000000000000000000000000000000000000000000000000000000000000000000000000000000000000000000000000000000000000000000000000000000000000000000000000000000000000000000000000000000000000000000000000000000000000000000000000000000000000000000000000000000000000000000000000e+04 5.383321684159065925124623348168131624699368397251464434925707291813820831311594186911147332616122829970834106622644446255978771778710967483968671356057492694409991129254209904713092567857187174139217396589380493560038982608518272955634641861788065231955450088488121993850087702826888204092600000000000e-13
5.904900000000000000000000000000000000000000000000000000000000000000000000000000000000000000000000000000000000000000000000000000000000000000000000000000000000000000000000000000000000000000000000000000000000000000000000000000000000000000000000000000000000000000000000000000000000000000000000000000000000e+04 5.600513142598382216943102489929585998720991472039966591293033354286745829824906644034240076702191381392404722672190619623096606100272073631478049122521803838388977715606448701188221595075868789448606034089204739400302480786164722786670555699926310884665766171181606486764219989743413423863700000000000e-12
1.771470000000000000000000000000000000000000000000000000000000000000000000000000000000000000000000000000000000000000000000000000000000000000000000000000000000000000000000000000000000000000000000000000000000000000000000000000000000000000000000000000000000000000000000000000000000000000000000000000000000e+05 5.335034278439899297970141576449432476168024628409139146628618569562426484042157378937566958391303255269497649432708608114939046554847825688080457547741646975114256822795427034419316488892017494314278191686057699224874603727343691308490240293310511838696933653343816359099171345826019521481600000000000e-12
5.314410000000000000000000000000000000000000000000000000000000000000000000000000000000000000000000000000000000000000000000000000000000000000000000000000000000000000000000000000000000000000000000000000000000000000000000000000000000000000000000000000000000000000000000000000000000000000000000000000000000e+05 6.690597922713703546185127380623032360354685955947711474959100410557968903630737833413598422252336671807423441901178195294198950373646986601164715026435573598014820018821268006068747690295507793509837768493997523276953316008811349455808076106382547090990059311683386668381654663276048977016000000000000e-11
1.594323000000000000000000000000000000000000000000000000000000000000000000000000000000000000000000000000000000000000000000000000000000000000000000000000000000000000000000000000000000000000000000000000000000000000000000000000000000000000000000000000000000000000000000000000000000000000000000000000000000e+06 3.184291740730196232931807092898391203388529789904419587481430524143044325191477945468785639000838196055265614434214997582816660546775507168738275308984567121936885984771650910931408435202601042545286577450120729162791682150908343848661619710867139774364519610370021715974893584254560692992500000000000e-10
4.782969000000000000000000000000000000000000000000000000000000000000000000000000000000000000000000000000000000000000000000000000000000000000000000000000000000000000000000000000000000000000000000000000000000000000000000000000000000000000000000000000000000000000000000000000000000000000000000000000000000e+06 2.681364150144760315108031933922610203221065465690755076364111725080473189656916800375941189187607385613737638619192459474101234222654014424611022783215056453875971792898373667756147092849558229143243106112269640143233340737305148527839662713800893503234878931154223615573740566928017915471600000000000e-09
1.434890700000000000000000000000000000000000000000000000000000000000000000000000000000000000000000000000000000000000000000000000000000000000000000000000000000000000000000000000000000000000000000000000000000000000000000000000000000000000000000000000000000000000000000000000000000000000000000000000000000e+07 2.906575977277673624629602213677358645026354262733570485852671430843645734046561148354538036552189408950209354614237517442455576020803462990185313232882936565760368336754692845385156116836697166235747306072730185754515183753532988485216580146657393786058102417660075005782641010773646826032100000000000e-09
4.304672100000000000000000000000000000000000000000000000000000000000000000000000000000000000000000000000000000000000000000000000000000000000000000000000000000000000000000000000000000000000000000000000000000000000000000000000000000000000000000000000000000000000000000000000000000000000000000000000000000e+07 3.907861067693104270023208167293037576976772791462555424724853274599249285482657766352849952862269079428209803758550617517277184450260450762945057328105956986954488367713583738654965148789768720123711580986651274321354480348546833068353407894336969133485792796186544464892278025034444926312100000000000e-09
1.291401630000000000000000000000000000000000000000000000000000000000000000000000000000000000000000000000000000000000000000000000000000000000000000000000000000000000000000000000000000000000000000000000000000000000000000000000000000000000000000000000000000000000000000000000000000000000000000000000000000e+08 4.229620568017378714076620143978750206412856783192438337703117096095238763728214812965291945608455845431775959449907624039878042577718116031070188620343373057256245740382360703465096427144333796155891051761788498241070149948008438512454359647417089885052502983312186773869838465598204776035700000000000e-08
3.874204890000000000000000000000000000000000000000000000000000000000000000000000000000000000000000000000000000000000000000000000000000000000000000000000000000000000000000000000000000000000000000000000000000000000000000000000000000000000000000000000000000000000000000000000000000000000000000000000000000e+08 2.809075197967893893490764594135248794111153520362779374801991660923462355327111330739951032470299691922945447812798564786601090946173653655015694956544806913471104388347045626982549297999684482703326966624204986426999375141069827009585374961949067152086228791760065036374171620370303361893100000000000e-08
1.162261467000000000000000000000000000000000000000000000000000000000000000000000000000000000000000000000000000000000000000000000000000000000000000000000000000000000000000000000000000000000000000000000000000000000000000000000000000000000000000000000000000000000000000000000000000000000000000000000000000e+09 4.175058951292421793960678209639570249665856910779570651743801442518057613171551794788041895255212366228471022744401551635993846577998237673223449337964595758439751463377972051441505465145387975955757228941907179760451806314631454834810073708716259332166562890872806215806780048670205999497200000000000e-08
3.486784401000000000000000000000000000000000000000000000000000000000000000000000000000000000000000000000000000000000000000000000000000000000000000000000000000000000000000000000000000000000000000000000000000000000000000000000000000000000000000000000000000000000000000000000000000000000000000000000000000e+09 6.293973396525630556747709617753442865227794288545309234761363408368454638367431761720528144309642031780514293062402528273000553120690106707163619252215403285349555816256598658374152621704097022125066848456449337183238088552163712496167747264137142826483664333270140382181496431747591374096600000000000e-07
1.046035320300000000000000000000000000000000000000000000000000000000000000000000000000000000000000000000000000000000000000000000000000000000000000000000000000000000000000000000000000000000000000000000000000000000000000000000000000000000000000000000000000000000000000000000000000000000000000000000000000e+10 8.494078895925201174670979487503832963381765866823442685420686708772329909237757479389278533567923098423508058209524579092987409692544744269914094183146994384953145781360196630039656286394127458364693335792869338290295836479359097895700993911279202587342115203183784352295125154268510549955100000000000e-07
3.138105960900000000000000000000000000000000000000000000000000000000000000000000000000000000000000000000000000000000000000000000000000000000000000000000000000000000000000000000000000000000000000000000000000000000000000000000000000000000000000000000000000000000000000000000000000000000000000000000000000e+10 8.405574183323267251891419826155089667249192706982395505694013063046769319277734756522730958325939373395568633330076389506618336769030681096818754417326674235926055247500260798192554522064043325916768350213441853055999731249282396200702445513230577523552744342010332617710179454654619814193500000000000e-07
9.414317882700000000000000000000000000000000000000000000000000000000000000000000000000000000000000000000000000000000000000000000000000000000000000000000000000000000000000000000000000000000000000000000000000000000000000000000000000000000000000000000000000000000000000000000000000000000000000000000000000e+10 9.636831324285014562004148645862416186625271233444904277731186245250154068646083269330618919917342354230181199864608729531515328191525778902268097674333488748572388195317905539443827791098693123095614968690933040065265218191271641063682828716785756264205666452472331609341663326088932850669200000000000e-08
2.824295364810000000000000000000000000000000000000000000000000000000000000000000000000000000000000000000000000000000000000000000000000000000000000000000000000000000000000000000000000000000000000000000000000000000000000000000000000000000000000000000000000000000000000000000000000000000000000000000000000e+11 7.314162691704607611534815393423524482291003754449046245162098363096991017597562097072560416600375604856688829148109311990017351456579271918724692339849800310505407032906859295029338497418369047671737321033810704296026807788092476432496575661477531347912770615595030176216192186575240868728700000000000e-07
8.472886094430000000000000000000000000000000000000000000000000000000000000000000000000000000000000000000000000000000000000000000000000000000000000000000000000000000000000000000000000000000000000000000000000000000000000000000000000000000000000000000000000000000000000000000000000000000000000000000000000e+11 4.794378595024509507944306157637539606669657662226518909448423044836558212254935941259289704425040303676033893097732419395930469878782617826248265003013320396174499747498469587928039908067826852261101838735067135136871917041095727305579943868952427134788965929326970652672223652062887445940800000000000e-07
2.541865828329000000000000000000000000000000000000000000000000000000000000000000000000000000000000000000000000000000000000000000000000000000000000000000000000000000000000000000000000000000000000000000000000000000000000000000000000000000000000000000000000000000000000000000000000000000000000000000000000e+12 2.535637451663328549683718997350580711715494720407451775627464371759427265012296671844641161460890917370340216590997674359141876053668771718539572581895400419546935664486699504521279133288989354390856512694748777844638905635817514694079294473263943975317711248609005872564124551372873107477000000000000e-07
7.625597484987000000000000000000000000000000000000000000000000000000000000000000000000000000000000000000000000000000000000000000000000000000000000000000000000000000000000000000000000000000000000000000000000000000000000000000000000000000000000000000000000000000000000000000000000000000000000000000000000e+12 7.404806565258204425561632206218468188704253133201314753530084172549761353229090723558267633126065509441453254969454686336195157977030465498581428717932711258142259564143778381995972255916224728241013627784886038120915972075730092983181278576609390117545083752795625262325185702107272898014000000000000e-08
2.287679245496100000000000000000000000000000000000000000000000000000000000000000000000000000000000000000000000000000000000000000000000000000000000000000000000000000000000000000000000000000000000000000000000000000000000000000000000000000000000000000000000000000000000000000000000000000000000000000000000e+13 2.249074855166614811679180753265308011085329474526023616265186941293439571021569850680651645007480336016612096875296148563783438187230439233191831149807284898315491741012697511535120466092082899308055380830310209468754752871392505859439896398654297493638858759142990595864391952481495199425900000000000e-07
6.863037736488300000000000000000000000000000000000000000000000000000000000000000000000000000000000000000000000000000000000000000000000000000000000000000000000000000000000000000000000000000000000000000000000000000000000000000000000000000000000000000000000000000000000000000000000000000000000000000000000e+13 4.416579549966537147247979569528295367353364327576593479796966026031824164504708332554324615196190847414738735874585782836132687550238073376794060149058738676196084092790385246481615830084843539881713560340366905187674960726833490726257169401188188169244193798132287614960219755768498676968900000000000e-07
2.058911320946490000000000000000000000000000000000000000000000000000000000000000000000000000000000000000000000000000000000000000000000000000000000000000000000000000000000000000000000000000000000000000000000000000000000000000000000000000000000000000000000000000000000000000000000000000000000000000000000e+14 2.195749105172945797060244937009724822467383044873834632656913331094209480561528997532898396843068248705429349351254833056772406655442957819331981019994322326104266611057138735486244194579800703308956350401725003418929559167845657760258146604205511527479829061924023060356171071206911663953700000000000e-07
6.176733962839470000000000000000000000000000000000000000000000000000000000000000000000000000000000000000000000000000000000000000000000000000000000000000000000000000000000000000000000000000000000000000000000000000000000000000000000000000000000000000000000000000000000000000000000000000000000000000000000e+14 3.437190977254167659539271450831869822874074768475466488765091319556317612368935642203226131283442844097579390373566085333494087959058710509016168582273851885278593687553925403438670740255191900172777712676182959883685180189932032340843854915885262745337141795491874729066654889847946854723700000000000e-07
1.853020188851841000000000000000000000000000000000000000000000000000000000000000000000000000000000000000000000000000000000000000000000000000000000000000000000000000000000000000000000000000000000000000000000000000000000000000000000000000000000000000000000000000000000000000000000000000000000000000000000e+15 1.315753234908901083144113327668550643261288397559218393972937539288626401101245645044263716965792865756752693124144165978213921435149890779292806479933670525908602631198621332561060575058255903716723743362407639647905998439171220519543624484618292388735243729026465212760689965718637505888700000000000e-07
5.559060566555523000000000000000000000000000000000000000000000000000000000000000000000000000000000000000000000000000000000000000000000000000000000000000000000000000000000000000000000000000000000000000000000000000000000000000000000000000000000000000000000000000000000000000000000000000000000000000000000e+15 2.337600881772902074146703640406604904282801263942771919182991757929417231863941287503929145654883664788928575367262530947059247914525380012749528611843321008938910477509075158677960117405998091728581338754096560714785177588892784626792395957090777099068038133880558505833357301808112915008200000000000e-07
