1.000000000000000000000000000000000000000000000000000000000000000000000000000000000000000000000000000000000000000000000000000000000000000000000000000000000000000000000000000000000000000000000000000000000000000000000000000000000000000000000000000000000000000000000000000000000000000000000000000000000000e+00 5.521879371625873599342063205865734227182533415603809241282556623832690412685835951359999816125545030770064570126557353553750959019047583420654153103913271601451418236720558196949218470668310806512640619966283606272397604608509979903597783858538463426943038805324894305715550143879813015965700000000000e-16
3.000000000000000000000000000000000000000000000000000000000000000000000000000000000000000000000000000000000000000000000000000000000000000000000000000000000000000000000000000000000000000000000000000000000000000000000000000000000000000000000000000000000000000000000000000000000000000000000000000000000000e+00 9.161615300306152488553154121182480250457362174619977191229050633584689640991817113176315055305700242082818399822933800226721172108168450966602091993129845017338739055452970484690070120799963401964967568505295246799432247460322961586836922914509206948086182188635376150185984580350123218909800000000000e-16
9.000000000000000000000000000000000000000000000000000000000000000000000000000000000000000000000000000000000000000000000000000000000000000000000000000000000000000000000000000000000000000000000000000000000000000000000000000000000000000000000000000000000000000000000000000000000000000000000000000000000000e+00 1.347212760783637703742377699470818038717921852244504972036673812980674304095826771631377263318307030793221795375922349727650458775494192025747916720563241149558014978509610404228459177915520306707673046732411882596239075954699122313790148617974282596502389453818331826163122045410889947517200000000000e-15
2.700000000000000000000000000000000000000000000000000000000000000000000000000000000000000000000000000000000000000000000000000000000000000000000000000000000000000000000000000000000000000000000000000000000000000000000000000000000000000000000000000000000000000000000000000000000000000000000000000000000000e+01 2.801552313350143344728389953112920768915084147599720990766413230671509833362369161335508774495990435929469769778928110716569331079436952640003127518290532790978899099597483614507251261376836191076843494594159078424653410240919340535196944043392486470903509924789717766257329580506133884393700000000000e-15
8.100000000000000000000000000000000000000000000000000000000000000000000000000000000000000000000000000000000000000000000000000000000000000000000000000000000000000000000000000000000000000000000000000000000000000000000000000000000000000000000000000000000000000000000000000000000000000000000000000000000000e+01 1.535534568680263876218030791793865027948452686766014436978026480183579640245993761102192420725757875622468748392762029856653286004892750041863193530988729229536622849454376398230143032410200601148278647739779444070433863431993465851259754814675101495950257587309192823761325596137930661968500000000000e-14
2.430000000000000000000000000000000000000000000000000000000000000000000000000000000000000000000000000000000000000000000000000000000000000000000000000000000000000000000000000000000000000000000000000000000000000000000000000000000000000000000000000000000000000000000000000000000000000000000000000000000000e+02 1.217865767672409461635265596821812314283498227711930028460102606382392558399480598252137025720606063737707395873832110392432726271844967339396846190727743114874622954890964321726162505818023875449690311102003405549219699735756698652069762356170091095004130543227194493827164963468775508911800000000000e-13
7.290000000000000000000000000000000000000000000000000000000000000000000000000000000000000000000000000000000000000000000000000000000000000000000000000000000000000000000000000000000000000000000000000000000000000000000000000000000000000000000000000000000000000000000000000000000000000000000000000000000000e+02 9.608593889458818825116246467747038802932882009262349650058667020734808442550606154713390532227493056817744080813238134207682429955659535352874887338191831706413454495329195460100794810575621371232993683721407919136689157617232016065729591111006151816316132963099477056752226931348681650296900000000000e-13
2.187000000000000000000000000000000000000000000000000000000000000000000000000000000000000000000000000000000000000000000000000000000000000000000000000000000000000000000000000000000000000000000000000000000000000000000000000000000000000000000000000000000000000000000000000000000000000000000000000000000000e+03 1.444777586827324169375389938417198657654889916428486530854864481475148598745972004229605372301931211598366493210181359226347108003830487791130838610267692249028165376930440058275844811091660900576503314382907813359783574033146931325321754358323627251770739347727348710979980844993565710569200000000000e-11
6.561000000000000000000000000000000000000000000000000000000000000000000000000000000000000000000000000000000000000000000000000000000000000000000000000000000000000000000000000000000000000000000000000000000000000000000000000000000000000000000000000000000000000000000000000000000000000000000000000000000000e+03 5.788272804766818923251168908495442475216876557951436837872745298972778586401617029147797579911250691571936364167631174137941554971819288730386065608165177587949718563217243079805518012165694266588786358153619134724500423841917518950628232678413450597248945901922115066412927043293928712850700000000000e-11
1.968300000000000000000000000000000000000000000000000000000000000000000000000000000000000000000000000000000000000000000000000000000000000000000000000000000000000000000000000000000000000000000000000000000000000000000000000000000000000000000000000000000000000000000000000000000000000000000000000000000000e+04 8.941001182924340335669233844596611456462823833976530270658338346505228538107438621842996135635068177753876467688005918172791998430312757137286515446455247594472433285831644276243898669998962731832376240382820959404753521430580933309537877142032345243994043633044161227064478392375811673529700000000000e-10
5.904900000000000000000000000000000000000000000000000000000000000000000000000000000000000000000000000000000000000000000000000000000000000000000000000000000000000000000000000000000000000000000000000000000000000000000000000000000000000000000000000000000000000000000000000000000000000000000000000000000000e+04 7.078740971550084139154214296339310132293084378769295764814335259664209520201987437261251759172799005425972594730645947089032232265963419919228613146363265055059246484635211339887566913117049276231306305715390966148048132189033904543502097846904545875786267674678698109940558778635871451139100000000000e-09
1.771470000000000000000000000000000000000000000000000000000000000000000000000000000000000000000000000000000000000000000000000000000000000000000000000000000000000000000000000000000000000000000000000000000000000000000000000000000000000000000000000000000000000000000000000000000000000000000000000000000000e+05 4.292705115838058296733869777301445773679912654197439581287434506006205039079682381269589636011032915318000572405830124146854170928266407010974430564676031883708078691858050049638824430106754906928854309205982440036396564949242876635173501420175309029450183236127928951186462278133055662208300000000000e-08
5.314410000000000000000000000000000000000000000000000000000000000000000000000000000000000000000000000000000000000000000000000000000000000000000000000000000000000000000000000000000000000000000000000000000000000000000000000000000000000000000000000000000000000000000000000000000000000000000000000000000000e+05 2.731163106751278336651558964077108668207630064003092952554672846717103564367712595773517964907452061805322178743461118155731271957126907652574886316302291171926768407593118955129384649313970470401537248919415131690836556695663464693239775746954828709262149768632661405302911793806566272219900000000000e-07
1.594323000000000000000000000000000000000000000000000000000000000000000000000000000000000000000000000000000000000000000000000000000000000000000000000000000000000000000000000000000000000000000000000000000000000000000000000000000000000000000000000000000000000000000000000000000000000000000000000000000000e+06 2.266028359933641905148417135797458936175365838363215784109715277094771263552156837500446344996533426237650840373630520997669820270684221446804753584794820901985292240539458137918039346023674419361941534018416790746944892390481188378323345190058772878362663816412553683490661283840029640361800000000000e-06
4.782969000000000000000000000000000000000000000000000000000000000000000000000000000000000000000000000000000000000000000000000000000000000000000000000000000000000000000000000000000000000000000000000000000000000000000000000000000000000000000000000000000000000000000000000000000000000000000000000000000000e+06 1.592193427878658648732657004205537634206732495193535644217806905762989589213775383786799177872520562643804904863062311248253671866913073369484472480033882281236138026540445873148414849581224263083283301866799270578582316888322003301846793961719183960799184981980680426203811301227244486571100000000000e-05
1.434890700000000000000000000000000000000000000000000000000000000000000000000000000000000000000000000000000000000000000000000000000000000000000000000000000000000000000000000000000000000000000000000000000000000000000000000000000000000000000000000000000000000000000000000000000000000000000000000000000000e+07 7.986527772292717710965658286859847553261782217335059150055843209263614096868100181468468357062833338844753767039581427698436655814048718180866905591960318931577265176504199770529922906666071417444100296546502277415710478853316814793984446265786835860121856170191752761830292548253559200154500000000000e-05
4.304672100000000000000000000000000000000000000000000000000000000000000000000000000000000000000000000000000000000000000000000000000000000000000000000000000000000000000000000000000000000000000000000000000000000000000000000000000000000000000000000000000000000000000000000000000000000000000000000000000000e+07 2.872040159756629088659303769094591614135045111491195914049486029035751672451036592091348949273941190398619246489874709524503294386481494184056192102990454620308423710966943265237820191053331503102389520063833570244133935969531506250138438847446387511346404344892342143730398011123608462788900000000000e-04
1.291401630000000000000000000000000000000000000000000000000000000000000000000000000000000000000000000000000000000000000000000000000000000000000000000000000000000000000000000000000000000000000000000000000000000000000000000000000000000000000000000000000000000000000000000000000000000000000000000000000000e+08 4.060283416259060038484646560674504613127858091346001652469547256263585649561837788885810353470371625484177261943312250741994384035254685801083307631309714913864394524930292062861965954548925412627233462719055856102684781204136919226833532956531312499141022617305177492558258613732267746824600000000000e-03
3.874204890000000000000000000000000000000000000000000000000000000000000000000000000000000000000000000000000000000000000000000000000000000000000000000000000000000000000000000000000000000000000000000000000000000000000000000000000000000000000000000000000000000000000000000000000000000000000000000000000000e+08 9.971183114477203153684069625027659103714916133098632067067071247167164210748490660204599589725657712090715443716385380313903576031742327712184523443027457450591304934305582412413432653754795198235371319130709736294324887457310191452183963577507291212180071857929008750857321294212019063289900000000000e-03
1.162261467000000000000000000000000000000000000000000000000000000000000000000000000000000000000000000000000000000000000000000000000000000000000000000000000000000000000000000000000000000000000000000000000000000000000000000000000000000000000000000000000000000000000000000000000000000000000000000000000000e+09 1.117558000527369650516740124317347130012491978391319258929427307215794528851676494200233782803819621572171667165439024376187775475202338499244986432620904887531110500926822789873036007860155238221904880696670683456334092374862885305239451104823836931840418151538433125659971023018368149273400000000000e-01
3.486784401000000000000000000000000000000000000000000000000000000000000000000000000000000000000000000000000000000000000000000000000000000000000000000000000000000000000000000000000000000000000000000000000000000000000000000000000000000000000000000000000000000000000000000000000000000000000000000000000000e+09 3.488025758622456940401094683831983205343873785551817714410266214318402986367674760191873848805754488949591478203913986680373812211638011451411613376645376772757945827821251253105845480546069724592753575513325051749960848699510518616704000389389734807947773381355923234293002183707461629279800000000000e-01
1.046035320300000000000000000000000000000000000000000000000000000000000000000000000000000000000000000000000000000000000000000000000000000000000000000000000000000000000000000000000000000000000000000000000000000000000000000000000000000000000000000000000000000000000000000000000000000000000000000000000000e+10 8.490225089132892318597169911797945072548350125755472574869729794802857090513207731476637542341739373899721095652767911940988253218648688910792946420723455426197856109141551560089072154269964065043082121510813977597036946504776500253557753713830780924570681983962093407866818876592508594895600000000000e-01
3.138105960900000000000000000000000000000000000000000000000000000000000000000000000000000000000000000000000000000000000000000000000000000000000000000000000000000000000000000000000000000000000000000000000000000000000000000000000000000000000000000000000000000000000000000000000000000000000000000000000000e+10 1.469753456504478404872469190495374595534253766472030700585380890675412564436467577963628977521426689676284467558433512967408902104023946324765816198918970057146024135906314643133804322205168021717210854710773653455801119516214031544183803701899707286637521037837209774091724405362558278832700000000000e+00
9.414317882700000000000000000000000000000000000000000000000000000000000000000000000000000000000000000000000000000000000000000000000000000000000000000000000000000000000000000000000000000000000000000000000000000000000000000000000000000000000000000000000000000000000000000000000000000000000000000000000000e+10 1.504294504126632972424341768681428556079495757533393684613304600396711897556990876308978707170133556304993332245838029197799884744877808239662192582131088489560387014130357002710143926381676650427528891460870260395486909530934768985258405653041576716165912420960578761611406376392073321954400000000000e+00
2.824295364810000000000000000000000000000000000000000000000000000000000000000000000000000000000000000000000000000000000000000000000000000000000000000000000000000000000000000000000000000000000000000000000000000000000000000000000000000000000000000000000000000000000000000000000000000000000000000000000000e+11 2.354787666579386582015335680257857708701753099756105528004077822527173594330634369585674497833864828991628900124274747770867091208300521589415152957843993958392714648496457578870239235984383776399443257630106697913436509295846513763879819062951857448656262502737318911315517592792669994363400000000000e+00
8.472886094430000000000000000000000000000000000000000000000000000000000000000000000000000000000000000000000000000000000000000000000000000000000000000000000000000000000000000000000000000000000000000000000000000000000000000000000000000000000000000000000000000000000000000000000000000000000000000000000000e+11 2.448159092610092178935908788585011687439692994221452160756922174418267705773851377489553623446120473788279555426339499552432521862711707371533082361724891612838526327502746071951862094723804004307595000137022672920785255248876604033458430767661031831374508169161350965612748855805588584591900000000000e+00
2.541865828329000000000000000000000000000000000000000000000000000000000000000000000000000000000000000000000000000000000000000000000000000000000000000000000000000000000000000000000000000000000000000000000000000000000000000000000000000000000000000000000000000000000000000000000000000000000000000000000000e+12 2.459376001165960810293860102249618922942634050658300436351707480478633261250045576890718014040759707087161937043123727299490581072661596180863983282718638625054084267456160887536572037499770191419788510634224978922304131806085125904147921921238432682401894841233038024693246399634663683161500000000000e+00
7.625597484987000000000000000000000000000000000000000000000000000000000000000000000000000000000000000000000000000000000000000000000000000000000000000000000000000000000000000000000000000000000000000000000000000000000000000000000000000000000000000000000000000000000000000000000000000000000000000000000000e+12 2.465563938169023737698756073669286400131112753858085723410197894586618000966835621918196366992751861941928607340884949488792949359262682666600063598945279530684346118210036326515795617358823565093435964446826526844703277609262468739758704856007511093163522756882829963561537743817403346836700000000000e+00
2.287679245496100000000000000000000000000000000000000000000000000000000000000000000000000000000000000000000000000000000000000000000000000000000000000000000000000000000000000000000000000000000000000000000000000000000000000000000000000000000000000000000000000000000000000000000000000000000000000000000000e+13 2.859556563817515529912184986068801142746279567863155656511015955128332376498434473844827960858036858104348128107078967961867073401347719890783271468691029722490240213887768315027222109854459249972187694225200404699961178246361220327519693845231054049296961277632424903432828096859930342297400000000000e+00
6.863037736488300000000000000000000000000000000000000000000000000000000000000000000000000000000000000000000000000000000000000000000000000000000000000000000000000000000000000000000000000000000000000000000000000000000000000000000000000000000000000000000000000000000000000000000000000000000000000000000000e+13 3.299727600360035989230058897387393098004450138657392204236279899249273486027835385771315423940424043262668934285180862501437862844187129145502007927277008311408174599350312799312978216198070383648453953909493652269029503520974021865329257768070410409441394015354288070649140271415855467339600000000000e+00
2.058911320946490000000000000000000000000000000000000000000000000000000000000000000000000000000000000000000000000000000000000000000000000000000000000000000000000000000000000000000000000000000000000000000000000000000000000000000000000000000000000000000000000000000000000000000000000000000000000000000000e+14 3.461419571139086689690637532214305463166034699837185568057683168799656137634074680859521372985236982829673083253812945136568091356585900656367156394748028270982093373182751056525218260171806560084344700032589386335744230943589422989566828574356760041281387856980273823874121623424900848030600000000000e+00
6.176733962839470000000000000000000000000000000000000000000000000000000000000000000000000000000000000000000000000000000000000000000000000000000000000000000000000000000000000000000000000000000000000000000000000000000000000000000000000000000000000000000000000000000000000000000000000000000000000000000000e+14 3.461208272893289576251938602380963469042548620545954402294144216645799204562594404948493616203862362174950238559265246567951689483847015265734547439341911601982964229537894663662865915689145218744935235292167116024960263520047362583234295487509704224933651572320779168453461702336337970588000000000000e+00
1.853020188851841000000000000000000000000000000000000000000000000000000000000000000000000000000000000000000000000000000000000000000000000000000000000000000000000000000000000000000000000000000000000000000000000000000000000000000000000000000000000000000000000000000000000000000000000000000000000000000000e+15 3.469550546195881855802162198630282460180721637097905066386968664640895960082748000799687391328862914376010924924619173248257322406429021218315948199868724903396886917655048953772088587410523057597855319531445649925548168258887299705563003442590607047629269927914531812538563751656649997670400000000000e+00
5.559060566555523000000000000000000000000000000000000000000000000000000000000000000000000000000000000000000000000000000000000000000000000000000000000000000000000000000000000000000000000000000000000000000000000000000000000000000000000000000000000000000000000000000000000000000000000000000000000000000000e+15 3.565773932644613579128572682758718652186526950348733256493402368021457709950211936925854355039873046640034422766632688002761500622778636683379729286491152471592841217667600675824437460686138258367672360948267050587710946424117341303006197411108370973142245762649862070913147732448969859954900000000000e+00
