1.000000000000000000000000000000000000000000000000000000000000000000000000000000000000000000000000000000000000000000000000000000000000000000000000000000000000000000000000000000000000000000000000000000000000000000000000000000000000000000000000000000000000000000000000000000000000000000000000000000000000e+01 5.516476983577304106053424126979528546113187882623940793832936196408013752369549463914612177389633478010211760927040030418186763427502937802900146939694797261882885588028865727626038100820481937863491968783671142622198237894560460906195483159139184861162961898306469642546453752458998074389900000000000e-03
3.000000000000000000000000000000000000000000000000000000000000000000000000000000000000000000000000000000000000000000000000000000000000000000000000000000000000000000000000000000000000000000000000000000000000000000000000000000000000000000000000000000000000000000000000000000000000000000000000000000000000e+01 2.022318155531393952652322876717045684195853632245275000316880827309333653404512920724750176737434354065434707169654359203951403645396692477838389079754171872241758453621889095493780448487752625754420815578640054730228742043531530481111143265877080629976659681747539334827627184551370349757800000000000e-02
9.000000000000000000000000000000000000000000000000000000000000000000000000000000000000000000000000000000000000000000000000000000000000000000000000000000000000000000000000000000000000000000000000000000000000000000000000000000000000000000000000000000000000000000000000000000000000000000000000000000000000e+01 5.884211556627154414928533251054256774409860888604397928313400297004628850791192381586859990748940715954965232938706598613664487556459773591315601674099078280704537564276470892992364056818857128388791617480915217698767443085840453783576115921137741131351919709835354706504745707260413018801400000000000e-02
2.700000000000000000000000000000000000000000000000000000000000000000000000000000000000000000000000000000000000000000000000000000000000000000000000000000000000000000000000000000000000000000000000000000000000000000000000000000000000000000000000000000000000000000000000000000000000000000000000000000000000e+02 6.699001125641527457917875988496428090908022223338794362954847787210830231172545966487594027452376011676014113732249071401517789943663764137011603642601573154816556620889476011721504938316806910748283214254692746185160039815383415509973611985113055797468020501827906962882292553312417293093900000000000e-02
8.100000000000000000000000000000000000000000000000000000000000000000000000000000000000000000000000000000000000000000000000000000000000000000000000000000000000000000000000000000000000000000000000000000000000000000000000000000000000000000000000000000000000000000000000000000000000000000000000000000000000e+02 2.260380747639861004878714792253389856244147924628085660526858488306080621698524761940022700847611587979759534429871466655721827340436393441452725642140750024150378398249866566544385592661005394792536488931286386649410017959799778890640465897752099538321942885354710140226433388694830544272200000000000e-01
2.430000000000000000000000000000000000000000000000000000000000000000000000000000000000000000000000000000000000000000000000000000000000000000000000000000000000000000000000000000000000000000000000000000000000000000000000000000000000000000000000000000000000000000000000000000000000000000000000000000000000e+03 2.528628086394476418338149838490363233236715094313268348517005740134445844602334758365302963654318397120916174276426246692731985856529555823967717184311560498272835187646721367132834719013678823680371454883793768916831286015100051938335891448044725752037623000242226218053241869048179174014300000000000e-01
7.290000000000000000000000000000000000000000000000000000000000000000000000000000000000000000000000000000000000000000000000000000000000000000000000000000000000000000000000000000000000000000000000000000000000000000000000000000000000000000000000000000000000000000000000000000000000000000000000000000000000e+03 4.776566478528488313138070910336380473737551894589521746906359578717922311737174465562770488015920136376647591027197896286785420243234808172636359811655499367259489768521187916135593323055863298751676413817551177871856378992887799707644531106431556300634584865995661298762567777789782767594600000000000e-02
2.187000000000000000000000000000000000000000000000000000000000000000000000000000000000000000000000000000000000000000000000000000000000000000000000000000000000000000000000000000000000000000000000000000000000000000000000000000000000000000000000000000000000000000000000000000000000000000000000000000000000e+04 5.316949722435072015193199389565291487314138361192525901581934193794234544520109738474774497982700006237443355235622525845779266902181646183736303882633710478903590438929171922546560482794390785443963946928293067347842587258795287556592056473472601954453088987591059040121943768392069346021800000000000e-01
6.561000000000000000000000000000000000000000000000000000000000000000000000000000000000000000000000000000000000000000000000000000000000000000000000000000000000000000000000000000000000000000000000000000000000000000000000000000000000000000000000000000000000000000000000000000000000000000000000000000000000e+04 4.892327841321923708877945150491125655573396429917371876127582033619340331917140724617527767147967920704842142355741230902755417797635530602635811366352631154278194629230580087486343364111357338268348887602924244071717926991307336096198388003570430225795090687790599446028018410346649361140400000000000e-01
1.968300000000000000000000000000000000000000000000000000000000000000000000000000000000000000000000000000000000000000000000000000000000000000000000000000000000000000000000000000000000000000000000000000000000000000000000000000000000000000000000000000000000000000000000000000000000000000000000000000000000e+05 6.379035273348584345196396531053807727465852127065551725697558039044256359779980276075493941020315163625806754665011352036101782153053379429933948085690197007935523679030252931071544216035679533652335705929761660781646068706557859959737842603139661004598331524485883263621218360705494792676400000000000e-01
5.904900000000000000000000000000000000000000000000000000000000000000000000000000000000000000000000000000000000000000000000000000000000000000000000000000000000000000000000000000000000000000000000000000000000000000000000000000000000000000000000000000000000000000000000000000000000000000000000000000000000e+05 4.099250254140244435531706561203002085804329350509622667543767208893423576078479076357722359212384672008844655202249546593783936875344074176206726486696577564095451724235661011011209154945824806760097158153505401174593863980695073927033237342413636505350670478362379320419964726664865157730300000000000e-01
1.771470000000000000000000000000000000000000000000000000000000000000000000000000000000000000000000000000000000000000000000000000000000000000000000000000000000000000000000000000000000000000000000000000000000000000000000000000000000000000000000000000000000000000000000000000000000000000000000000000000000e+06 7.332859893762519791859034977190158843167171974643147755948556891861710414387791794187623780781024426033388815570498089226078836677408734426700021918302733534402336984309100673144728428022490526852400472917537821038923954708794449896299695540132367868240741038815086253405148072036292900490000000000000e-01
5.314410000000000000000000000000000000000000000000000000000000000000000000000000000000000000000000000000000000000000000000000000000000000000000000000000000000000000000000000000000000000000000000000000000000000000000000000000000000000000000000000000000000000000000000000000000000000000000000000000000000e+06 1.272564604655239169488476567862687605534878534750921923897016286342307600265675560090011831031055827604922053677093599705609532599825454093301695823249300967028440894978759336058935481934288630824461989444061873877254866215385090600761054144333598159469202022069092380680133735459667196443600000000000e+00
1.594323000000000000000000000000000000000000000000000000000000000000000000000000000000000000000000000000000000000000000000000000000000000000000000000000000000000000000000000000000000000000000000000000000000000000000000000000000000000000000000000000000000000000000000000000000000000000000000000000000000e+07 2.178605752401022913268800683295958855866649737588370113168124892986926860049732169650743965047346189961373475054201071059440695193500874636717482466102289160490595603092806606953259677008356823709757203158359607962555233775669251427656642664796112587165470982161339354390730755856940240510400000000000e+00
4.782969000000000000000000000000000000000000000000000000000000000000000000000000000000000000000000000000000000000000000000000000000000000000000000000000000000000000000000000000000000000000000000000000000000000000000000000000000000000000000000000000000000000000000000000000000000000000000000000000000000e+07 2.666967251631932689685256863312742602101296808660852346629480650987614294533012231705518689798506344473352196040213613232258377060110335931248225344016154664813574858270561269596315708646644751927439258663015169301354916504689165372286983646684053055846380947202421657466210237600548534454000000000000e+00
1.434890700000000000000000000000000000000000000000000000000000000000000000000000000000000000000000000000000000000000000000000000000000000000000000000000000000000000000000000000000000000000000000000000000000000000000000000000000000000000000000000000000000000000000000000000000000000000000000000000000000e+08 2.824064977314561064290064338447675619657738349185596814463005076231825915688537389375621592739853242718819949347573023867115680336972141901990086403067236141087825446527867025989452457432324383568702234962965747474760822839925768567230704845999529897327535330960796219257290702007932541717200000000000e+00
4.304672100000000000000000000000000000000000000000000000000000000000000000000000000000000000000000000000000000000000000000000000000000000000000000000000000000000000000000000000000000000000000000000000000000000000000000000000000000000000000000000000000000000000000000000000000000000000000000000000000000e+08 1.138707215244905683834574787050598618826974832587864906138438389369725238212350575763254801103517113555598855442212254625110477964148109558710831907074048243286220086300662103970438413239804283459440721523059155348089001615640780746225913187782531568043424506420969985320727797389026291053400000000000e+00
1.291401630000000000000000000000000000000000000000000000000000000000000000000000000000000000000000000000000000000000000000000000000000000000000000000000000000000000000000000000000000000000000000000000000000000000000000000000000000000000000000000000000000000000000000000000000000000000000000000000000000e+09 0.000000000000000000000000000000000000000000000000000000000000000000000000000000000000000000000000000000000000000000000000000000000000000000000000000000000000000000000000000000000000000000000000000000000000000000000000000000000000000000000000000000000000000000000000000000000000000000000000000000000000e+00
3.874204890000000000000000000000000000000000000000000000000000000000000000000000000000000000000000000000000000000000000000000000000000000000000000000000000000000000000000000000000000000000000000000000000000000000000000000000000000000000000000000000000000000000000000000000000000000000000000000000000000e+09 1.722866283376717135363084288395657225099088662887508728457163141664822059726907911337854525730956932922990784491880732048045173325669663385920635875215152282472166033450386932380213942676255516207571433002412719689365441980174192765619844258692055252240546220374317066864282810644914284456900000000000e+00
1.162261467000000000000000000000000000000000000000000000000000000000000000000000000000000000000000000000000000000000000000000000000000000000000000000000000000000000000000000000000000000000000000000000000000000000000000000000000000000000000000000000000000000000000000000000000000000000000000000000000000e+10 1.196353295143144281143211463988963640043623269784633485347960135057799618637389477409082466644804891150866403383836335154267259499409761010294277654507515127971224068179337450051561283827799621808482849716157285251605434677655712563306050511167740004465435054755443098090104133983503335872700000000000e+00
3.486784401000000000000000000000000000000000000000000000000000000000000000000000000000000000000000000000000000000000000000000000000000000000000000000000000000000000000000000000000000000000000000000000000000000000000000000000000000000000000000000000000000000000000000000000000000000000000000000000000000e+10 1.399856096627861648234840835928720334734628481028970375584040301617939309127027825565769163297118006235994522585173489918416870408024158220711045380278106225581792550719120159453507589356480790618387440967193748043130303340473915429298764681170908922407470705414647924849008283595310863587000000000000e+00
1.046035320300000000000000000000000000000000000000000000000000000000000000000000000000000000000000000000000000000000000000000000000000000000000000000000000000000000000000000000000000000000000000000000000000000000000000000000000000000000000000000000000000000000000000000000000000000000000000000000000000e+11 1.421686582360254006344525615497379798935883639957688081077606003076334603142563783029998690741648125611716825229599889824057083753210960282683782601084603327730580674763844077456664196358195014053265136086886160162355623448382814388190493264055338853812496844424186617917027177472470795842800000000000e+00
3.138105960900000000000000000000000000000000000000000000000000000000000000000000000000000000000000000000000000000000000000000000000000000000000000000000000000000000000000000000000000000000000000000000000000000000000000000000000000000000000000000000000000000000000000000000000000000000000000000000000000e+11 1.569121768511164716759682238632484680744055347354589290341090479504728330717397318666495693123926697075172682649388475472328419190704360090932520800079635848471710891032448698672694935435102222525779045272915320138459770129895736438332132416019143242870379398678668064199050621319974190978400000000000e+00
9.414317882700000000000000000000000000000000000000000000000000000000000000000000000000000000000000000000000000000000000000000000000000000000000000000000000000000000000000000000000000000000000000000000000000000000000000000000000000000000000000000000000000000000000000000000000000000000000000000000000000e+11 1.032088781634769371504668894418787105575389109257831006666387949380746637034721822873487759585647087933641758336714422717579086166624639905308276559470449190466465184732549894256918966667796022956781353028261129628599421619693610526148024329828914735804148535921198764513474468261217396334400000000000e+00
2.824295364810000000000000000000000000000000000000000000000000000000000000000000000000000000000000000000000000000000000000000000000000000000000000000000000000000000000000000000000000000000000000000000000000000000000000000000000000000000000000000000000000000000000000000000000000000000000000000000000000e+12 8.267236467647495765459375765797981649233531136378788236678117251325982700947731505372772043465906613308068967578847769820753002139126066588393926361826540247458918744052631788033195171620380097545261391022387239958156811534189660146325048001026784741446593572378104897965027030698369274620900000000000e-01
8.472886094430000000000000000000000000000000000000000000000000000000000000000000000000000000000000000000000000000000000000000000000000000000000000000000000000000000000000000000000000000000000000000000000000000000000000000000000000000000000000000000000000000000000000000000000000000000000000000000000000e+12 9.136357191937297284380030124280624931608941347509271522574606416443272239976268616721279244802330142403695601597367158829185746012452676100343544940885237261813142459862094350749606647654076782519401877409618472084920368727284878445081808374709297731671833180077336123597814547105270303531900000000000e-01
2.541865828329000000000000000000000000000000000000000000000000000000000000000000000000000000000000000000000000000000000000000000000000000000000000000000000000000000000000000000000000000000000000000000000000000000000000000000000000000000000000000000000000000000000000000000000000000000000000000000000000e+13 7.102175146246736213918288899217309091671988581284685637501067531206243890109917801625759460703696731955144018540419023215379078748639903010956739380995339263778316487305786374584140452731769799219539737181207171619545102023301549932703159198890712935649541627295724752410849659905489044206600000000000e-01
7.625597484987000000000000000000000000000000000000000000000000000000000000000000000000000000000000000000000000000000000000000000000000000000000000000000000000000000000000000000000000000000000000000000000000000000000000000000000000000000000000000000000000000000000000000000000000000000000000000000000000e+13 5.427100715401272327198357427475737539890923521321643284958636860973118006774189842265453788938186440604279225931397690984494843430721684319166001857501634484675369547916614349273579467115981018450840977633730122778988261673048973695480160198802740851557100782605440936060389785532522621987700000000000e-01
2.287679245496100000000000000000000000000000000000000000000000000000000000000000000000000000000000000000000000000000000000000000000000000000000000000000000000000000000000000000000000000000000000000000000000000000000000000000000000000000000000000000000000000000000000000000000000000000000000000000000000e+14 7.181689297703390221755596681159549290208048980797754149975611030754101094911225060463893795655223085253045719306299309128868311925845075000362481226836603885981040153837822503597906945069932463912631786034642445348743864793982511675990719968842370702420439371620130627542019778750825775592500000000000e-01
6.863037736488300000000000000000000000000000000000000000000000000000000000000000000000000000000000000000000000000000000000000000000000000000000000000000000000000000000000000000000000000000000000000000000000000000000000000000000000000000000000000000000000000000000000000000000000000000000000000000000000e+14 1.554434224713575764904506622546478423383733599188250110954329044809263667601041531872400908782940706899127165859721383493460957581539612173498507782250531636288862906276678162685348068747517701791302106174915327800763438288568127295288054560645979127960047056893442760311915841165947661957200000000000e+00
2.058911320946490000000000000000000000000000000000000000000000000000000000000000000000000000000000000000000000000000000000000000000000000000000000000000000000000000000000000000000000000000000000000000000000000000000000000000000000000000000000000000000000000000000000000000000000000000000000000000000000e+15 4.862731800958427808531401271016605438820054950238064598733514827958024718742743813205856953453761574019485389871686675048034271246370338113964755865800593951443633634425116817916822793488428249455009788331916476600261882312370655034543658409634453598723040241551590318565896058671492087159300000000000e-01
6.176733962839470000000000000000000000000000000000000000000000000000000000000000000000000000000000000000000000000000000000000000000000000000000000000000000000000000000000000000000000000000000000000000000000000000000000000000000000000000000000000000000000000000000000000000000000000000000000000000000000e+15 4.360210744926367477365372046159043544880632340169663337358757799436354390074703245711691649078909681968511234024618078782253548632554910641336075091016808583359024075089186665870268282778074282223076905810915716466576941432070944689602385939181313588148624583076628878247784584860475671239100000000000e-01
