1.000000000000000000000000000000000000000000000000000000000000000000000000000000000000000000000000000000000000000000000000000000000000000000000000000000000000000000000000000000000000000000000000000000000000000000000000000000000000000000000000000000000000000000000000000000000000000000000000000000000000e+01 5.486995441919044573813428850108777943880430120755123467752376203580999103283183956710794882444888130310761449796004756067403491938656900679552760245539089272698278322941775784863606523851317180646847648630765030777003531095159888884682498253258977563847195896291352296735345108380733363814100000000000e-16
3.000000000000000000000000000000000000000000000000000000000000000000000000000000000000000000000000000000000000000000000000000000000000000000000000000000000000000000000000000000000000000000000000000000000000000000000000000000000000000000000000000000000000000000000000000000000000000000000000000000000000e+01 5.663589733897924365880910951357670924969181107061408633567308986827013299326214171985130238919856139436706604539651861887722122042705462881262786346934583292894923412008387961103616531818977821273436712700873644362390901294023873921043603481942973037879881106686829206756669623886728421160600000000000e-16
9.000000000000000000000000000000000000000000000000000000000000000000000000000000000000000000000000000000000000000000000000000000000000000000000000000000000000000000000000000000000000000000000000000000000000000000000000000000000000000000000000000000000000000000000000000000000000000000000000000000000000e+01 5.608831926043395319313888239102334902193091207498751802261799175772908270866239821561607203370212244023358208141722215043679011965510800492646318407850890707434933170329287151995808709259700700571560358505094981297815395601590872373361255973367390729235124036742868597378909089069969342373900000000000e-16
2.700000000000000000000000000000000000000000000000000000000000000000000000000000000000000000000000000000000000000000000000000000000000000000000000000000000000000000000000000000000000000000000000000000000000000000000000000000000000000000000000000000000000000000000000000000000000000000000000000000000000e+02 5.857884299927442188168422456113798074047994339217029414844906391254786181598823588214640184687849936585831728452494295911864256712016689796296756104746337535103270183996425099766906330808850405055453284298429284257774925431194559098916258142462944434657360148705934437126390574974403729435600000000000e-16
8.100000000000000000000000000000000000000000000000000000000000000000000000000000000000000000000000000000000000000000000000000000000000000000000000000000000000000000000000000000000000000000000000000000000000000000000000000000000000000000000000000000000000000000000000000000000000000000000000000000000000e+02 5.665483907464726782744036474054297831495983183727663453752481305814606023319472094101782065017376599999446085010297952246960863317007150607188024622431446728435689009532903156261788469160706290166234897237102177029647711239362051884177386732737042569334449526649591279926532117267287828683800000000000e-16
2.430000000000000000000000000000000000000000000000000000000000000000000000000000000000000000000000000000000000000000000000000000000000000000000000000000000000000000000000000000000000000000000000000000000000000000000000000000000000000000000000000000000000000000000000000000000000000000000000000000000000e+03 5.785609839958338020235939968209351455349077895684839827708321702070330308480963403354905301153049662137747963893959916581770292809625311314598788222392628060167358959015703364108071450876411838216518119589334311794274081837796344616453082514309927355191046731298078022735518247125765519885500000000000e-16
7.290000000000000000000000000000000000000000000000000000000000000000000000000000000000000000000000000000000000000000000000000000000000000000000000000000000000000000000000000000000000000000000000000000000000000000000000000000000000000000000000000000000000000000000000000000000000000000000000000000000000e+03 5.130910160054177043308159731908641504049136891290482079090716432495715869064332669635024617620377927067115648796211560106634929412206729474810093289652098801772036875600609195025902949652950321936271158361090094262026037679091046077589482887269625595286064158855394967056698086450492883661400000000000e-16
2.187000000000000000000000000000000000000000000000000000000000000000000000000000000000000000000000000000000000000000000000000000000000000000000000000000000000000000000000000000000000000000000000000000000000000000000000000000000000000000000000000000000000000000000000000000000000000000000000000000000000e+04 5.387495555026225012659258965784281296224417443676490384063271448777321129011529863657966565272280543438506086201400074567039944573147894528982675077584525156024569607113713246130898831610086012583255797124166195755869678905013977865967533341862635846704006650352958307100367657810106122557000000000000e-16
6.561000000000000000000000000000000000000000000000000000000000000000000000000000000000000000000000000000000000000000000000000000000000000000000000000000000000000000000000000000000000000000000000000000000000000000000000000000000000000000000000000000000000000000000000000000000000000000000000000000000000e+04 5.594553713562885974123491909000614127584794075994723405381453272809032713776946914241683010959972420691328741147313015369548257728592061544725447519791951837254529261241360527780682432782003096268376787063932925359879761299112147297488816300328123842125556948516072994028578955979665108458800000000000e-16
1.968300000000000000000000000000000000000000000000000000000000000000000000000000000000000000000000000000000000000000000000000000000000000000000000000000000000000000000000000000000000000000000000000000000000000000000000000000000000000000000000000000000000000000000000000000000000000000000000000000000000e+05 5.415876439342603811601704601039671457173292838073203488868533694262771107627205423872097543539934526744422390769431644622340913351071627180790675988480562657508373397472340134994606237923149450872619286995675019948093522678646620421637841069962065846892979629038823607905749883313930240046900000000000e-16
5.904900000000000000000000000000000000000000000000000000000000000000000000000000000000000000000000000000000000000000000000000000000000000000000000000000000000000000000000000000000000000000000000000000000000000000000000000000000000000000000000000000000000000000000000000000000000000000000000000000000000e+05 5.294545572573380542702140784969026021879920362359149622985765916605401201866745629459586566560930308945330842888052784350349623269129406938572509107354895617997477511345721455122774313025545269701023700835284587571274632367925946044145057157468807226562596121556752417866530894200498796061700000000000e-16
1.771470000000000000000000000000000000000000000000000000000000000000000000000000000000000000000000000000000000000000000000000000000000000000000000000000000000000000000000000000000000000000000000000000000000000000000000000000000000000000000000000000000000000000000000000000000000000000000000000000000000e+06 5.754979762376088561428405096489887437824635494085586300352816585217150121669797568633379613119079393840938573127630503677423736757601321465843544864063860217590747351155121213447741639117194376940942181381015050508846592168556911576817783114646241779482491012862134513485973453987881474232500000000000e-16
5.314410000000000000000000000000000000000000000000000000000000000000000000000000000000000000000000000000000000000000000000000000000000000000000000000000000000000000000000000000000000000000000000000000000000000000000000000000000000000000000000000000000000000000000000000000000000000000000000000000000000e+06 5.567470365702108120282487065143485669485223768232951539229464728383997673492439102929846817333089366080980024956510519875007313981713303137078516181861318211766886315988036331284501785156948704592407315773283312464729745939278584769106406230850179746615495293997660597940772206045197502061600000000000e-16
1.594323000000000000000000000000000000000000000000000000000000000000000000000000000000000000000000000000000000000000000000000000000000000000000000000000000000000000000000000000000000000000000000000000000000000000000000000000000000000000000000000000000000000000000000000000000000000000000000000000000000e+07 5.716033226553414958427127340917953428330364718967397124875580772333053027242575750716586250121052778315657301507859631178268999424399161366798185533472827053498953771580165034809084259841278856467499492842295903118668900687359327159242011614931105264647873947891892067609670905742115049930100000000000e-16
4.782969000000000000000000000000000000000000000000000000000000000000000000000000000000000000000000000000000000000000000000000000000000000000000000000000000000000000000000000000000000000000000000000000000000000000000000000000000000000000000000000000000000000000000000000000000000000000000000000000000000e+07 5.799967348798192373072897042069337403419426367605231813904429642299071058835912230059139670060983614274379236715128399844650860407632681847145986838254795997094385277023138635395425732664306929243038821822154405013398251849142466942619297894594636757499864148119430458254816571358203661613100000000000e-16
1.434890700000000000000000000000000000000000000000000000000000000000000000000000000000000000000000000000000000000000000000000000000000000000000000000000000000000000000000000000000000000000000000000000000000000000000000000000000000000000000000000000000000000000000000000000000000000000000000000000000000e+08 5.652092193319484633113898579272639687032685271810877551853894340600415983665084783758248515736677181655922519339928909044484287064368254263856706043008818172142120695441346912034420295333130635313641036890625219397926398922342357370763682195813657522618935645470367352786978941781862318592400000000000e-16
4.304672100000000000000000000000000000000000000000000000000000000000000000000000000000000000000000000000000000000000000000000000000000000000000000000000000000000000000000000000000000000000000000000000000000000000000000000000000000000000000000000000000000000000000000000000000000000000000000000000000000e+08 5.467473884736392821904912886073359876870621305016443455422362652269772641297066520760281814844762771067536782864357634747363260294043862650528738285214720070316398848829389503964323963577040977556782764304587081825023224785914452755340923565135279500987095531296805590102610115291104333924400000000000e-16
1.291401630000000000000000000000000000000000000000000000000000000000000000000000000000000000000000000000000000000000000000000000000000000000000000000000000000000000000000000000000000000000000000000000000000000000000000000000000000000000000000000000000000000000000000000000000000000000000000000000000000e+09 5.451060042570557640093165043984739767611732310218037130067549555077855303608663789337340333378227957404815077407181479489368627811231110471613300343560214133881446558088392719698845008390454165511339867973485026792029461279056503883090291795401832701373494365583105461472610339500553768947600000000000e-16
3.874204890000000000000000000000000000000000000000000000000000000000000000000000000000000000000000000000000000000000000000000000000000000000000000000000000000000000000000000000000000000000000000000000000000000000000000000000000000000000000000000000000000000000000000000000000000000000000000000000000000e+09 5.617759358296703960394451962469415180962255050436252231183209908435828590189476044765145181188013847554261904541453375673434932774765288185214941242503478982549681498509972240033757108322278020992718870826064002275458478068881438864521524846419754111496456388909711061456389234026285704168400000000000e-16
1.162261467000000000000000000000000000000000000000000000000000000000000000000000000000000000000000000000000000000000000000000000000000000000000000000000000000000000000000000000000000000000000000000000000000000000000000000000000000000000000000000000000000000000000000000000000000000000000000000000000000e+10 5.442429565876225651688617043176315062597940817641786903521279147508512049343439326091260185104102496149839308502512382978897592887517844630002497324008439680759705607236429104259270355057714219950744783841793732939669986378891394892585358218107880702255887994637898148079535009534926970369600000000000e-16
3.486784401000000000000000000000000000000000000000000000000000000000000000000000000000000000000000000000000000000000000000000000000000000000000000000000000000000000000000000000000000000000000000000000000000000000000000000000000000000000000000000000000000000000000000000000000000000000000000000000000000e+10 5.566297781385180563861676760514437279427054787331129407834154353938618447720466797229475569961436995866660114476512793219134002163201359272105952051758871229514492840792062791428152935910937325236951969354678121612102809165301993893689502171683041847618624701272727746829482914782143876908200000000000e-16
1.046035320300000000000000000000000000000000000000000000000000000000000000000000000000000000000000000000000000000000000000000000000000000000000000000000000000000000000000000000000000000000000000000000000000000000000000000000000000000000000000000000000000000000000000000000000000000000000000000000000000e+11 5.746159700392196974244630119424149967589664551383477853050530891329753225441674562110914880783946458075892827348766311837926297210409424497729440545896642389393995626410138852548608808040435788902734913384246012004697792397637732999485511832882993380987757051433323916158818084656940939592400000000000e-16
3.138105960900000000000000000000000000000000000000000000000000000000000000000000000000000000000000000000000000000000000000000000000000000000000000000000000000000000000000000000000000000000000000000000000000000000000000000000000000000000000000000000000000000000000000000000000000000000000000000000000000e+11 5.451842859241821864695042017275357020083204457952039260755171398472182958537048274008125062630320671461246066813595249106332270172292895141970210016054140912994965412411377446987112367961090339311594281609339850970577344508181485304018155473719281920716919283182512178907279362731836953303800000000000e-16
9.414317882700000000000000000000000000000000000000000000000000000000000000000000000000000000000000000000000000000000000000000000000000000000000000000000000000000000000000000000000000000000000000000000000000000000000000000000000000000000000000000000000000000000000000000000000000000000000000000000000000e+11 5.817712298071437634171797165259974705796067096337845931558983500182578859723788992915678839139260197180908593093428980552563372852860858797889762627039755891120498775216766601336258186694943380757662379757689702231025607765041585775461789886295004620037618502812277552496349477981864899308100000000000e-16
2.824295364810000000000000000000000000000000000000000000000000000000000000000000000000000000000000000000000000000000000000000000000000000000000000000000000000000000000000000000000000000000000000000000000000000000000000000000000000000000000000000000000000000000000000000000000000000000000000000000000000e+12 5.390653937371542648558328488438730277672953692361412871517430554106108557807113997277821555962553075565038095005855364465144221308560850672458609233222088679006440016633057340106267481424886506020616592260135237650328919172008845665251026503815865450631816164157253728534585968936444234991200000000000e-16
8.472886094430000000000000000000000000000000000000000000000000000000000000000000000000000000000000000000000000000000000000000000000000000000000000000000000000000000000000000000000000000000000000000000000000000000000000000000000000000000000000000000000000000000000000000000000000000000000000000000000000e+12 5.395243414655165350309431954793933764664435623726773251293978103256799788304246250479261117827974211054034629847278077499366088165832741555140589350050206730755943087368774488668296299579837499874652415161883584682002559472542156206578439832226957134651864194547241576143561412286709534461400000000000e-16
2.541865828329000000000000000000000000000000000000000000000000000000000000000000000000000000000000000000000000000000000000000000000000000000000000000000000000000000000000000000000000000000000000000000000000000000000000000000000000000000000000000000000000000000000000000000000000000000000000000000000000e+13 5.533287561483970849085981250263191475559694646757859177463092839349348471392227690760558663784313184887299052380972390483038461102376238765830059106000043949594619008044894427787207554988244617274339944466132614659336591902552702826440473191312788511960645336702665779213715658101106011413200000000000e-16
7.625597484987000000000000000000000000000000000000000000000000000000000000000000000000000000000000000000000000000000000000000000000000000000000000000000000000000000000000000000000000000000000000000000000000000000000000000000000000000000000000000000000000000000000000000000000000000000000000000000000000e+13 5.461246620191702764368926389987787129772098287728214769825949481345426095341124343914309778175464509198459732585999506073017730858469219959979291214899821742688498202753804693101424824102367021537079903706619245388787921938203278075250811343813070106409620300046030474173737464592505818217100000000000e-16
2.287679245496100000000000000000000000000000000000000000000000000000000000000000000000000000000000000000000000000000000000000000000000000000000000000000000000000000000000000000000000000000000000000000000000000000000000000000000000000000000000000000000000000000000000000000000000000000000000000000000000e+14 5.516907600204248614314099479214391545309820255923541452076970225286913141951774112162908748270333271178691213612766441901488529367899967725611633948861052166138396128597715368504843579007745522749151105300619326654306617185678042370349056948663619084376691787370738150983964246583078492168100000000000e-16
6.863037736488300000000000000000000000000000000000000000000000000000000000000000000000000000000000000000000000000000000000000000000000000000000000000000000000000000000000000000000000000000000000000000000000000000000000000000000000000000000000000000000000000000000000000000000000000000000000000000000000e+14 5.519345280873644104947910411329730520481831695764035459939808315931392541586359191097800267429155665766799428710943542737624139968938854419311786473139049982996522176287965374047038750628519547852442452483914359001398959980787605671273107213780944492038718083718406969100991318487024104695400000000000e-16
2.058911320946490000000000000000000000000000000000000000000000000000000000000000000000000000000000000000000000000000000000000000000000000000000000000000000000000000000000000000000000000000000000000000000000000000000000000000000000000000000000000000000000000000000000000000000000000000000000000000000000e+15 5.871579715408868990611767141072924053907247014299831921103112502319916993906480762533520336362880297186742247106110139949713480987126102352209241364619499796785871587711206259580275333227972420659542883564165384166591023058395935212663464534551745383792021494634077455955062068257691911656500000000000e-16
6.176733962839470000000000000000000000000000000000000000000000000000000000000000000000000000000000000000000000000000000000000000000000000000000000000000000000000000000000000000000000000000000000000000000000000000000000000000000000000000000000000000000000000000000000000000000000000000000000000000000000e+15 7.931789906391413059440494958495678973182375795340115192640664272661050405440632100711082939779975084676167760857895346633468892498033162332487636468115897793127279418229275985738007249792585990691007162960598143748425819818910335720837402856424131074997298157138377894468526036319512477653300000000000e-16
