1.000000000000000000000000000000000000000000000000000000000000000000000000000000000000000000000000000000000000000000000000000000000000000000000000000000000000000000000000000000000000000000000000000000000000000000000000000000000000000000000000000000000000000000000000000000000000000000000000000000000000e+01 1.724072710466230091225485903523428247784206193502774540370369489394726854876837364399483701368819566601904018728576985337276295047910321463082656700863997064717565113736023238224722937363872651861931451788617357458839886263782414860245638830651280993258121236265671023857594731144838834782400000000000e-07
3.000000000000000000000000000000000000000000000000000000000000000000000000000000000000000000000000000000000000000000000000000000000000000000000000000000000000000000000000000000000000000000000000000000000000000000000000000000000000000000000000000000000000000000000000000000000000000000000000000000000000e+01 2.015040642316861348083948255788899035258831800147601971856668709345669721080852350918548468896876555468306021355844795911040377715991887461635886318537756942502649029170057496046310140458410407681836568595716461254904890356980102588470831175092424762095929214711297696104348287626792445653000000000000e-07
9.000000000000000000000000000000000000000000000000000000000000000000000000000000000000000000000000000000000000000000000000000000000000000000000000000000000000000000000000000000000000000000000000000000000000000000000000000000000000000000000000000000000000000000000000000000000000000000000000000000000000e+01 1.415597426462110408170025822193914562048697546173036302380417702873185524926182599475696321167172585230838419023478808876614548038678687896037086290016255373702417928507020967099319207889097369822648630108190640005106250364656542718722113189745265257166397948126090792915209551712504471273700000000000e-07
2.700000000000000000000000000000000000000000000000000000000000000000000000000000000000000000000000000000000000000000000000000000000000000000000000000000000000000000000000000000000000000000000000000000000000000000000000000000000000000000000000000000000000000000000000000000000000000000000000000000000000e+02 1.930849115400541550806668287411542884752253058293997975880160597355346338422971844898492823610729793188195869886207984337895319331779922098045191576637560034791987760326294054842852970029077515911307715417174067159524350911218441461913016222701932672140501109569160292209911261523242331633700000000000e-07
8.100000000000000000000000000000000000000000000000000000000000000000000000000000000000000000000000000000000000000000000000000000000000000000000000000000000000000000000000000000000000000000000000000000000000000000000000000000000000000000000000000000000000000000000000000000000000000000000000000000000000e+02 2.343799217208503450801381848317569665348084876659766899608574701081141334435573356486600071673232047278865471950393585463729345236490497255478441609918446568074046939989936689928857985337407363656239319221925036322384360318798355059663518316029220243753771452761451639500985605793298996925000000000000e-07
2.430000000000000000000000000000000000000000000000000000000000000000000000000000000000000000000000000000000000000000000000000000000000000000000000000000000000000000000000000000000000000000000000000000000000000000000000000000000000000000000000000000000000000000000000000000000000000000000000000000000000e+03 9.739740895268033602248859038445253973222479496356592039605198442090866783871948774514209351997319155735536143051159736567538474264016343556353478949068126324844684705875348727113323450431649153826584854937135607975933884517312217110904478972905815642469086511467112466517318100883406481498600000000000e-08
7.290000000000000000000000000000000000000000000000000000000000000000000000000000000000000000000000000000000000000000000000000000000000000000000000000000000000000000000000000000000000000000000000000000000000000000000000000000000000000000000000000000000000000000000000000000000000000000000000000000000000e+03 1.407868471459997245140758250392979922970166859769038538109719995012816669751544215718514822891921071945642070380452123396366000038286887309853596547492857740973020326496231939687656012580087633919163585727861780626389451395985698265416875578902107408758777622539573314635683377606299659448100000000000e-07
2.187000000000000000000000000000000000000000000000000000000000000000000000000000000000000000000000000000000000000000000000000000000000000000000000000000000000000000000000000000000000000000000000000000000000000000000000000000000000000000000000000000000000000000000000000000000000000000000000000000000000e+04 1.793642666740368053032709680344113893909865178798428411334361158141512993373897328192507087933654867220057677351856425847731830673728077453002421234086792783176225461165590708701087800513911971534715629659115643473111311764951700598495449601553467984614973797119705866777437669788550305630200000000000e-07
6.561000000000000000000000000000000000000000000000000000000000000000000000000000000000000000000000000000000000000000000000000000000000000000000000000000000000000000000000000000000000000000000000000000000000000000000000000000000000000000000000000000000000000000000000000000000000000000000000000000000000e+04 2.063916134982809326641554620530783877650536512556583966697861133446646595014717669266947222445504541421025572726628134644272562893538102819783451675272415443947496057458798305339450808057561388869219378764080737860729835854853711491646544516593370761648788403943905176132430854745412556588700000000000e-07
1.968300000000000000000000000000000000000000000000000000000000000000000000000000000000000000000000000000000000000000000000000000000000000000000000000000000000000000000000000000000000000000000000000000000000000000000000000000000000000000000000000000000000000000000000000000000000000000000000000000000000e+05 8.883596861715921847750662729211222871474383151848291464455829006413051807552437346923362605709430745595768668521577757849997941416523822168256702018872939725410275716029948308360784813969717193502406645141053229210598749112468818496660089116991022666723820307101173814545021141044384125154000000000000e-08
5.904900000000000000000000000000000000000000000000000000000000000000000000000000000000000000000000000000000000000000000000000000000000000000000000000000000000000000000000000000000000000000000000000000000000000000000000000000000000000000000000000000000000000000000000000000000000000000000000000000000000e+05 1.256079435410855909502126017294752596741532982342251393896294736216987299596461324260514453571860405156433336350053735255786604897935042192341904493189313917532661014160974924194299323440358929646493381793177944774357107246104224097982463749804808726282215436406231285612951716686737936079000000000000e-07
1.771470000000000000000000000000000000000000000000000000000000000000000000000000000000000000000000000000000000000000000000000000000000000000000000000000000000000000000000000000000000000000000000000000000000000000000000000000000000000000000000000000000000000000000000000000000000000000000000000000000000e+06 3.597345122214746098966281809963943981317903622883524541966530713192058058145036738715272546651847001521374119244640396399192182369997688312735526758774549850682840469088370970336091837755366776707834486201298254439672749870447360331464796840372245551840163931846470079687514709047408048863500000000000e-07
5.314410000000000000000000000000000000000000000000000000000000000000000000000000000000000000000000000000000000000000000000000000000000000000000000000000000000000000000000000000000000000000000000000000000000000000000000000000000000000000000000000000000000000000000000000000000000000000000000000000000000e+06 1.545916655589127942856500199359258633671989132472857836971130161551526128680175485818206175742584842837033389956115572961233928785276236942873955978513772183374945885051284800516884998143305870458107599055997040121237179166943622184006873683547396273117594953528613983998872727132793292073600000000000e-07
1.594323000000000000000000000000000000000000000000000000000000000000000000000000000000000000000000000000000000000000000000000000000000000000000000000000000000000000000000000000000000000000000000000000000000000000000000000000000000000000000000000000000000000000000000000000000000000000000000000000000000e+07 1.576537590170393229579734738132466330073987593825748144214092852048643219415546196804201275697385104256466584247494077719104559214838522554322711833938007093561982914640579002595086475492188376331514616494895371861051182441058767031975925919431530620011701906780560103149782482616511787827100000000000e-07
4.782969000000000000000000000000000000000000000000000000000000000000000000000000000000000000000000000000000000000000000000000000000000000000000000000000000000000000000000000000000000000000000000000000000000000000000000000000000000000000000000000000000000000000000000000000000000000000000000000000000000e+07 2.140508442338379297140469777948965696346781238613600226176009096856681932576969297216736435910424276730482487031041595942388755322910635567348621761916682646185637273240178588980972687891993933931138683530457099494783622645573623086050325302712123895964287073848817914549872346963775040917700000000000e-07
1.434890700000000000000000000000000000000000000000000000000000000000000000000000000000000000000000000000000000000000000000000000000000000000000000000000000000000000000000000000000000000000000000000000000000000000000000000000000000000000000000000000000000000000000000000000000000000000000000000000000000e+08 1.398452200340061256698866273720693444168091739496095066169049014293642781169227384216081740626978030312847241287057527185258797996533927593383603607779179359744509102142832579534680094858353666200242884916815373138876123162043314319235744312697091596573723418651858728337885791663004562223400000000000e-07
4.304672100000000000000000000000000000000000000000000000000000000000000000000000000000000000000000000000000000000000000000000000000000000000000000000000000000000000000000000000000000000000000000000000000000000000000000000000000000000000000000000000000000000000000000000000000000000000000000000000000000e+08 7.361613005209500759096500958038550079755225089611624704995253175090019647290774996437834808593238576691139498435246606680804348147744836252454559611519480999219450822958503293603494354584345345225534341770375280099755208945167418895070315079649045365175820759242566545052685791895596080098800000000000e-08
1.291401630000000000000000000000000000000000000000000000000000000000000000000000000000000000000000000000000000000000000000000000000000000000000000000000000000000000000000000000000000000000000000000000000000000000000000000000000000000000000000000000000000000000000000000000000000000000000000000000000000e+09 1.323964553485769574637954590641686350860862408048122280234598849624025129034959220257853632078756822583503083142178068246890062056740421650712545510523806761215359149554357160213465666755507221984357887273740770482186827761999327336832318979934767470375458554409022889266648823681164742621000000000000e-07
3.874204890000000000000000000000000000000000000000000000000000000000000000000000000000000000000000000000000000000000000000000000000000000000000000000000000000000000000000000000000000000000000000000000000000000000000000000000000000000000000000000000000000000000000000000000000000000000000000000000000000e+09 1.915944292324195953763186701646036094528267985004118377009100373774068588823975725499409809078999043596149306208367607174580533934574066135173200119414142615422338114396510535073125978856893664508590421421381378378197298794539863641984364605352641707454988982393648958726535095969344517046100000000000e-07
1.162261467000000000000000000000000000000000000000000000000000000000000000000000000000000000000000000000000000000000000000000000000000000000000000000000000000000000000000000000000000000000000000000000000000000000000000000000000000000000000000000000000000000000000000000000000000000000000000000000000000e+10 8.672087152447504383411253438990753616386321083862651738990516155395584561440229546554420774375542402036135664535033763229107679023573622213302464608684172181811250715957295902110006632574657710334960846618746279178810978934972240035369130650766205403248363414299361314762268166322725059931900000000000e-08
3.486784401000000000000000000000000000000000000000000000000000000000000000000000000000000000000000000000000000000000000000000000000000000000000000000000000000000000000000000000000000000000000000000000000000000000000000000000000000000000000000000000000000000000000000000000000000000000000000000000000000e+10 6.122271066255898413724452759187489525648983482989004311108504146776545353456042352221226764719021756445582981487408909767505094047872717436302439506955012072723721496055386460346409506466171767585338952548454600822629932169261366952111113815506732681852421159262015245114308194580851709648200000000000e-08
1.046035320300000000000000000000000000000000000000000000000000000000000000000000000000000000000000000000000000000000000000000000000000000000000000000000000000000000000000000000000000000000000000000000000000000000000000000000000000000000000000000000000000000000000000000000000000000000000000000000000000e+11 4.012321959172668455309392678205498228791230285133201393826217095534041845472590128659236836680261416782077207049116617822691291102735899672746176669925063542583277880865584516804372589997865345616655645681068247002383033351687555541081333649887061908934119756335021479900955687910303315866900000000000e-07
3.138105960900000000000000000000000000000000000000000000000000000000000000000000000000000000000000000000000000000000000000000000000000000000000000000000000000000000000000000000000000000000000000000000000000000000000000000000000000000000000000000000000000000000000000000000000000000000000000000000000000e+11 7.255009047595684504977151403523405252998993483679289289912858787009635374426603250208873698631559778130832363106486271426382223721704371989813698705198267157253296801276167736446885125151922941454917214836709476472284115362005937129139480999926682834117952402194299273081191020178416012130300000000000e-08
9.414317882700000000000000000000000000000000000000000000000000000000000000000000000000000000000000000000000000000000000000000000000000000000000000000000000000000000000000000000000000000000000000000000000000000000000000000000000000000000000000000000000000000000000000000000000000000000000000000000000000e+11 5.364284396722753796521371905341424681813564245830450041490863892040900436655724089318742757913883998069313253536177211637084976427515076421805519034550610505455235708529905387574253234574270354598336671308555510349261554759102590225101982093267602021946969544964212688385970331363916826986200000000000e-08
2.824295364810000000000000000000000000000000000000000000000000000000000000000000000000000000000000000000000000000000000000000000000000000000000000000000000000000000000000000000000000000000000000000000000000000000000000000000000000000000000000000000000000000000000000000000000000000000000000000000000000e+12 1.050078588718086890021852462160291419049153049671732937965289777399380773454913186953605911799820071334685166218041866555754798982030096158200868774479483459556654115458374861147879449097726699730925493031076560735967428102249465000831975661441058126884896434340367768694504237652131769298600000000000e-07
8.472886094430000000000000000000000000000000000000000000000000000000000000000000000000000000000000000000000000000000000000000000000000000000000000000000000000000000000000000000000000000000000000000000000000000000000000000000000000000000000000000000000000000000000000000000000000000000000000000000000000e+12 7.856741421383545038759447794274284277085793792382642530729000269962352638976755134545855452463006591977088137638659710382298017501846652590032588371291386775057261139777305301044606961496578858797631399912264559963366668069590883415927154093095919600586699857961446545110224654865693634922300000000000e-08
2.541865828329000000000000000000000000000000000000000000000000000000000000000000000000000000000000000000000000000000000000000000000000000000000000000000000000000000000000000000000000000000000000000000000000000000000000000000000000000000000000000000000000000000000000000000000000000000000000000000000000e+13 4.253584361522942450160219268278200355655707524413813851334017015955654016659834248322151245555367280419119844758891756285426296985102184757983327001555784476400014499082503311732698430254415773807746161594870590960486226802303593777738357234816384876320925589843746271286839894124769587718900000000000e-07
7.625597484987000000000000000000000000000000000000000000000000000000000000000000000000000000000000000000000000000000000000000000000000000000000000000000000000000000000000000000000000000000000000000000000000000000000000000000000000000000000000000000000000000000000000000000000000000000000000000000000000e+13 8.630093642312692902879379058925584057417139094834854565226340958771973050599361159474434206186331257723152650285027234397579999661654190918846530490791771764136090660696491703186699077649980672050350418383168676408065771003931601273451799187126347627685511163537102646807104268896324603882900000000000e-08
2.287679245496100000000000000000000000000000000000000000000000000000000000000000000000000000000000000000000000000000000000000000000000000000000000000000000000000000000000000000000000000000000000000000000000000000000000000000000000000000000000000000000000000000000000000000000000000000000000000000000000e+14 1.889407709621616177554545040525898160018500167965463368348618615432439410048252739095752984275677092845032595291362079873348198697419422011777764041839908426948319954843605737090493518252679917982030335270661952766802478107802596736372352071272680279266520043870004895919143317922601614617800000000000e-07
6.863037736488300000000000000000000000000000000000000000000000000000000000000000000000000000000000000000000000000000000000000000000000000000000000000000000000000000000000000000000000000000000000000000000000000000000000000000000000000000000000000000000000000000000000000000000000000000000000000000000000e+14 2.350379678454183196804133159910711065139669902054205915020455492395338083745872072079166794253139914495798000796493523141482768050314646207885214714865882759679631983551285076249712921374563941333112646375285098255368905643873810828779467725546265755718961156584387627815056878413162154912700000000000e-07
2.058911320946490000000000000000000000000000000000000000000000000000000000000000000000000000000000000000000000000000000000000000000000000000000000000000000000000000000000000000000000000000000000000000000000000000000000000000000000000000000000000000000000000000000000000000000000000000000000000000000000e+15 1.363231578711931840956638101309392541984824022758670019055535996765996348802533701359887758678044496106721789549645499775918860426738712561948335725473464599418096042522458725010082647763444069732575558102423842426446470378154571976969543376693562584676204004165672133956821955179669108300600000000000e-07
6.176733962839470000000000000000000000000000000000000000000000000000000000000000000000000000000000000000000000000000000000000000000000000000000000000000000000000000000000000000000000000000000000000000000000000000000000000000000000000000000000000000000000000000000000000000000000000000000000000000000000e+15 1.090753035831822014611140451507722862589636371770552236705682777245101985047965025879302586759188368557606314303881817561502103683304688480291499057230491935356588711714901915359225777817936778949954390384812608805313742287758852228068304655109837269559517569844720387393525601594794934696600000000000e-07
