1.000000000000000000000000000000000000000000000000000000000000000000000000000000000000000000000000000000000000000000000000000000000000000000000000000000000000000000000000000000000000000000000000000000000000000000000000000000000000000000000000000000000000000000000000000000000000000000000000000000000000e+01 7.571355414861758773452719760835858747253784368118896633664179163752973381787703256795958251645902423694899055570282621278239020741807943666934188180084795357834764987452598753972027777363392688634733186836916238354286823576416414851312981023371580453939694699013167689131622454579217405304900000000000e-08
3.000000000000000000000000000000000000000000000000000000000000000000000000000000000000000000000000000000000000000000000000000000000000000000000000000000000000000000000000000000000000000000000000000000000000000000000000000000000000000000000000000000000000000000000000000000000000000000000000000000000000e+01 8.184892170947283182075217793337916813138856185879926522162818526679860251219215312647440989573916376590437545960815697975539457082968617128429961921111534791130446006160929001360672815007961009847461967267097813104644896984667742052456812828018060160305981993014068760012593573767630299025000000000000e-08
9.000000000000000000000000000000000000000000000000000000000000000000000000000000000000000000000000000000000000000000000000000000000000000000000000000000000000000000000000000000000000000000000000000000000000000000000000000000000000000000000000000000000000000000000000000000000000000000000000000000000000e+01 7.175002781165956625815396429445109697832367571686405742283128034386509756690509322889336642428852770525742699799716177882255886174280209397853988007410954579156923484495279618156119566021877847192227955495485749200589410099563663528618144007613154631703620198721295307682373138444922343098700000000000e-08
2.700000000000000000000000000000000000000000000000000000000000000000000000000000000000000000000000000000000000000000000000000000000000000000000000000000000000000000000000000000000000000000000000000000000000000000000000000000000000000000000000000000000000000000000000000000000000000000000000000000000000e+02 7.174885137684904023044334258639605035807428093380462886901093090614138440934554235040273157417019944917385924393390056828151609307213520706118977446233060411069390082179131408778618608826418852163349529275091960990438466824336575990849042234550936723323955027973060986256951639805484700336200000000000e-08
8.100000000000000000000000000000000000000000000000000000000000000000000000000000000000000000000000000000000000000000000000000000000000000000000000000000000000000000000000000000000000000000000000000000000000000000000000000000000000000000000000000000000000000000000000000000000000000000000000000000000000e+02 6.268883965485466667488506581072521354688499970044183863143418122493067057957684220223775849083330184201674352591392303437493763257559394578221179965895885162337466288566634518310311553909677069715082920805863708494931953687280103828293297332558985971701171918678166086612280967549161307573100000000000e-08
2.430000000000000000000000000000000000000000000000000000000000000000000000000000000000000000000000000000000000000000000000000000000000000000000000000000000000000000000000000000000000000000000000000000000000000000000000000000000000000000000000000000000000000000000000000000000000000000000000000000000000e+03 5.869271351643194907702822502632152451675334592766556767528644254484277522611607770233094553615041093996168258548553751756412667111791990124368552776903673836142105684395478014733611446203174614139562749039736082120286107765866013298723053742661104016774683792835510164947027148634142055662500000000000e-08
7.290000000000000000000000000000000000000000000000000000000000000000000000000000000000000000000000000000000000000000000000000000000000000000000000000000000000000000000000000000000000000000000000000000000000000000000000000000000000000000000000000000000000000000000000000000000000000000000000000000000000e+03 5.704068668525180334643358921550224222938739953168137663603600350674455670910289713620607212027753193232497481140911952969426571931865769888355014607979850505321701427483662176478707926079518249564677930221492541075972231640143260564773284933633280583433375147622197946820197575257245092157700000000000e-08
2.187000000000000000000000000000000000000000000000000000000000000000000000000000000000000000000000000000000000000000000000000000000000000000000000000000000000000000000000000000000000000000000000000000000000000000000000000000000000000000000000000000000000000000000000000000000000000000000000000000000000e+04 5.977981297533163825540608763942471954372245615652884127070338066247092152781540600106148619105798161035742529619985679358844588401887478696299799974918867518484935279879910915213280115061791351301460772965331492787117007816209710967363263100483194077280124586211344539004950249804776791804000000000000e-08
6.561000000000000000000000000000000000000000000000000000000000000000000000000000000000000000000000000000000000000000000000000000000000000000000000000000000000000000000000000000000000000000000000000000000000000000000000000000000000000000000000000000000000000000000000000000000000000000000000000000000000e+04 6.027163211419694358040240654085866485377347425696618437920263923662107380907164439924009780269540919600965755461842146071854837137701654943046847198746447806124901292642142150219540464269170867733645486809376136778604264493212868504809223185109618651479079150034963636284900060728096535333900000000000e-08
1.968300000000000000000000000000000000000000000000000000000000000000000000000000000000000000000000000000000000000000000000000000000000000000000000000000000000000000000000000000000000000000000000000000000000000000000000000000000000000000000000000000000000000000000000000000000000000000000000000000000000e+05 5.359916046985940170044420850849353640394245034346109919701322409449742717275611955392826381568490758149798491617756934671850072518827474599881102435241443264642275559407770223749804150780840964706465977703709945201553407892036673721200481748911156764183840439856845996278664085377746907306400000000000e-08
5.904900000000000000000000000000000000000000000000000000000000000000000000000000000000000000000000000000000000000000000000000000000000000000000000000000000000000000000000000000000000000000000000000000000000000000000000000000000000000000000000000000000000000000000000000000000000000000000000000000000000e+05 6.565620991740226381873194467729441955071117272651198135380962084547532583688577583065003957316999424039666834959990157599078845440111021464008996265467205593004007886891169380896042994140758504291343322020818442429178364147376917351447724481693581678076749504902644357521066932963779954125500000000000e-08
1.771470000000000000000000000000000000000000000000000000000000000000000000000000000000000000000000000000000000000000000000000000000000000000000000000000000000000000000000000000000000000000000000000000000000000000000000000000000000000000000000000000000000000000000000000000000000000000000000000000000000e+06 5.139857935977308471344875757697567424620147843734673281328282912424931468231481289714496129806590132693932586443210664462320417600778348245741694276688282638993900395760352561678361359676399245865670283125949835522516554625269018652145422845851953816917971069981490847053328042593354015773500000000000e-08
5.314410000000000000000000000000000000000000000000000000000000000000000000000000000000000000000000000000000000000000000000000000000000000000000000000000000000000000000000000000000000000000000000000000000000000000000000000000000000000000000000000000000000000000000000000000000000000000000000000000000000e+06 8.717997028705822001382887210844132366897929904535901260885152365657791269779274190837173827403073116415020992614614456373250924970254161216570177188623331251723384963649187472157816150712483028092984811178087583249131432824833451371503995785268788827442063409281509162234535805861196867845900000000000e-08
1.594323000000000000000000000000000000000000000000000000000000000000000000000000000000000000000000000000000000000000000000000000000000000000000000000000000000000000000000000000000000000000000000000000000000000000000000000000000000000000000000000000000000000000000000000000000000000000000000000000000000e+07 6.082722238252104988318688244506484926000958912058931037738606322733447584410963798705570811041992511144068728480331385601929313567626975778700681125535016636563293558973171385097281623975455935273809481286934965830888397737569337606913834149426097841259846876675201811444927359146773905776100000000000e-08
4.782969000000000000000000000000000000000000000000000000000000000000000000000000000000000000000000000000000000000000000000000000000000000000000000000000000000000000000000000000000000000000000000000000000000000000000000000000000000000000000000000000000000000000000000000000000000000000000000000000000000e+07 9.244023859806342771033268888052946107399204774297355078487810627017248926243333305995006820699359940689009278720094936333352763626869733229135176787389490346559736635368492969851009146642561630655164832493147090787720869674687262887271709319432928831749296543860651226081089066550955608011500000000000e-07
1.434890700000000000000000000000000000000000000000000000000000000000000000000000000000000000000000000000000000000000000000000000000000000000000000000000000000000000000000000000000000000000000000000000000000000000000000000000000000000000000000000000000000000000000000000000000000000000000000000000000000e+08 3.789126579453582780546158647672775281475852063977215844755375997687923694984303184344098213450315185975217958055581521076688148387204022593492385908557504255142048551688782917017772840978159655677381962210861480925320378056184904560511730134719400052347449986035401940738728844957099983111000000000000e-07
4.304672100000000000000000000000000000000000000000000000000000000000000000000000000000000000000000000000000000000000000000000000000000000000000000000000000000000000000000000000000000000000000000000000000000000000000000000000000000000000000000000000000000000000000000000000000000000000000000000000000000e+08 1.512593815433121088235069796747470661615344206791279649398305233285268125630644009297264757726044748367618188039531844611520211729290185942982180755491026504946422368483743784937392623945991023398371709911940367785840880335126990917597819329984321228523434453634301014551978159894090351023800000000000e-07
1.291401630000000000000000000000000000000000000000000000000000000000000000000000000000000000000000000000000000000000000000000000000000000000000000000000000000000000000000000000000000000000000000000000000000000000000000000000000000000000000000000000000000000000000000000000000000000000000000000000000000e+09 6.050059741678021052194503606289812950595249194849526471372548453571069580307460981180294589957286025649918682737081207409538113304929151268828095151000020805676218229982728268097464533746154483560843494707429184862247465887803068285587945025094860588905466821382551608338507116881780181823800000000000e-07
3.874204890000000000000000000000000000000000000000000000000000000000000000000000000000000000000000000000000000000000000000000000000000000000000000000000000000000000000000000000000000000000000000000000000000000000000000000000000000000000000000000000000000000000000000000000000000000000000000000000000000e+09 5.832872497554541280706795522731555656668381164575219153843667140803380613083839661432946592223701693316854494059972347915100909649384266231434602429251642341879984296947816269603712072277688454448666462620158232950321872882887279096677756189852502897076214235108791179449366856177034158287500000000000e-07
1.162261467000000000000000000000000000000000000000000000000000000000000000000000000000000000000000000000000000000000000000000000000000000000000000000000000000000000000000000000000000000000000000000000000000000000000000000000000000000000000000000000000000000000000000000000000000000000000000000000000000e+10 3.008528142527878636237608282828702454162647278604298824164153497349480291492564139485619985424422805357762920567238873896454003693094072003295350706203164424617646835144086234197872892017845870521483500820433234794893649227519492973843707755232885641091125914628504887122383909036603207365300000000000e-07
3.486784401000000000000000000000000000000000000000000000000000000000000000000000000000000000000000000000000000000000000000000000000000000000000000000000000000000000000000000000000000000000000000000000000000000000000000000000000000000000000000000000000000000000000000000000000000000000000000000000000000e+10 5.882023019419195859782295278177548442522170300398696047999512328697184192007702384615998320518434164066502503389329005453192811024819938293960367061050713976312580315077281506385257267364196572258923822962350264279955741915739033899287104431431694646348795552296262855490692773426727367402900000000000e-07
1.046035320300000000000000000000000000000000000000000000000000000000000000000000000000000000000000000000000000000000000000000000000000000000000000000000000000000000000000000000000000000000000000000000000000000000000000000000000000000000000000000000000000000000000000000000000000000000000000000000000000e+11 2.830915293366054105463804128206951368012844102245279478990622484815802558811705599371471188953457592760769334331551563321478689588865029526879417640524970297440121316093723687248337555018580717261425336048645338895873986569979715157435517670556630512844562852417461168895712328085794825159600000000000e-06
3.138105960900000000000000000000000000000000000000000000000000000000000000000000000000000000000000000000000000000000000000000000000000000000000000000000000000000000000000000000000000000000000000000000000000000000000000000000000000000000000000000000000000000000000000000000000000000000000000000000000000e+11 6.281342373268698716648529050809397944734656437309702616818480867617564911062750778508915618349611182316013895471742866611014975118622299680306782498251522129387402086475424706499175129520279983271868163090836133270170288808972910655783472617278952065513315519921374024444638204054518686332500000000000e-07
9.414317882700000000000000000000000000000000000000000000000000000000000000000000000000000000000000000000000000000000000000000000000000000000000000000000000000000000000000000000000000000000000000000000000000000000000000000000000000000000000000000000000000000000000000000000000000000000000000000000000000e+11 8.525940599018799778202664535425946323269705732452878743120130152874310876185339842243399614650502703111356764999786453215885696458548080582923429417641427223571302534819418696371800219885852773979584001499199071115245344626180772608912948661657131633161016767028868054035097742472803771687500000000000e-07
2.824295364810000000000000000000000000000000000000000000000000000000000000000000000000000000000000000000000000000000000000000000000000000000000000000000000000000000000000000000000000000000000000000000000000000000000000000000000000000000000000000000000000000000000000000000000000000000000000000000000000e+12 8.021551025942144059496291487718108210715186498036554987515843909980841001748553318863616335779599758882176565360237943154911438686289831815739219725233623685617767617638210400145046970086728577024124331445130366653141064208343844450931908446180398461283904653686955347060203834600920658553900000000000e-07
8.472886094430000000000000000000000000000000000000000000000000000000000000000000000000000000000000000000000000000000000000000000000000000000000000000000000000000000000000000000000000000000000000000000000000000000000000000000000000000000000000000000000000000000000000000000000000000000000000000000000000e+12 9.059168331816442743585936330872118914486238007418694639520259262956474181689744705778929567005631730110447857081706686759547909053055842072840145897251192387716131835801415436949224896767685490353377461763048379010011000505472209984377038418105318178770314422821176073925674266433190291278300000000000e-07
2.541865828329000000000000000000000000000000000000000000000000000000000000000000000000000000000000000000000000000000000000000000000000000000000000000000000000000000000000000000000000000000000000000000000000000000000000000000000000000000000000000000000000000000000000000000000000000000000000000000000000e+13 3.721527328993726428760100569633369708085839869759802779544212969661440077096726713486953815083500338760707131870013086413350150732428768481348224499617761405150619885136067784779204624105660456949954937299763309414696425966533635486011013391587400370429028324834145908336909482477014361408700000000000e-06
7.625597484987000000000000000000000000000000000000000000000000000000000000000000000000000000000000000000000000000000000000000000000000000000000000000000000000000000000000000000000000000000000000000000000000000000000000000000000000000000000000000000000000000000000000000000000000000000000000000000000000e+13 2.392978499107560752869719145804927502199491610697745027110233632347439249331630669109989048914118954570962187987634432598771818981329052583799042883814862014083141731154215488261964190209267275106546760351079781311266591204329998625797789195342357624680889455707657079209431441663618945576100000000000e-07
2.287679245496100000000000000000000000000000000000000000000000000000000000000000000000000000000000000000000000000000000000000000000000000000000000000000000000000000000000000000000000000000000000000000000000000000000000000000000000000000000000000000000000000000000000000000000000000000000000000000000000e+14 2.804306923165823201731489607723172012889320976341139638210798975958472517382867463703637631074079577676137149795661235854563608516050938977257318670434842287800714538701598075578470506964050048140450607162640867644042846498237749600006000735566466539869332482359369112739766684665717901334800000000000e-06
6.863037736488300000000000000000000000000000000000000000000000000000000000000000000000000000000000000000000000000000000000000000000000000000000000000000000000000000000000000000000000000000000000000000000000000000000000000000000000000000000000000000000000000000000000000000000000000000000000000000000000e+14 8.109528399401456158930691583905880419987831293530307834039979953983578252164185483359717311240261605831130756483228698629912432792100663249102824875283053025082519439862088294884138604247910620465323568674763864717714362475816583165302876155795868673359585547190036981591067414645095858107500000000000e-07
2.058911320946490000000000000000000000000000000000000000000000000000000000000000000000000000000000000000000000000000000000000000000000000000000000000000000000000000000000000000000000000000000000000000000000000000000000000000000000000000000000000000000000000000000000000000000000000000000000000000000000e+15 6.269301258697917087424629724363938529267876598035594633854377048590291382406485213637976848281693665222743006006503077142467604567898378130081681646196485834771179117385863993755700163303001466797184405558221794358962338513677074301408162957517429709129850788147900669287580695480698944233700000000000e-07
6.176733962839470000000000000000000000000000000000000000000000000000000000000000000000000000000000000000000000000000000000000000000000000000000000000000000000000000000000000000000000000000000000000000000000000000000000000000000000000000000000000000000000000000000000000000000000000000000000000000000000e+15 1.035512951961619715975073969636838841279246920084928404927292176348329804551995700960331072834773509090040817299089604612421439750904898612658539948716929852202527467795742208934844986724494902527262504853276896833715420875344988038921306379180167398499861734447875493873806205311721827009000000000000e-06
