1.000000000000000000000000000000000000000000000000000000000000000000000000000000000000000000000000000000000000000000000000000000000000000000000000000000000000000000000000000000000000000000000000000000000000000000000000000000000000000000000000000000000000000000000000000000000000000000000000000000000000e+00 4.197116471482804987116770058324663842913830502972929205148763864152533568966583572324491831904815999498362290554714406483178457656593089251540873343527109931057157446082823777415743602542812648866407993803368499394362164023710948664030989323790962615473086272063032157446030407348963099206800000000000e-07
3.000000000000000000000000000000000000000000000000000000000000000000000000000000000000000000000000000000000000000000000000000000000000000000000000000000000000000000000000000000000000000000000000000000000000000000000000000000000000000000000000000000000000000000000000000000000000000000000000000000000000e+00 5.254703181825948405737166596090907168856235504905090664723209130307808993629924586245776234478851260774040459576598167483576293551360596402299078533098470589554905562354078495547020053873542768273885189063485601173023962897793902602382853017914561452194792266550528043515793876080415734276700000000000e-07
9.000000000000000000000000000000000000000000000000000000000000000000000000000000000000000000000000000000000000000000000000000000000000000000000000000000000000000000000000000000000000000000000000000000000000000000000000000000000000000000000000000000000000000000000000000000000000000000000000000000000000e+00 2.499519011992039950413966520418933663287470485537235933866788099308766532267508989063769575155286245919478795708646663634011925157772562800576132755023696623339817917062980662960042090227695956355912474495745242709623461747001412760548063943487715794889907838921713158107436573889534900074100000000000e-07
2.700000000000000000000000000000000000000000000000000000000000000000000000000000000000000000000000000000000000000000000000000000000000000000000000000000000000000000000000000000000000000000000000000000000000000000000000000000000000000000000000000000000000000000000000000000000000000000000000000000000000e+01 7.076051671657435705859073347558311517585108366491892553031279970740423596999138661149996728473729068206825371511487875402907995873066561600736907670166445526855185604998211878425915477101459420704296896413062760171535840135248834448929577058253789338853986712054815930360585086633242369361700000000000e-07
8.100000000000000000000000000000000000000000000000000000000000000000000000000000000000000000000000000000000000000000000000000000000000000000000000000000000000000000000000000000000000000000000000000000000000000000000000000000000000000000000000000000000000000000000000000000000000000000000000000000000000e+01 5.316111956116708213038519274582441449808288836448719569285326097026919426799096878372784699508238943031648960673845574021956644837280702828988343046463377337019743957059733623826011382504619515699171093300767337621667434256155132228946809161591240377304766145777809102667191944274915602722000000000000e-07
2.430000000000000000000000000000000000000000000000000000000000000000000000000000000000000000000000000000000000000000000000000000000000000000000000000000000000000000000000000000000000000000000000000000000000000000000000000000000000000000000000000000000000000000000000000000000000000000000000000000000000e+02 4.572668288641993270750299632247535660659484204058041446970022317690116385397909443802690419035534854298845179691611353582218977619452293362108264669393895117012256834037728030383148552234626294016427396341110441350593547342565156796583115772357781089020803912031572045706610895005614731541800000000000e-07
7.290000000000000000000000000000000000000000000000000000000000000000000000000000000000000000000000000000000000000000000000000000000000000000000000000000000000000000000000000000000000000000000000000000000000000000000000000000000000000000000000000000000000000000000000000000000000000000000000000000000000e+02 3.714628633035178538524119503260723901979583514180553360012139786317476624380737008392382923268184873853823071816292468449108824486086414815351111041940738846112764660969204856134810007028595669600124000323973696486374332063180880324460145832867296682984879578595622982179657867128857998076300000000000e-07
2.187000000000000000000000000000000000000000000000000000000000000000000000000000000000000000000000000000000000000000000000000000000000000000000000000000000000000000000000000000000000000000000000000000000000000000000000000000000000000000000000000000000000000000000000000000000000000000000000000000000000e+03 7.180158572754528132832101960435726281041478557915455822160456847517490220098053194148918655772359423684759211063978380914888598891238009943103284829963409195208166051123169300854531951956731895036485448199903240480013807009971670008131766165645407954358522416433625984225533810559231153424100000000000e-07
6.561000000000000000000000000000000000000000000000000000000000000000000000000000000000000000000000000000000000000000000000000000000000000000000000000000000000000000000000000000000000000000000000000000000000000000000000000000000000000000000000000000000000000000000000000000000000000000000000000000000000e+03 4.000558059910834682163958489389270662934535914764512738007097147941682338200752077617619938799338824506474543199829056582996505800550323253699582361840022036126403814718798227501535486239340617525405585380981938698896430238574763039128518680123436428095960648350042244892695604870285612675200000000000e-07
1.968300000000000000000000000000000000000000000000000000000000000000000000000000000000000000000000000000000000000000000000000000000000000000000000000000000000000000000000000000000000000000000000000000000000000000000000000000000000000000000000000000000000000000000000000000000000000000000000000000000000e+04 6.121588630796644083957689320689161599339075300532226804599237727984525862961111623750592185761427858547763506575098246755139281433108124212899782311003048230550321274821840454044383546324143136213332859275368950529568860552524414893799101963218316549489768102036744893952867769893426864482800000000000e-07
5.904900000000000000000000000000000000000000000000000000000000000000000000000000000000000000000000000000000000000000000000000000000000000000000000000000000000000000000000000000000000000000000000000000000000000000000000000000000000000000000000000000000000000000000000000000000000000000000000000000000000e+04 2.090503030588844715028156823587851530769299068014746060616075908154800609026286027897201667156232226488966094356115919381736331275566838520709339174028022978169785749895936083909797570191823679216449329505876161613251989629814366019840056619934603848173541298766993411843316375791113528175900000000000e-07
1.771470000000000000000000000000000000000000000000000000000000000000000000000000000000000000000000000000000000000000000000000000000000000000000000000000000000000000000000000000000000000000000000000000000000000000000000000000000000000000000000000000000000000000000000000000000000000000000000000000000000e+05 2.844767497160092573188209052437660428214795661621636412600326352958068669387213576828602828730741413204119174998746434498991890154170452170745716498944299060869717667317036793999118427459926009022977469900512476264817917376419592022382395918112704925923531003958156812712243229151063839380400000000000e-07
5.314410000000000000000000000000000000000000000000000000000000000000000000000000000000000000000000000000000000000000000000000000000000000000000000000000000000000000000000000000000000000000000000000000000000000000000000000000000000000000000000000000000000000000000000000000000000000000000000000000000000e+05 4.823795010024231423267236754636974781976843673817925050272092354720300361063940027923265936395548647816728441693985020683956126719148537840403649689754508877813488653908724420045798353021383011277151081093171598076294822412936597840340721506109534113937459420788554877924573183326289488922800000000000e-07
1.594323000000000000000000000000000000000000000000000000000000000000000000000000000000000000000000000000000000000000000000000000000000000000000000000000000000000000000000000000000000000000000000000000000000000000000000000000000000000000000000000000000000000000000000000000000000000000000000000000000000e+06 5.072136970418963453881968365537076265566736866205598184226204657980584135516842559890838052405442299356272076356199601199952631298413198586629503517649500424524565452284706217026735075063467278343470981543917317349497158340054801864801466278300265842309798470695506383466081643089960308051600000000000e-07
4.782969000000000000000000000000000000000000000000000000000000000000000000000000000000000000000000000000000000000000000000000000000000000000000000000000000000000000000000000000000000000000000000000000000000000000000000000000000000000000000000000000000000000000000000000000000000000000000000000000000000e+06 4.743267909000164332081378635114893202760444340225868841686987741588804524014925026528833819574799474654147187912332727663839427429058030009589650033864218631819633277520490800572114120191057548747255903303457645979468239658350937803617229400830109900964934307885542281373123319017536376871200000000000e-07
1.434890700000000000000000000000000000000000000000000000000000000000000000000000000000000000000000000000000000000000000000000000000000000000000000000000000000000000000000000000000000000000000000000000000000000000000000000000000000000000000000000000000000000000000000000000000000000000000000000000000000e+07 6.519632917381647933115960402418167178169471881428454735326700224192034470951007764902362296724389945904914462744697954437566604226661524216836423755305949787646754087770159698515692798122597492693779179929897048915290752221397129327960574989105278705148455309963772279736459631356793987910100000000000e-07
4.304672100000000000000000000000000000000000000000000000000000000000000000000000000000000000000000000000000000000000000000000000000000000000000000000000000000000000000000000000000000000000000000000000000000000000000000000000000000000000000000000000000000000000000000000000000000000000000000000000000000e+07 6.289393479779689932993494049077890375664241570087610846637530315201587762280013667595998371403975604739459512868412559866773562520289618501629697167703067298518696315961004971121440731956553521504849079101159913422473269527523245277519612994772319479004769320591116874515163051918503925241400000000000e-07
1.291401630000000000000000000000000000000000000000000000000000000000000000000000000000000000000000000000000000000000000000000000000000000000000000000000000000000000000000000000000000000000000000000000000000000000000000000000000000000000000000000000000000000000000000000000000000000000000000000000000000e+08 5.825579193715611466806143003333339980420857890691675583230414640469937405855735838094041859192440241989138266545263756282295738389688895335957924204288570632319828109118014516214224933698250669951696184345368921483114635552908759259501010528080993483754162891184079434252739698429410644698100000000000e-07
3.874204890000000000000000000000000000000000000000000000000000000000000000000000000000000000000000000000000000000000000000000000000000000000000000000000000000000000000000000000000000000000000000000000000000000000000000000000000000000000000000000000000000000000000000000000000000000000000000000000000000e+08 5.837883795279815022487386144377508912242792109755679084935181255877804347051682579241265213849379645090103906942484023507580668237289315199683039876190997999544642287784100323079379022185763199613961044683991967580945139004289337007004996399781531310596543945903105174178847746113869805698800000000000e-07
1.162261467000000000000000000000000000000000000000000000000000000000000000000000000000000000000000000000000000000000000000000000000000000000000000000000000000000000000000000000000000000000000000000000000000000000000000000000000000000000000000000000000000000000000000000000000000000000000000000000000000e+09 4.760523482440424825252264936973056115309044814193066806415787711208282104987508160132648776515535867390398110329649073121254951103767382599708716477960431648562733602781970973939009383388344486102311297912417306069953064227552402257626989920631354454356437811544338725737228692800222061197400000000000e-07
3.486784401000000000000000000000000000000000000000000000000000000000000000000000000000000000000000000000000000000000000000000000000000000000000000000000000000000000000000000000000000000000000000000000000000000000000000000000000000000000000000000000000000000000000000000000000000000000000000000000000000e+09 4.494641840555667616859570620510681610210491237683581512930669278602411330107449915655069492445933845828714506729898932307779681425502938291639074360716209085618521735629212108862627207094697078947929580104104375973119683710097568106833538837964907869945584385471720320152053821665973993940300000000000e-07
1.046035320300000000000000000000000000000000000000000000000000000000000000000000000000000000000000000000000000000000000000000000000000000000000000000000000000000000000000000000000000000000000000000000000000000000000000000000000000000000000000000000000000000000000000000000000000000000000000000000000000e+10 3.932433850550380439735998761924558558050869939009505529148999631995284487356152676360800806268741540390508529412097139814710862911082090909360386544885898304862767676292754281388922835975763316100321354695093594411435784594023661103011693613666130052622675305540092286563812460901568811313400000000000e-07
3.138105960900000000000000000000000000000000000000000000000000000000000000000000000000000000000000000000000000000000000000000000000000000000000000000000000000000000000000000000000000000000000000000000000000000000000000000000000000000000000000000000000000000000000000000000000000000000000000000000000000e+10 5.146951504403327088527301752600129178508914125433419108450289553257448691135046012926299756630344699555078007475647028277665882540283340680382950634108125285254604532846067475808033213332704579548278351522792632816423784072340324268066870912736904493325057530364884486624580170391563191598000000000000e-07
9.414317882700000000000000000000000000000000000000000000000000000000000000000000000000000000000000000000000000000000000000000000000000000000000000000000000000000000000000000000000000000000000000000000000000000000000000000000000000000000000000000000000000000000000000000000000000000000000000000000000000e+10 5.424555648031734763846900012461149902966954857109829203003180424673779650847215045326886132607931854515499542152887568786548174581891170605732213340725621422394281653946903778444135324270494921609875559444087142651973044566756306197568948816411825847659058358643677009553579207287941268690800000000000e-07
2.824295364810000000000000000000000000000000000000000000000000000000000000000000000000000000000000000000000000000000000000000000000000000000000000000000000000000000000000000000000000000000000000000000000000000000000000000000000000000000000000000000000000000000000000000000000000000000000000000000000000e+11 4.357543219630961397334217067690090941421471794673782195779547201012671579118822028898218534948848558572636986652342477160814266248990546401993871550647117839820243843567072633726495625825290191380864595652247318326650905160848639058481613786268557440534769285748965599961636110507837649601300000000000e-07
8.472886094430000000000000000000000000000000000000000000000000000000000000000000000000000000000000000000000000000000000000000000000000000000000000000000000000000000000000000000000000000000000000000000000000000000000000000000000000000000000000000000000000000000000000000000000000000000000000000000000000e+11 5.371850482833091412916050536413041193579511527524138448853455966020943505975706567700663724404830042523872724406803248323718874534117592979567181479360301835568994402482019955014037153865963007618722920762896755148560674462802268215189593333588657252104829455253254913001186381533956929551200000000000e-07
2.541865828329000000000000000000000000000000000000000000000000000000000000000000000000000000000000000000000000000000000000000000000000000000000000000000000000000000000000000000000000000000000000000000000000000000000000000000000000000000000000000000000000000000000000000000000000000000000000000000000000e+12 5.189219810283800681568831841807749652101451371674044623930773059964926982008382313042516560996696787834917206449142595691754151606714142982327497642157870108437572497032503027481947642898653944254957163142877098151740154687357342728450049918865095710087477741391989884845447376655926791458200000000000e-07
7.625597484987000000000000000000000000000000000000000000000000000000000000000000000000000000000000000000000000000000000000000000000000000000000000000000000000000000000000000000000000000000000000000000000000000000000000000000000000000000000000000000000000000000000000000000000000000000000000000000000000e+12 6.777888195443108722721549111750478728650404690457289960195745405139105783510524410362359922404580206532429145210283968213009344651222235061475531110047499920357553727751074576078570369890430989722729729623671234090474999265602985864726183011933644852199417447039070844574561643814343428541700000000000e-07
2.287679245496100000000000000000000000000000000000000000000000000000000000000000000000000000000000000000000000000000000000000000000000000000000000000000000000000000000000000000000000000000000000000000000000000000000000000000000000000000000000000000000000000000000000000000000000000000000000000000000000e+13 5.251170750484975760302050275172747887549157764838609590250896248464014557256754253343822863748637695073803527727562609598391286276941782252016158815025153419389728239704632510387967761235772791489093928798588436977974415204306374217883303158909748098248647958669773071923675911968954877095900000000000e-07
6.863037736488300000000000000000000000000000000000000000000000000000000000000000000000000000000000000000000000000000000000000000000000000000000000000000000000000000000000000000000000000000000000000000000000000000000000000000000000000000000000000000000000000000000000000000000000000000000000000000000000e+13 4.893360311197299578190208004510065366206319706056511749810805997968252271408582934691268077389805675294078043923343819356734956037137836273194904071272984353365157084267420957863856169502859973501043009951141137708459799538382663402891646575836796639973168070354509985466313002320868513992600000000000e-07
2.058911320946490000000000000000000000000000000000000000000000000000000000000000000000000000000000000000000000000000000000000000000000000000000000000000000000000000000000000000000000000000000000000000000000000000000000000000000000000000000000000000000000000000000000000000000000000000000000000000000000e+14 5.722363239933749209501881558026372337302995104221113368459282115246226018622007483266998855339395990067105867846818277914460516756729609778155332294953058671046133930023430159695535286517908073468840054519426083601895276227081235123630537633593193627331729749536952866621820370982409201418600000000000e-07
6.176733962839470000000000000000000000000000000000000000000000000000000000000000000000000000000000000000000000000000000000000000000000000000000000000000000000000000000000000000000000000000000000000000000000000000000000000000000000000000000000000000000000000000000000000000000000000000000000000000000000e+14 3.108880628402899196572368234537540578077080374136144851455875748332829758280456909970914356384590891211343591495857028956314991426139030357834768675141290192827492762894836151174055143534213381630992858364691832626155869513950769997557283724416148024852217892562348759273520612453305337312700000000000e-07
1.853020188851841000000000000000000000000000000000000000000000000000000000000000000000000000000000000000000000000000000000000000000000000000000000000000000000000000000000000000000000000000000000000000000000000000000000000000000000000000000000000000000000000000000000000000000000000000000000000000000000e+15 6.129725893328629069715258522472111575879572946090991788160604367050514759863037750564087002963476231215433890619287004404174946545503027037923044442080568622420049839984930941159258184466207813115488483404426812475402549081962112224601440986255325291917192322803312169242596593150779370609300000000000e-07
5.559060566555523000000000000000000000000000000000000000000000000000000000000000000000000000000000000000000000000000000000000000000000000000000000000000000000000000000000000000000000000000000000000000000000000000000000000000000000000000000000000000000000000000000000000000000000000000000000000000000000e+15 5.578260781210963634144961873568792623142598602444096573592421312699445354037868477083347578323101140950311282978084049901521215632809894023536368977168310411877058597349617254404612186831662327574212752784191992482168531949908650477676483854801916082287314333669240576148002577293821026196900000000000e-07
