1.000000000000000000000000000000000000000000000000000000000000000000000000000000000000000000000000000000000000000000000000000000000000000000000000000000000000000000000000000000000000000000000000000000000000000000000000000000000000000000000000000000000000000000000000000000000000000000000000000000000000e+00 1.540363941702213444237063288022883958526813103672818457127613238817570800445477502044152318223046332342371707404246189129683972923040893179227093986716056773202137285470637102744443065756490765581708248701343546036679909244153997856408335586385824777043287784241757663927988109545023577904700000000000e-03
3.000000000000000000000000000000000000000000000000000000000000000000000000000000000000000000000000000000000000000000000000000000000000000000000000000000000000000000000000000000000000000000000000000000000000000000000000000000000000000000000000000000000000000000000000000000000000000000000000000000000000e+00 3.375742582928250295299558324479996531456025583726719108743833260364447481978869377051352473766298450234753850740786323613683788427814554409047475470263139350083021385632979102454621551150898934907580444859850101277210120858811592955398942284246230289071767547246902214883555603021187835480000000000000e-03
9.000000000000000000000000000000000000000000000000000000000000000000000000000000000000000000000000000000000000000000000000000000000000000000000000000000000000000000000000000000000000000000000000000000000000000000000000000000000000000000000000000000000000000000000000000000000000000000000000000000000000e+00 3.533178794401579652806691392635620643310247919978104578196752072608971971388328519706276369285843068194588042507370200835073714074284455203857603845106097331004169123367466675887864988254463463186425844197081911402404078965027216577975075392447296896854332386214093817985889122908300794081600000000000e-03
2.700000000000000000000000000000000000000000000000000000000000000000000000000000000000000000000000000000000000000000000000000000000000000000000000000000000000000000000000000000000000000000000000000000000000000000000000000000000000000000000000000000000000000000000000000000000000000000000000000000000000e+01 3.646470604593371227708693835353302466903274568228154747185418278194621098420005355405431869875655509181507097022599296908522986463744497172445353115501870166280281835223226725197379423791510594092066870862710230073026189314529733460272444238085951475878421284871824442012159652592221696483500000000000e-03
8.100000000000000000000000000000000000000000000000000000000000000000000000000000000000000000000000000000000000000000000000000000000000000000000000000000000000000000000000000000000000000000000000000000000000000000000000000000000000000000000000000000000000000000000000000000000000000000000000000000000000e+01 3.963495297355805610976934829542308694141604691852765326613372668511276231153502706609900715810487162306812715642981963279791370514452192405478561228408239733681671463435114805136702437073811931093339983350440506391578051835402833476394385568495757069880487251016729337498856439381862436100300000000000e-03
2.430000000000000000000000000000000000000000000000000000000000000000000000000000000000000000000000000000000000000000000000000000000000000000000000000000000000000000000000000000000000000000000000000000000000000000000000000000000000000000000000000000000000000000000000000000000000000000000000000000000000e+02 4.156075740433673110084037252948376058666858423173083093063851596142670346166165490667510548271973889693500292234134605787035466326127325694570020913011643740049819521362072103874193659582694316468312519326249965644817742678552232334567860850413620961900822200172735583716655817258776234731300000000000e-03
7.290000000000000000000000000000000000000000000000000000000000000000000000000000000000000000000000000000000000000000000000000000000000000000000000000000000000000000000000000000000000000000000000000000000000000000000000000000000000000000000000000000000000000000000000000000000000000000000000000000000000e+02 3.852451436358931266671893530064488582148006140620213745535744322000831379953389536849962448218530887841681951631675930334057664315848175802196098531362279588555061411179671536504061189707145223652136052333154046848055622643960210381471744018562763227367622266433813472289033421093865454105200000000000e-03
2.187000000000000000000000000000000000000000000000000000000000000000000000000000000000000000000000000000000000000000000000000000000000000000000000000000000000000000000000000000000000000000000000000000000000000000000000000000000000000000000000000000000000000000000000000000000000000000000000000000000000e+03 4.101659488704479506426176944951092718788638572309134897445923544444633299752233362770783079090989604791602713058609302525718963143376615852740051687128939107002377380248458728319327726125950767699370580845403516242552376605662411041024001615820905256016036034432702415451231687867252180463000000000000e-03
6.561000000000000000000000000000000000000000000000000000000000000000000000000000000000000000000000000000000000000000000000000000000000000000000000000000000000000000000000000000000000000000000000000000000000000000000000000000000000000000000000000000000000000000000000000000000000000000000000000000000000e+03 3.454879009463113018984534073001439340994132024114982791960907216926842514211964781905589095418415283827702034341092161824388460120377285707503557621690316093950877015112029798372927991977552058991025254924795997863117188248770017162498112752328229019039281508236589930765054718501920166039200000000000e-03
1.968300000000000000000000000000000000000000000000000000000000000000000000000000000000000000000000000000000000000000000000000000000000000000000000000000000000000000000000000000000000000000000000000000000000000000000000000000000000000000000000000000000000000000000000000000000000000000000000000000000000e+04 6.336603530789882621434396694709131528001496940196348168353403212768300440009003693381143320477029743796548721396448378980952291031132571746779495574641669014489145602110253334980491828536108462166238600863543176206706630523986727085725691669038521703579028222146721558563085577503272234263900000000000e-03
5.904900000000000000000000000000000000000000000000000000000000000000000000000000000000000000000000000000000000000000000000000000000000000000000000000000000000000000000000000000000000000000000000000000000000000000000000000000000000000000000000000000000000000000000000000000000000000000000000000000000000e+04 5.763079705224415712148788644487180048020088470550219612516607109292378715258654245623601991774536521655451341323067638651028511903994382574773875717647429956301308467072672401177200445297375999813163259450335830538555339330273978999138099419024907029064579113948006662084790904329756494370900000000000e-03
1.771470000000000000000000000000000000000000000000000000000000000000000000000000000000000000000000000000000000000000000000000000000000000000000000000000000000000000000000000000000000000000000000000000000000000000000000000000000000000000000000000000000000000000000000000000000000000000000000000000000000e+05 6.113723771311587524458449516336131734392894534526097124490397509862327790981020018407213454134238022850356031831485996235384047938363137896466508255828986982163494053304479062480269636799884562692776803744368965719193222703686936970265056979218003640918660578884654413004943142028893236825400000000000e-03
5.314410000000000000000000000000000000000000000000000000000000000000000000000000000000000000000000000000000000000000000000000000000000000000000000000000000000000000000000000000000000000000000000000000000000000000000000000000000000000000000000000000000000000000000000000000000000000000000000000000000000e+05 6.580021186480207236878689777734705772888689807257673491995960726883794475630221387605519313297024872540622955847504007628077396415537552728477291028032298758712577523521006375078007887388908887154304001698951303460037959213919214134636822515698214982023349518706114151450211360524335419356000000000000e-03
1.594323000000000000000000000000000000000000000000000000000000000000000000000000000000000000000000000000000000000000000000000000000000000000000000000000000000000000000000000000000000000000000000000000000000000000000000000000000000000000000000000000000000000000000000000000000000000000000000000000000000e+06 7.515368697347020441111512011422965777362558078230008596216107505374787658364787496328439077052142479447142112052631732004497284871318661487144673702262760846860127322875185855806192236465282826200209440526422056633118990732466492541520788051492411080105844975190846402456312751410829154636700000000000e-03
4.782969000000000000000000000000000000000000000000000000000000000000000000000000000000000000000000000000000000000000000000000000000000000000000000000000000000000000000000000000000000000000000000000000000000000000000000000000000000000000000000000000000000000000000000000000000000000000000000000000000000e+06 8.969405504230191527824202655732274955857777173108992584646083936521863948764942632806877582664825828827833977925554549594474464892309381062460437313463172342380206687075724659144977278578017017956318320909744811659242956254822325489794285433109756532974756597827781765118020327855289444367500000000000e-03
1.434890700000000000000000000000000000000000000000000000000000000000000000000000000000000000000000000000000000000000000000000000000000000000000000000000000000000000000000000000000000000000000000000000000000000000000000000000000000000000000000000000000000000000000000000000000000000000000000000000000000e+07 1.064604195416761332289476580096669705880781865514679961916154414623549053970638151486089929785328597797697536226871187275436421235187396742603433865554156855364275639010848404379976968896084767729656003930232119593549497325394668310570659219115195744938048210461263294175855871660807572759400000000000e-02
4.304672100000000000000000000000000000000000000000000000000000000000000000000000000000000000000000000000000000000000000000000000000000000000000000000000000000000000000000000000000000000000000000000000000000000000000000000000000000000000000000000000000000000000000000000000000000000000000000000000000000e+07 1.390336978095241179887592005301139373155651913629928212790043480327850764419124365087379865578310387816978466892250933756343603179084277187922288683404386378723070452625478492385066051987464134799353326049447031877601740869948384402462648118206170973075639348273269310020017413612666997560700000000000e-02
1.291401630000000000000000000000000000000000000000000000000000000000000000000000000000000000000000000000000000000000000000000000000000000000000000000000000000000000000000000000000000000000000000000000000000000000000000000000000000000000000000000000000000000000000000000000000000000000000000000000000000e+08 9.125864121090864556532331817177646704571873982493593264100726320522907892764803311158317811108605644438048632067606814782407310068798006324384085767709119445281466783312984937683355625997919211557646114179921356460771697331860754653201559199057938107778775978749673636365642071851700686490900000000000e-03
3.874204890000000000000000000000000000000000000000000000000000000000000000000000000000000000000000000000000000000000000000000000000000000000000000000000000000000000000000000000000000000000000000000000000000000000000000000000000000000000000000000000000000000000000000000000000000000000000000000000000000e+08 9.811498318390002999644082723339693150780874447876671080092862471672433882602427445559048475712008909465490302506659039395397061242792308742145409985266039362603201783726563132220746973831116613409946466257656705057432945081941609996947993377312875042457995454850532795208071047069288143621600000000000e-03
1.162261467000000000000000000000000000000000000000000000000000000000000000000000000000000000000000000000000000000000000000000000000000000000000000000000000000000000000000000000000000000000000000000000000000000000000000000000000000000000000000000000000000000000000000000000000000000000000000000000000000e+09 1.027551675369210982846704757267259694876152287553381759793805151758044145272042871619760963276424014324951808711972989093216145618465114409778650239165329140416831564235114941480555248441135832650245066247003285062375468312290960049191376690964923863657816787349721867795058627364296739738700000000000e-02
3.486784401000000000000000000000000000000000000000000000000000000000000000000000000000000000000000000000000000000000000000000000000000000000000000000000000000000000000000000000000000000000000000000000000000000000000000000000000000000000000000000000000000000000000000000000000000000000000000000000000000e+09 1.574377679409413086012759389396459496475290558763413055776391628834622292392474559611244347748849155370687477636613904247041219690327538705622359371141616036222155252554450366497099778915439537738985347208410966105457023757098501819856497206422492968851805327556041054747330532641659056254900000000000e-02
1.046035320300000000000000000000000000000000000000000000000000000000000000000000000000000000000000000000000000000000000000000000000000000000000000000000000000000000000000000000000000000000000000000000000000000000000000000000000000000000000000000000000000000000000000000000000000000000000000000000000000e+10 8.662390530762309894441965729433595128754490492863423827499267250498919972558946305863047548450754214891893421200041526982169491966203919347915568918331642411230666933125177293109051114101532763049874956672989114373212835499857749660406920619883418584403798177220315846219382090271263930415900000000000e-03
3.138105960900000000000000000000000000000000000000000000000000000000000000000000000000000000000000000000000000000000000000000000000000000000000000000000000000000000000000000000000000000000000000000000000000000000000000000000000000000000000000000000000000000000000000000000000000000000000000000000000000e+10 1.115767615615867654011592950507735210476942143179409079397727285393856129862497101291708237892334900986305730872205704664454006914216049124349785675385907385684619556517475181062395113082701930305453443876720662347471105202551293941030049861395476269637580745018211199315573376594411209970700000000000e-02
9.414317882700000000000000000000000000000000000000000000000000000000000000000000000000000000000000000000000000000000000000000000000000000000000000000000000000000000000000000000000000000000000000000000000000000000000000000000000000000000000000000000000000000000000000000000000000000000000000000000000000e+10 1.455314658962510561074393494616600381466441701762647157108288990416359903789460682392435186090551277059065921709706773043195925232666126856558684092129825111105331021222372021033446569203109438720783966282022777035004096389972716083840052813783929510109431903707046740007876849827118590290500000000000e-02
2.824295364810000000000000000000000000000000000000000000000000000000000000000000000000000000000000000000000000000000000000000000000000000000000000000000000000000000000000000000000000000000000000000000000000000000000000000000000000000000000000000000000000000000000000000000000000000000000000000000000000e+11 1.642652088585013712955366475760655190119452271905703837402013258605433489421510822348263995587997038288490071350338171249325917358681574540021742419147081986936808985297105774482297552756092562524609398070985656974375319723650645144077925555294647505781308798107751133746397398679254862794800000000000e-02
8.472886094430000000000000000000000000000000000000000000000000000000000000000000000000000000000000000000000000000000000000000000000000000000000000000000000000000000000000000000000000000000000000000000000000000000000000000000000000000000000000000000000000000000000000000000000000000000000000000000000000e+11 1.125342384441550974142863625604902047275864616921958833009219842982531702585758828758698278539463802443671282186911233189258874705992565639019148807255550181961815265712549814692572458308687720823425304016111573932836737905481020517271685538257929721261044425521645238880430048681601991284600000000000e-02
2.541865828329000000000000000000000000000000000000000000000000000000000000000000000000000000000000000000000000000000000000000000000000000000000000000000000000000000000000000000000000000000000000000000000000000000000000000000000000000000000000000000000000000000000000000000000000000000000000000000000000e+12 9.443043659455413210681781715089805938138725727823889286142144545391207095807617840624976989356009176973982981954994792277604245543751292680336293697919591767921138548523983008960247891042568136512841730362740960365936099597956267296360365830367166964688979682968970006952113010993042070909200000000000e-03
7.625597484987000000000000000000000000000000000000000000000000000000000000000000000000000000000000000000000000000000000000000000000000000000000000000000000000000000000000000000000000000000000000000000000000000000000000000000000000000000000000000000000000000000000000000000000000000000000000000000000000e+12 1.600956284612691790610481376036691698017776713578243539560949589452448666286826937834074639692045558326725222890913982444629689369529737031061507483282844061040876810657130560878238697858669886461448407082687732240907428230271110021845222178674864101492438503199418434381991894817459012163300000000000e-02
2.287679245496100000000000000000000000000000000000000000000000000000000000000000000000000000000000000000000000000000000000000000000000000000000000000000000000000000000000000000000000000000000000000000000000000000000000000000000000000000000000000000000000000000000000000000000000000000000000000000000000e+13 9.712793768905928682917830603503696289582684899690430455265473311751281241902215172986744074834007388146303829404452898642343831544271790613853697506274503571959459168011915512579382546794653057082858215466731459450344633263782602379004626635634369678067624483234130613726115551605813203601700000000000e-03
6.863037736488300000000000000000000000000000000000000000000000000000000000000000000000000000000000000000000000000000000000000000000000000000000000000000000000000000000000000000000000000000000000000000000000000000000000000000000000000000000000000000000000000000000000000000000000000000000000000000000000e+13 7.865919413671725153443848354948972819278637212803744068428042639637753657019040970065789032280460875753552168901722380305531655161757148518152161673641423940359051254246719833623052133875908163701050091685207137240631452299482884719980912201649039846446154490477516785648556313001115143922300000000000e-03
2.058911320946490000000000000000000000000000000000000000000000000000000000000000000000000000000000000000000000000000000000000000000000000000000000000000000000000000000000000000000000000000000000000000000000000000000000000000000000000000000000000000000000000000000000000000000000000000000000000000000000e+14 8.021301801172279857914801035338415064425867900368771434294479466368360810268209312736005758824805050096938405798826098057124418645749523954526783916964823978646887174818360223897727604865883527940334315909453382988055571775914253413213201173691047779515015960293558884608633957956534215533400000000000e-03
6.176733962839470000000000000000000000000000000000000000000000000000000000000000000000000000000000000000000000000000000000000000000000000000000000000000000000000000000000000000000000000000000000000000000000000000000000000000000000000000000000000000000000000000000000000000000000000000000000000000000000e+14 1.359890619872977150675628702666190939731100839994546669331908634262088648997800812573732419719571948023878105219113511425762852436760478978954440037386527119824541848173444548999686464549898069859781073436417429933512650926294194848471675736281453879933938760253625237376740622639038010893500000000000e-02
1.853020188851841000000000000000000000000000000000000000000000000000000000000000000000000000000000000000000000000000000000000000000000000000000000000000000000000000000000000000000000000000000000000000000000000000000000000000000000000000000000000000000000000000000000000000000000000000000000000000000000e+15 9.664336690718849660184319117291689264169639117195666405802570660275652363087046667722009577784287751452948940872660975448439086426407715654140935203893240838469443563185556668258937079941022832762568007448188740659870780704483271371336634118972071337520241792280306449075520043092320664811000000000000e-03
5.559060566555523000000000000000000000000000000000000000000000000000000000000000000000000000000000000000000000000000000000000000000000000000000000000000000000000000000000000000000000000000000000000000000000000000000000000000000000000000000000000000000000000000000000000000000000000000000000000000000000e+15 1.420496902392656886743340464097603059742744782624173076646666871246465574231850689596387304995541515575207760671493708105854635936118147525173450992016090124507383660518770999838643850531884212006999968996624611478565189109807243760110380624603793071114304038262202007937548286740819152590800000000000e-02
