1.000000000000000000000000000000000000000000000000000000000000000000000000000000000000000000000000000000000000000000000000000000000000000000000000000000000000000000000000000000000000000000000000000000000000000000000000000000000000000000000000000000000000000000000000000000000000000000000000000000000000e+00 2.156827205695011011207915280133374823061611650497447349740187123295753262501160672797935205580006674336906501940551682029758031613062494608216836907825664317227795002867061983473653929168313029992409801837006708507619124050785757981628891107207805776551989186766428810006145980254728338823900000000000e-03
3.000000000000000000000000000000000000000000000000000000000000000000000000000000000000000000000000000000000000000000000000000000000000000000000000000000000000000000000000000000000000000000000000000000000000000000000000000000000000000000000000000000000000000000000000000000000000000000000000000000000000e+00 1.866758622520830624144882278744908925686275919162388359902939012869434348672354325516304627902168760844139038435689248007263187273307464580603926311941215237623131134427932434626208187814954184147901554817408068785054802076665570873571547737152701467388984389174075097840033580166263439398200000000000e-03
9.000000000000000000000000000000000000000000000000000000000000000000000000000000000000000000000000000000000000000000000000000000000000000000000000000000000000000000000000000000000000000000000000000000000000000000000000000000000000000000000000000000000000000000000000000000000000000000000000000000000000e+00 2.104652673226374158516933822481961623332654505227951881892693793643512500899533389471948578143211094466164433446404808323161618755062068599012987549625527006814617117895143781006289796560076048213523808350644913056506241720680165485470744555384435010572011407706480274264639308921429840800300000000000e-03
2.700000000000000000000000000000000000000000000000000000000000000000000000000000000000000000000000000000000000000000000000000000000000000000000000000000000000000000000000000000000000000000000000000000000000000000000000000000000000000000000000000000000000000000000000000000000000000000000000000000000000e+01 1.867604614313994695469742876316728555646619572016415768448293230088049459942527225321520279489605395698276384051290750957417263028196197495733751766672968741106799696472892545733622338670693380413640745249781710690258108929201901541584671184453022291517292427287421641969851201898077462559900000000000e-03
8.100000000000000000000000000000000000000000000000000000000000000000000000000000000000000000000000000000000000000000000000000000000000000000000000000000000000000000000000000000000000000000000000000000000000000000000000000000000000000000000000000000000000000000000000000000000000000000000000000000000000e+01 1.792638377562257861739734363856227108549580463160509431433330531427761358513857907376065676644297200130842477713785574773421502180633340898178663364351099556028741248820618277520408762458222151603615141637912749263835700133439989175090062719564621497630071194420026301921828632922584413112000000000000e-03
2.430000000000000000000000000000000000000000000000000000000000000000000000000000000000000000000000000000000000000000000000000000000000000000000000000000000000000000000000000000000000000000000000000000000000000000000000000000000000000000000000000000000000000000000000000000000000000000000000000000000000e+02 3.443564064580168219262453753986174647948949005121923104363149101968924794446008951708784418543206658285865277450840661010661395183764250491805906699194874667436893907664665897923201348730385391425380554611510329422461874543654600738562278414939810466965742939545689092339987167483107418378500000000000e-03
7.290000000000000000000000000000000000000000000000000000000000000000000000000000000000000000000000000000000000000000000000000000000000000000000000000000000000000000000000000000000000000000000000000000000000000000000000000000000000000000000000000000000000000000000000000000000000000000000000000000000000e+02 6.485789576953130578446465603633994731889371199734794416184363705401063405420547468026515665004299352213466279771243387827940846310632569612292205554218246931250710494180085895018152943304489632698964273423903476736083188736608597059747558855238493980921603999871562049284731843516123218150200000000000e-03
2.187000000000000000000000000000000000000000000000000000000000000000000000000000000000000000000000000000000000000000000000000000000000000000000000000000000000000000000000000000000000000000000000000000000000000000000000000000000000000000000000000000000000000000000000000000000000000000000000000000000000e+03 4.879160030185162562980340927815426454391001660840817151343389344124985566310781456763921715789504222688432949424573622078657578308919793762830098393805612533981264155710206463479747163715556629796134163851786843924933710405988702316307196739011226730195282520867983981840023246047990290595100000000000e-02
6.561000000000000000000000000000000000000000000000000000000000000000000000000000000000000000000000000000000000000000000000000000000000000000000000000000000000000000000000000000000000000000000000000000000000000000000000000000000000000000000000000000000000000000000000000000000000000000000000000000000000e+03 7.366130835125277054945945235270472231657005970188199596032860360573175720608045117052131675897850915585760564926156957618747557418198137384667461747079905394021016349908358361721855324234444178904605160837422711905997500947437515998489932290176917334002786700923435590331394599166369846431500000000000e-02
1.968300000000000000000000000000000000000000000000000000000000000000000000000000000000000000000000000000000000000000000000000000000000000000000000000000000000000000000000000000000000000000000000000000000000000000000000000000000000000000000000000000000000000000000000000000000000000000000000000000000000e+04 5.170981770593600451466625588217956050544456107842213163635045818886928271484207533578765026348270229010648979344235522561989300634059914633889187856951822157641208785573486283352519003290715987641310313616932666583083163187844152387529449490279221087444793379254464342402110307827783677230800000000000e-02
5.904900000000000000000000000000000000000000000000000000000000000000000000000000000000000000000000000000000000000000000000000000000000000000000000000000000000000000000000000000000000000000000000000000000000000000000000000000000000000000000000000000000000000000000000000000000000000000000000000000000000e+04 7.429719923886575580491015473485637537858501093587819661139499943479384367781331418649761490286513959728721242735499714944381026889455555622870811900020254567317662450699407304582395218465650619140519271920987040954178866435633738385362123260457931684218336661336265374095248164308103378178100000000000e-01
1.771470000000000000000000000000000000000000000000000000000000000000000000000000000000000000000000000000000000000000000000000000000000000000000000000000000000000000000000000000000000000000000000000000000000000000000000000000000000000000000000000000000000000000000000000000000000000000000000000000000000e+05 5.595765618526509296639146999679895421562983843004269711622587769352027510616542642629488138623381114050249602902579015583763219567182151352782350693979247006293379347638759857303690866996871560052341474453935716910398107369213091780648319903809417262651607494770196568282570357565836953438200000000000e-01
5.314410000000000000000000000000000000000000000000000000000000000000000000000000000000000000000000000000000000000000000000000000000000000000000000000000000000000000000000000000000000000000000000000000000000000000000000000000000000000000000000000000000000000000000000000000000000000000000000000000000000e+05 6.924325675031609879262852956631555002172730944053587412935118722707384850323354218929218560219080646109786228216197288678183718087493502512308568617505149124216246765139555225875051491043753931685494662266865803602636987611400360846597055489792341056890185377986797679778570297897725147188100000000000e-01
1.594323000000000000000000000000000000000000000000000000000000000000000000000000000000000000000000000000000000000000000000000000000000000000000000000000000000000000000000000000000000000000000000000000000000000000000000000000000000000000000000000000000000000000000000000000000000000000000000000000000000e+06 8.385280902758276799405328517282768252035385323631986948642886447977138754935243756046659829927704937219832769725573495577511635335873462386948232791540811277986716776999965093768051030588641808635619451222204663294414414366809882396467122277152999508059176261535535958424741527385610412392900000000000e-01
4.782969000000000000000000000000000000000000000000000000000000000000000000000000000000000000000000000000000000000000000000000000000000000000000000000000000000000000000000000000000000000000000000000000000000000000000000000000000000000000000000000000000000000000000000000000000000000000000000000000000000e+06 1.103196391419334243953624920233225083844119730798836501382003670768477276176859634143151831673009323677022620310459589364173583743777266986470867547184595100433848883454468470704017916044358889986609031872600069282850639779752014626108269673691000711195935215241831846862973836094048138825300000000000e+00
1.434890700000000000000000000000000000000000000000000000000000000000000000000000000000000000000000000000000000000000000000000000000000000000000000000000000000000000000000000000000000000000000000000000000000000000000000000000000000000000000000000000000000000000000000000000000000000000000000000000000000e+07 9.624639865571564678175287795319424268247669418737475599601203111190803302535630801945132039501464638360771685325566328208908142290178438597629774862994846576763176904892510813408604385695507770098335001472628360778882632885394183644708502488374777023488785903796213979399337052428099440579900000000000e-01
4.304672100000000000000000000000000000000000000000000000000000000000000000000000000000000000000000000000000000000000000000000000000000000000000000000000000000000000000000000000000000000000000000000000000000000000000000000000000000000000000000000000000000000000000000000000000000000000000000000000000000e+07 6.448449047911024346760738393364798838762004456025823859352169976969118190912151661484062463392738444339188054760637041734271463892920287442212025067782668289947779648312332515263953159806917100038534131421488866523116463279620602596170655994083021226249535573696254399472448992763092918574500000000000e-01
1.291401630000000000000000000000000000000000000000000000000000000000000000000000000000000000000000000000000000000000000000000000000000000000000000000000000000000000000000000000000000000000000000000000000000000000000000000000000000000000000000000000000000000000000000000000000000000000000000000000000000e+08 1.165644649733846291936376012062783428700927467111036078695093122377670896976182188398442319281265270083765340796349369596166253611520315068959583280068292372207709366826853697453403290600235140229246911021917843580945693925620471103347284221794446058148438612328587885494558136535185041516700000000000e+00
3.874204890000000000000000000000000000000000000000000000000000000000000000000000000000000000000000000000000000000000000000000000000000000000000000000000000000000000000000000000000000000000000000000000000000000000000000000000000000000000000000000000000000000000000000000000000000000000000000000000000000e+08 1.033658862722053861976808333072929467170564091404141469973877635687600869629494820823173458822958260652911212189488946983555335448368938854264914636789985637661679569693191974734968152128993018936866287337978866389111718957254369269324098473244994042336115959889149049647808169835015585930100000000000e+00
1.162261467000000000000000000000000000000000000000000000000000000000000000000000000000000000000000000000000000000000000000000000000000000000000000000000000000000000000000000000000000000000000000000000000000000000000000000000000000000000000000000000000000000000000000000000000000000000000000000000000000e+09 9.896624539767811140448598157320035641108921729920538198564872420605739612081868817545887392035290870523465954558356969784853132360570269750087121583467120880576163025874208327514238199692297769201976245190623120612058282042847894376308433711337609845936414530049621180124445330706537511612800000000000e-01
3.486784401000000000000000000000000000000000000000000000000000000000000000000000000000000000000000000000000000000000000000000000000000000000000000000000000000000000000000000000000000000000000000000000000000000000000000000000000000000000000000000000000000000000000000000000000000000000000000000000000000e+09 1.148605914428385005679780503487840874741701830782681105761919403699605105661532549235305661786872091234277310680511524516844340492279946336877523133736797289373658814700459231335477390098891911510757593040477434736993433983913285347045539285866850530586523411773157090566288675514855065732700000000000e+00
1.046035320300000000000000000000000000000000000000000000000000000000000000000000000000000000000000000000000000000000000000000000000000000000000000000000000000000000000000000000000000000000000000000000000000000000000000000000000000000000000000000000000000000000000000000000000000000000000000000000000000e+10 9.068989730353892451715170860702191041156010922914115920727125207353327501636305976569822929772697227942956162940870634636930466648975237362589305518025581948574014065379180115168117421078128492004414096097175562510949417292791246881830993073785638431483308545114097489612121797470047215365000000000000e-01
3.138105960900000000000000000000000000000000000000000000000000000000000000000000000000000000000000000000000000000000000000000000000000000000000000000000000000000000000000000000000000000000000000000000000000000000000000000000000000000000000000000000000000000000000000000000000000000000000000000000000000e+10 1.065732592404100836918846149059424295431291555856508792015380436766845331191927454700538421043227290891008795256054992460146522865206884767589263464497558758259531990401939296255745214186291217529859304914013762458179002071885416425098970145257614814175313971078559055489499534527608495243600000000000e+00
9.414317882700000000000000000000000000000000000000000000000000000000000000000000000000000000000000000000000000000000000000000000000000000000000000000000000000000000000000000000000000000000000000000000000000000000000000000000000000000000000000000000000000000000000000000000000000000000000000000000000000e+10 8.543656053370567731245398852098106620139137496410133829272792841141937546445845905158127216431489614298429174089642373503071803936565725745526731785036904254814781638599946135161165245517415100250102683677811243264633254399502364813653307741567341300793247496957692070379029100864622618441800000000000e-01
2.824295364810000000000000000000000000000000000000000000000000000000000000000000000000000000000000000000000000000000000000000000000000000000000000000000000000000000000000000000000000000000000000000000000000000000000000000000000000000000000000000000000000000000000000000000000000000000000000000000000000e+11 9.622124387933113647473855399238008265254369048228503788801506399672484189489423956861531402876538666202121340078179048615624036693012730973958590672848773954970514241663208303116855794844455216364305917830738179741689310327571218170984670424640132761487617904978574104102367760082261181777300000000000e-01
8.472886094430000000000000000000000000000000000000000000000000000000000000000000000000000000000000000000000000000000000000000000000000000000000000000000000000000000000000000000000000000000000000000000000000000000000000000000000000000000000000000000000000000000000000000000000000000000000000000000000000e+11 9.999224911247595997860966834701852602738602352326806488919699910719877338545595273458371412649416326189800587111000500992755183849080203622743970389257777404758372296772560205091558315914165817221471735452318070395821949618929548640248525895735327330126666854984243802123743679611729243970400000000000e-01
2.541865828329000000000000000000000000000000000000000000000000000000000000000000000000000000000000000000000000000000000000000000000000000000000000000000000000000000000000000000000000000000000000000000000000000000000000000000000000000000000000000000000000000000000000000000000000000000000000000000000000e+12 1.009360505064947526781482576131024388613622700444698222241016135381837808513661774940308986622230811744812405644093311463874108911679066000903565698386801011407699257671609072734651693985892111970513624260435272349183797231617605494945266648858815583519927344354441598153519353951790653446900000000000e+00
7.625597484987000000000000000000000000000000000000000000000000000000000000000000000000000000000000000000000000000000000000000000000000000000000000000000000000000000000000000000000000000000000000000000000000000000000000000000000000000000000000000000000000000000000000000000000000000000000000000000000000e+12 1.019306096084465622290791275417076886095543925874595944429350288348572394226287656995297600074441854542694991055781476499163177970992923731894216803357061301925229565545747316591146147135729555995221654439243317874696888419595054132450408017160667229287846604369383919072715784669200545553000000000000e+00
2.287679245496100000000000000000000000000000000000000000000000000000000000000000000000000000000000000000000000000000000000000000000000000000000000000000000000000000000000000000000000000000000000000000000000000000000000000000000000000000000000000000000000000000000000000000000000000000000000000000000000e+13 9.946960394569920595057895715060290854712104447781376725527273200638944785921237811988001358857762947025279967141967989245769625233155197396482580561673682040889277701377414768401424189613308911226970537006581931755995224298177233819441659709538558450517943815316196822458746253841895306696400000000000e-01
6.863037736488300000000000000000000000000000000000000000000000000000000000000000000000000000000000000000000000000000000000000000000000000000000000000000000000000000000000000000000000000000000000000000000000000000000000000000000000000000000000000000000000000000000000000000000000000000000000000000000000e+13 9.942455617074271657890726697608093378305330541444550339973965029709498713199819153479730987300965277037015196141827871743672710017238116569689067226009787662590843073281728779264735859965690866122507835655329237393062933042214735703345561762933961482443762238146234378507322110141893763842800000000000e-01
2.058911320946490000000000000000000000000000000000000000000000000000000000000000000000000000000000000000000000000000000000000000000000000000000000000000000000000000000000000000000000000000000000000000000000000000000000000000000000000000000000000000000000000000000000000000000000000000000000000000000000e+14 2.192763507883092436658452885749292515518930334451603725621583316324744806562614648753548811199952686486858785206669430869843020628157109045103995694181538425088244977228449237237605612076348507014696025921506646176236733044173840995551754069390939031421630799951309918565132281816056107134600000000000e+00
6.176733962839470000000000000000000000000000000000000000000000000000000000000000000000000000000000000000000000000000000000000000000000000000000000000000000000000000000000000000000000000000000000000000000000000000000000000000000000000000000000000000000000000000000000000000000000000000000000000000000000e+14 1.566208953913381485293558150313146047310555305208865803934821697327175410501498456690208187837377940279259983570114747323367178345198144206595876373334226984216432966004366325085839239297551745394980071618303020953793228016383139250237288588769392595211313073146480200265515451887456948198700000000000e+00
1.853020188851841000000000000000000000000000000000000000000000000000000000000000000000000000000000000000000000000000000000000000000000000000000000000000000000000000000000000000000000000000000000000000000000000000000000000000000000000000000000000000000000000000000000000000000000000000000000000000000000e+15 1.967652046617031944227558795132997667178089273775932686274750935806367708942132697602682000392668057767081447993140734701821676535205254065887475452908141591410252771033187637374246894641508997942559214442337980327737121153578067914860221774475353686168540953332820713508845836416657758936600000000000e+00
5.559060566555523000000000000000000000000000000000000000000000000000000000000000000000000000000000000000000000000000000000000000000000000000000000000000000000000000000000000000000000000000000000000000000000000000000000000000000000000000000000000000000000000000000000000000000000000000000000000000000000e+15 1.710091427389635093933826893477105459245523493456725059878958837154270189900240647924369340295727257880110001741813765486025129991792220376787942980080983157315365708687629508648033674730165731567551083877096855212550084845084592936156077457253410220098986064766822579595448793147907887621400000000000e+00
