1.000000000000000000000000000000000000000000000000000000000000000000000000000000000000000000000000000000000000000000000000000000000000000000000000000000000000000000000000000000000000000000000000000000000000000000000000000000000000000000000000000000000000000000000000000000000000000000000000000000000000e+00 3.201228779776424634768785584314136554698666416518590709721975390361084451457014708279244384837212726352448488568438054336797214429562072691957912724388715947204853637345844838883375402445408895222397551491188450942961651011231966108966604639464814843676813321343954436606086853031554408094200000000000e-16
3.000000000000000000000000000000000000000000000000000000000000000000000000000000000000000000000000000000000000000000000000000000000000000000000000000000000000000000000000000000000000000000000000000000000000000000000000000000000000000000000000000000000000000000000000000000000000000000000000000000000000e+00 3.881155285410598012824998742624818247202427468032070009760399163756515463005962562890313536306247008281457082435464542079329893684280933664674041301611205455238136582053962173582371854386963581176124082582040467570851827648933175731948723812427071878647861928580506374216869175875629552374800000000000e-16
9.000000000000000000000000000000000000000000000000000000000000000000000000000000000000000000000000000000000000000000000000000000000000000000000000000000000000000000000000000000000000000000000000000000000000000000000000000000000000000000000000000000000000000000000000000000000000000000000000000000000000e+00 5.243450242554961189661990530531246877227832454298393177573531179711549917160779153015645806383401003317424168407282023655119772202383939014627759455800124259064084428850470323935707008822033723718203987103022089546870902742472051059447774084363442906914216801647770415395408978249611158073400000000000e-16
2.700000000000000000000000000000000000000000000000000000000000000000000000000000000000000000000000000000000000000000000000000000000000000000000000000000000000000000000000000000000000000000000000000000000000000000000000000000000000000000000000000000000000000000000000000000000000000000000000000000000000e+01 2.679779474402451117621594092341551116127977950892558210530787134451184913389001555931726580591158234022683146882162010066337710729143968377260807663027417827497751561348539619598419277450645128379841816294056714026299919595781898795181158434636359520471591866963177774866571036131201560852700000000000e-16
8.100000000000000000000000000000000000000000000000000000000000000000000000000000000000000000000000000000000000000000000000000000000000000000000000000000000000000000000000000000000000000000000000000000000000000000000000000000000000000000000000000000000000000000000000000000000000000000000000000000000000e+01 2.097134730445074128726643278587381015207658535453561868822439610204782772897083356329883006110140788477076213836750585621416924061397739247850529211875348279663939444900646977583629670030959292447760092938844884352747647502636998363635031188602595503886076348290748308176298508768596379944400000000000e-16
2.430000000000000000000000000000000000000000000000000000000000000000000000000000000000000000000000000000000000000000000000000000000000000000000000000000000000000000000000000000000000000000000000000000000000000000000000000000000000000000000000000000000000000000000000000000000000000000000000000000000000e+02 3.739378727710149704298051345704767694921742563211397821075499883012836743137622337492401085172388175564685079136070187476711323243479985753375522286323851605827831902809503176100124608031130458239312659124774312946727504589045392000341008498954251954699888492337364910834943546384781590849800000000000e-16
7.290000000000000000000000000000000000000000000000000000000000000000000000000000000000000000000000000000000000000000000000000000000000000000000000000000000000000000000000000000000000000000000000000000000000000000000000000000000000000000000000000000000000000000000000000000000000000000000000000000000000e+02 1.572098096526842799943237817099880810806856792494171196944904139031029257766633492449424228238275216959416987513617985769696744255966689782429625260372626741008330077175169751589338286864307792968959424629331850743200093316692685513301027345223523181936630788169448587313711686999579334867400000000000e-16
2.187000000000000000000000000000000000000000000000000000000000000000000000000000000000000000000000000000000000000000000000000000000000000000000000000000000000000000000000000000000000000000000000000000000000000000000000000000000000000000000000000000000000000000000000000000000000000000000000000000000000e+03 4.496207192813877683398211078683362830715146579381703087206997297658773977978199545937196821815295368045066423268090656172154602952610409590594873561019511194068710509349191000031376341035760986973964470807123300321655378885029993821656356500548505540657953391870267364324407577253775929050000000000000e-16
6.561000000000000000000000000000000000000000000000000000000000000000000000000000000000000000000000000000000000000000000000000000000000000000000000000000000000000000000000000000000000000000000000000000000000000000000000000000000000000000000000000000000000000000000000000000000000000000000000000000000000e+03 5.591163895846970961244824189662246388890381741023891825757623057689703677256875755248267669775165734874203243834578504055025500358909801520549345874591762898235796168711058512301373483658310188826468058869915988491950675912083003818052681779245557038482138851654223543563615188862296242348700000000000e-16
1.968300000000000000000000000000000000000000000000000000000000000000000000000000000000000000000000000000000000000000000000000000000000000000000000000000000000000000000000000000000000000000000000000000000000000000000000000000000000000000000000000000000000000000000000000000000000000000000000000000000000e+04 4.264888686436087739555235451440720348435206338403501422216963445032536461096589670142191904749569154870577273567314825797109415248591702092375809032350232711402908348470873431200583695399157706873418343292207140444541662596431224068037903058660301229559376683777100884630464984522188308561000000000000e-16
5.904900000000000000000000000000000000000000000000000000000000000000000000000000000000000000000000000000000000000000000000000000000000000000000000000000000000000000000000000000000000000000000000000000000000000000000000000000000000000000000000000000000000000000000000000000000000000000000000000000000000e+04 4.135632526599281278722688769307139035994644043879699564944832664725976591059165048842066047579627608408111504243657066877487961329134065654680982924904492981213006097785067333124300283673160334469899227837958999501233951933149594298760668986366020538281099730924588618998548227029373085458600000000000e-16
1.771470000000000000000000000000000000000000000000000000000000000000000000000000000000000000000000000000000000000000000000000000000000000000000000000000000000000000000000000000000000000000000000000000000000000000000000000000000000000000000000000000000000000000000000000000000000000000000000000000000000e+05 4.871683708279880404900865096544792141271770835574055910606617687619057850170819463744602388006625808769876204290747461270161709437084615990077543150035764111589658264833103241492915607989657584800783795061671410975413154313541263203062013386651081045487959797513436918262579435107740537842800000000000e-16
5.314410000000000000000000000000000000000000000000000000000000000000000000000000000000000000000000000000000000000000000000000000000000000000000000000000000000000000000000000000000000000000000000000000000000000000000000000000000000000000000000000000000000000000000000000000000000000000000000000000000000e+05 2.913941780110227005132220621217118961346395847689989215305323580210586299349428228752302549437865755879058059051437216302552334623292778344251000342148318362622508089689668621224071041901313822084223853950295189571312616104464098537383038512776798699975277465568115242031201882549320831817500000000000e-16
1.594323000000000000000000000000000000000000000000000000000000000000000000000000000000000000000000000000000000000000000000000000000000000000000000000000000000000000000000000000000000000000000000000000000000000000000000000000000000000000000000000000000000000000000000000000000000000000000000000000000000e+06 3.518271700383114818443917905351776378522749699366106992071985247111334616727516364921822064738559360048236242718843588247896647961648158627151151822255913901328338409927307027331066508652020617644459574383650460434320396136547968589748704436839672411628728665802308164304572625583181900334200000000000e-16
4.782969000000000000000000000000000000000000000000000000000000000000000000000000000000000000000000000000000000000000000000000000000000000000000000000000000000000000000000000000000000000000000000000000000000000000000000000000000000000000000000000000000000000000000000000000000000000000000000000000000000e+06 2.495298905750349062429665148074113166850648114843137696253746812838561586047443109111591970227335437492883157707798157178108573486841268081914545187212667438737677535616243585481219339678275586412165056176171708142072756429176207845144814005020836143285320333781467582842821750287052697047800000000000e-16
1.434890700000000000000000000000000000000000000000000000000000000000000000000000000000000000000000000000000000000000000000000000000000000000000000000000000000000000000000000000000000000000000000000000000000000000000000000000000000000000000000000000000000000000000000000000000000000000000000000000000000e+07 1.460513527443634880375850897254336656625725931752427878065412288478474619460619695857676682425659731508004096163989944306801061443628145992764679547263547022221835730331983034638314884740257040162707639076232082453502275353439672928119429088596788348721543098067021137232501990405179026773200000000000e-16
4.304672100000000000000000000000000000000000000000000000000000000000000000000000000000000000000000000000000000000000000000000000000000000000000000000000000000000000000000000000000000000000000000000000000000000000000000000000000000000000000000000000000000000000000000000000000000000000000000000000000000e+07 3.259720958645087358034880804826691154831120477907527805391016979711827320270467466543364508021052880643092527493258127447113003840982365593093907475106754099037787226614830377741735103441391093425306021718273464153981002543883285392666671150699959152076513728134969696202393690088727288351000000000000e-16
1.291401630000000000000000000000000000000000000000000000000000000000000000000000000000000000000000000000000000000000000000000000000000000000000000000000000000000000000000000000000000000000000000000000000000000000000000000000000000000000000000000000000000000000000000000000000000000000000000000000000000e+08 2.789494180536765558299229306565690340141262063161979263487562292526949385448984848802525948774008600391723612990519180338976165716603916302048595238154218863362388375434022869744044911911692384260327255209788176641852227939540680835815781075988792325696272208764316183859341377581124969978800000000000e-16
3.874204890000000000000000000000000000000000000000000000000000000000000000000000000000000000000000000000000000000000000000000000000000000000000000000000000000000000000000000000000000000000000000000000000000000000000000000000000000000000000000000000000000000000000000000000000000000000000000000000000000e+08 2.523336867362495522145774105785312992808009551192997740045892331827293192812048206144550033766316798016726965729255622686273617106304323725622257131546093966558531902930036026116868014612798089232613690805153247108779614600889432222297596235590657180934042703862349340061729723697973045757300000000000e-16
1.162261467000000000000000000000000000000000000000000000000000000000000000000000000000000000000000000000000000000000000000000000000000000000000000000000000000000000000000000000000000000000000000000000000000000000000000000000000000000000000000000000000000000000000000000000000000000000000000000000000000e+09 3.380502693786299262761479685527170705622639376102365578382453115390673491715520391418299679229323932051330232884355205855762503031392639392484564879051013085454827841803383942046263434261707453909993137803693083192208446599055969074134297341817851607659997006747256178674859809839636524718400000000000e-16
3.486784401000000000000000000000000000000000000000000000000000000000000000000000000000000000000000000000000000000000000000000000000000000000000000000000000000000000000000000000000000000000000000000000000000000000000000000000000000000000000000000000000000000000000000000000000000000000000000000000000000e+09 2.115165408896196875604853098117466219233548676946008667892347689061587560667975088827055621872160285493244900795076230466181784230871373527885475561628814795918056091238376336125382068006872345033968646511326646807472061794485520320830313942725749663828843764166650448225344089779689463605600000000000e-16
1.046035320300000000000000000000000000000000000000000000000000000000000000000000000000000000000000000000000000000000000000000000000000000000000000000000000000000000000000000000000000000000000000000000000000000000000000000000000000000000000000000000000000000000000000000000000000000000000000000000000000e+10 2.246277993661089777711437093024947711698047706715357747563212394379398220962307474554194103715192401078979879607720493141812767924683333568986385617967947315550207463957742803019109696363678077079353402813424504684396352736527400579027984610068463892234909947568409666044854882050234482338400000000000e-16
3.138105960900000000000000000000000000000000000000000000000000000000000000000000000000000000000000000000000000000000000000000000000000000000000000000000000000000000000000000000000000000000000000000000000000000000000000000000000000000000000000000000000000000000000000000000000000000000000000000000000000e+10 1.984567117638363026336701880640300786882272313659915078362061596198156671850124321783579439827081865440793911286596899595844899150284058104556418534792555185553163374435323604439346134350984710566643122729672453349589929118752779379144422807605733979613301421390994277999407317426862123767300000000000e-16
9.414317882700000000000000000000000000000000000000000000000000000000000000000000000000000000000000000000000000000000000000000000000000000000000000000000000000000000000000000000000000000000000000000000000000000000000000000000000000000000000000000000000000000000000000000000000000000000000000000000000000e+10 3.396932305142513699103875233927952990525740346323308539077966770722289546691337175863769989436099323710379179380262135710015359092459698196195300835543575991494956295505123567122140288763208415535465984166864703807276626182676010336064511732047754977796858087886625033252453143235406569093300000000000e-16
2.824295364810000000000000000000000000000000000000000000000000000000000000000000000000000000000000000000000000000000000000000000000000000000000000000000000000000000000000000000000000000000000000000000000000000000000000000000000000000000000000000000000000000000000000000000000000000000000000000000000000e+11 1.637229934610784997021636114700509872698278294090908303949732831070371629065992378843487559787698649977634656977715122619495097740138640891484143916698397746020367983477366223414474340046195936288680894792864671355423085548134274103121659917482808227758453247595438844250108312281679895464400000000000e-16
8.472886094430000000000000000000000000000000000000000000000000000000000000000000000000000000000000000000000000000000000000000000000000000000000000000000000000000000000000000000000000000000000000000000000000000000000000000000000000000000000000000000000000000000000000000000000000000000000000000000000000e+11 1.043290930033147576094351753217352274827491580377440523211502205302327257245819492020316136112381382638928996817854330475225693203802242449875227626449054855638958079585780390008668009867057665362023679952876378614109344735791229204715176566999199019394040376889567145887343344012209485380700000000000e-16
2.541865828329000000000000000000000000000000000000000000000000000000000000000000000000000000000000000000000000000000000000000000000000000000000000000000000000000000000000000000000000000000000000000000000000000000000000000000000000000000000000000000000000000000000000000000000000000000000000000000000000e+12 3.271644469177055441460322717524118943530904953524156466302102679806040601353766206837749511783745430934638684100343143796814067932286803203920193819209193400498956817983687006973413610283516528453306444849458916027694612358183022130419688418243279935898386549352975594502090654382457649700300000000000e-16
7.625597484987000000000000000000000000000000000000000000000000000000000000000000000000000000000000000000000000000000000000000000000000000000000000000000000000000000000000000000000000000000000000000000000000000000000000000000000000000000000000000000000000000000000000000000000000000000000000000000000000e+12 2.583084427315090633682819732436412343401400913216033729950160755922659088361766221534349770534400246424995482239409113460915131856184822994960674419382737396490218228430351506862810022051460479176620768034343836025119695995004111235555723409650202020135180164816810315006121449466712364871000000000000e-16
2.287679245496100000000000000000000000000000000000000000000000000000000000000000000000000000000000000000000000000000000000000000000000000000000000000000000000000000000000000000000000000000000000000000000000000000000000000000000000000000000000000000000000000000000000000000000000000000000000000000000000e+13 1.188937753480529041529723256056408035962409438795206505691192970121513979174555036053897338175008308530501005073427015379579176912813839834586971738614163210946323605539315394001379975617726851905135880347198522720776457642856482686566377736346038580336849667548887485805450573285311240629400000000000e-16
6.863037736488300000000000000000000000000000000000000000000000000000000000000000000000000000000000000000000000000000000000000000000000000000000000000000000000000000000000000000000000000000000000000000000000000000000000000000000000000000000000000000000000000000000000000000000000000000000000000000000000e+13 2.522703634913892031023113464342168349589583493149859243392410987968164371166509505409699912043112257692165666373356752196306668381162845535028530438182428255535528643284673528175678806454219972280038958969409900852416343226454530132057388760383270763538007733237676333792786053783506866504000000000000e-16
2.058911320946490000000000000000000000000000000000000000000000000000000000000000000000000000000000000000000000000000000000000000000000000000000000000000000000000000000000000000000000000000000000000000000000000000000000000000000000000000000000000000000000000000000000000000000000000000000000000000000000e+14 1.491367158032264704874303853659058158313080724399839738370232418613770092113187958743343312733297858167492618593201288581134787500795464880691274665930205736453470489603436444502325607775311627006035024371498845620822734397495450189638254570101552624349806973694395514740539244691715472839700000000000e-16
6.176733962839470000000000000000000000000000000000000000000000000000000000000000000000000000000000000000000000000000000000000000000000000000000000000000000000000000000000000000000000000000000000000000000000000000000000000000000000000000000000000000000000000000000000000000000000000000000000000000000000e+14 3.436787940195514203671164706082757749532712177411087699558407559046134850822894558676143029155308347689966234763425586707476802717979073541741209396924683625418299739407925848707057443078021324120190155658775991127953430926984555747926514423814834676940655757396107341887091513902579026882900000000000e-16
1.853020188851841000000000000000000000000000000000000000000000000000000000000000000000000000000000000000000000000000000000000000000000000000000000000000000000000000000000000000000000000000000000000000000000000000000000000000000000000000000000000000000000000000000000000000000000000000000000000000000000e+15 2.323821466963974710935464419813444574655690271203094985213254442064542366324715068100820154625106514016129459616898004363147943248282088909577634488096777858911201295804522914434369002540619042064180716066157565497571989460123273148344276668326367100475167137510813234303685789626743933555100000000000e-16
5.559060566555523000000000000000000000000000000000000000000000000000000000000000000000000000000000000000000000000000000000000000000000000000000000000000000000000000000000000000000000000000000000000000000000000000000000000000000000000000000000000000000000000000000000000000000000000000000000000000000000e+15 1.482399796725207990218031220132853353075197158225839166012623509158544287415054973407503413136177988158545980715667296114263195355316430016300773089778091550156601370674324584183796212331304075949570758518525523580161383737856702048856713817112389302877965057783675990370453428482710223097400000000000e-16
