1.000000000000000000000000000000000000000000000000000000000000000000000000000000000000000000000000000000000000000000000000000000000000000000000000000000000000000000000000000000000000000000000000000000000000000000000000000000000000000000000000000000000000000000000000000000000000000000000000000000000000e+01 2.660397566911453893416449403233925582037786468205902045912672906518194036301970522010573388806994720665449360463914717416866647234553957137354604999817007054865056662288420007619558867589005830348065068861375784504115424210759457290372007041431675530827844029083136608090460735276878320174500000000000e-289
3.000000000000000000000000000000000000000000000000000000000000000000000000000000000000000000000000000000000000000000000000000000000000000000000000000000000000000000000000000000000000000000000000000000000000000000000000000000000000000000000000000000000000000000000000000000000000000000000000000000000000e+01 2.901759797636156857879467261686173421547248448398842883698471227663755738260389143391554070299195006349991739328226498426258887244519309669709299223756202624064063805472425896736442310680852100227359058658263772171356283052514734459459471974001884338253992104785147078943081712255035749582700000000000e-289
9.000000000000000000000000000000000000000000000000000000000000000000000000000000000000000000000000000000000000000000000000000000000000000000000000000000000000000000000000000000000000000000000000000000000000000000000000000000000000000000000000000000000000000000000000000000000000000000000000000000000000e+01 3.313617309969705016563619009710107402591650531002674653689869955646344194323961330718769348404280724439415339747465791485943191278073800369456687438708433231640248355456659833715740768401944556363788378334222547332071685660022163748084374358100880297815387052747488709242820178325783053817000000000000e-289
2.700000000000000000000000000000000000000000000000000000000000000000000000000000000000000000000000000000000000000000000000000000000000000000000000000000000000000000000000000000000000000000000000000000000000000000000000000000000000000000000000000000000000000000000000000000000000000000000000000000000000e+02 3.812019556751110551810797190970620731280598464865262985684071647603602072101273381262304652700982843712434073366913631630924422976712374288149490160367810695304271599783707013156649233121265711813973651201445103533423128211091595343770237681657898633945149234968769434997410183909884161512400000000000e-289
8.100000000000000000000000000000000000000000000000000000000000000000000000000000000000000000000000000000000000000000000000000000000000000000000000000000000000000000000000000000000000000000000000000000000000000000000000000000000000000000000000000000000000000000000000000000000000000000000000000000000000e+02 3.924968301522736648956418736861129143265176602520968464968368080252840259242506804189857065104970863593884968225684271671772311354159919797476995869327170883183269654422914140562316627157521370984209918441018924594097088661036486246148310439606572402541644171132429649416937492024988803609000000000000e-289
2.430000000000000000000000000000000000000000000000000000000000000000000000000000000000000000000000000000000000000000000000000000000000000000000000000000000000000000000000000000000000000000000000000000000000000000000000000000000000000000000000000000000000000000000000000000000000000000000000000000000000e+03 3.686333133267493680984379340120917694847306298104911015368187065589755455403869123597013839234061640765444892244791263096574962965810126545809671858384217217120788057030483338610747536001412218307138791842232339760906406097437428008325696674505276892481735803364915915260060697485803082032900000000000e-289
7.290000000000000000000000000000000000000000000000000000000000000000000000000000000000000000000000000000000000000000000000000000000000000000000000000000000000000000000000000000000000000000000000000000000000000000000000000000000000000000000000000000000000000000000000000000000000000000000000000000000000e+03 3.683178616300904607553465182014259703858204998938426967065912222909892962057732528339720442572644881770145650094762048128799048600983589631076047785196222169172212918342891626982966696637047431358062793413582826182784157254081248433958172418856167133389222421620431621906132021520278688066300000000000e-289
2.187000000000000000000000000000000000000000000000000000000000000000000000000000000000000000000000000000000000000000000000000000000000000000000000000000000000000000000000000000000000000000000000000000000000000000000000000000000000000000000000000000000000000000000000000000000000000000000000000000000000e+04 2.662389510870374692829926690037008648034246417978808763928433775475936438401548251385705924260982391822861021370951905779198019833831874662369987102467498080201055256053867437220600845749384344204210173983540223814081220001775784175124103068095867429680875990606483984440662731650802310546200000000000e-289
6.561000000000000000000000000000000000000000000000000000000000000000000000000000000000000000000000000000000000000000000000000000000000000000000000000000000000000000000000000000000000000000000000000000000000000000000000000000000000000000000000000000000000000000000000000000000000000000000000000000000000e+04 4.474832415773984014335153959513845420124646201144008330803549990163583171267780457188803112724142046173051433273868153882539627226126046305725722933272889642731662904738333860312712948645865126525282605017608709848734482741287330916440547854370882404206216119249756136310163301021317774455100000000000e-289
1.968300000000000000000000000000000000000000000000000000000000000000000000000000000000000000000000000000000000000000000000000000000000000000000000000000000000000000000000000000000000000000000000000000000000000000000000000000000000000000000000000000000000000000000000000000000000000000000000000000000000e+05 3.453088085824372967291416997829107101055743158114159077574587410915134516923457844626416324876458971297639643003725081126281183757778680380017620862583166652438002746133520943454408310393433464977010576810661986174900325072236433401463916697887031320219391176489098636131621907551070051246700000000000e-289
5.904900000000000000000000000000000000000000000000000000000000000000000000000000000000000000000000000000000000000000000000000000000000000000000000000000000000000000000000000000000000000000000000000000000000000000000000000000000000000000000000000000000000000000000000000000000000000000000000000000000000e+05 3.346806978247903905264677219568407024132508703941307031120294603692937370391925356231257362966790548091573110833830158787132594401049003325327036356497130428500601622772092080903694987301889479512952010321535283303720880239537827937279033228558409591541876000326449818217789475282954180947100000000000e-289
1.771470000000000000000000000000000000000000000000000000000000000000000000000000000000000000000000000000000000000000000000000000000000000000000000000000000000000000000000000000000000000000000000000000000000000000000000000000000000000000000000000000000000000000000000000000000000000000000000000000000000e+06 4.430992058609678497005631537879040287760195624718732983782291244913324052281980464625215251604537151153404005861887419859855535741764891834610948141659657451900708064902826346619825485049615128882875028054203369520355876075558868524436664074121045169476310677042412991540432184392030086929600000000000e-289
5.314410000000000000000000000000000000000000000000000000000000000000000000000000000000000000000000000000000000000000000000000000000000000000000000000000000000000000000000000000000000000000000000000000000000000000000000000000000000000000000000000000000000000000000000000000000000000000000000000000000000e+06 4.000955613119012853844227773358303031253966556440303227138241140321138777934007833080652342277684313988541007151355993027926860961806098725621580045336659360723097727453556072316845317509136895323273411007310991305585291236433391312231792915474967534544977599074317376352113157499972943751000000000000e-289
1.594323000000000000000000000000000000000000000000000000000000000000000000000000000000000000000000000000000000000000000000000000000000000000000000000000000000000000000000000000000000000000000000000000000000000000000000000000000000000000000000000000000000000000000000000000000000000000000000000000000000e+07 4.369879915532811631411916542251987501367277160994529896010737359205691977838762540495820568512206722173624575198302338818192109581276719844386721312165143998542226728381431823764507491408146740737452649299695312674071528698065828863068901905177085464738766870996881327730594938331563339964100000000000e-289
4.782969000000000000000000000000000000000000000000000000000000000000000000000000000000000000000000000000000000000000000000000000000000000000000000000000000000000000000000000000000000000000000000000000000000000000000000000000000000000000000000000000000000000000000000000000000000000000000000000000000000e+07 4.092013086447597133856952894519364698537398570384630719004214436270774773480644197806991512778237829623584570920486442675953054687291469889758541686685600763807028254715699968536040068881101231740993020380601550955293480922499197216906239367526849285048636857478356057412515857516237924355900000000000e-289
1.434890700000000000000000000000000000000000000000000000000000000000000000000000000000000000000000000000000000000000000000000000000000000000000000000000000000000000000000000000000000000000000000000000000000000000000000000000000000000000000000000000000000000000000000000000000000000000000000000000000000e+08 2.968986097133315780568410319996600491104075925117451888024131409973145824780789553159043511398004276467409228520599905623963848681579515508629782217061404145101000683314449554004314625667827515661915015227975620318610702493158225106892298788020810414153515825540240205086436587666717331922500000000000e-289
4.304672100000000000000000000000000000000000000000000000000000000000000000000000000000000000000000000000000000000000000000000000000000000000000000000000000000000000000000000000000000000000000000000000000000000000000000000000000000000000000000000000000000000000000000000000000000000000000000000000000000e+08 3.472106425621652295542503431353989016853535332387969445425291782439844999811961316214159678429049673875349701393293726091544176791235768637856710839333634726708321681974153243318497525291241429394195859174718543308293695327314624635154671523023693339506419983153304759666358107861776674732100000000000e-289
1.291401630000000000000000000000000000000000000000000000000000000000000000000000000000000000000000000000000000000000000000000000000000000000000000000000000000000000000000000000000000000000000000000000000000000000000000000000000000000000000000000000000000000000000000000000000000000000000000000000000000e+09 3.092916983369933055433976057473467849715543198476451236340101182534970919701575154599616789443182811424819932736649886030309677344931099398429586475267020360127038731974922913391165137423069489855499966456600056671415485069943698240691200761615562665257562482040113757812876810170601638948000000000000e-289
3.874204890000000000000000000000000000000000000000000000000000000000000000000000000000000000000000000000000000000000000000000000000000000000000000000000000000000000000000000000000000000000000000000000000000000000000000000000000000000000000000000000000000000000000000000000000000000000000000000000000000e+09 3.468031695933028920318497647661678597040680702625792898861342309882553692173267384996612412273472608226293435870673961398743988853301144420825456394442300742347430445762930551322068541472904968528563078194293110187501529451684741347253381447641539951740833730619111849030123338976616686910100000000000e-289
1.162261467000000000000000000000000000000000000000000000000000000000000000000000000000000000000000000000000000000000000000000000000000000000000000000000000000000000000000000000000000000000000000000000000000000000000000000000000000000000000000000000000000000000000000000000000000000000000000000000000000e+10 3.060322157472986551449082992823841452845397308540125678145097533469764762419964790705934352566809525613747715409077323323486276624891995155680570898320931178938066246415526111072951808224601279028843333179569527931970361580418866249093757530941730605309712512976343302318409576865688282812900000000000e-289
3.486784401000000000000000000000000000000000000000000000000000000000000000000000000000000000000000000000000000000000000000000000000000000000000000000000000000000000000000000000000000000000000000000000000000000000000000000000000000000000000000000000000000000000000000000000000000000000000000000000000000e+10 3.065150370109528053890611310673369803107721061280656881460456211823524695842236847738925869471364472066958740996394269142589863127065613045377173259234746478346693491267232199087767890306964193482510781340903417511450588299633241792022958055604891722795253628211809481609474616894710062818300000000000e-289
1.046035320300000000000000000000000000000000000000000000000000000000000000000000000000000000000000000000000000000000000000000000000000000000000000000000000000000000000000000000000000000000000000000000000000000000000000000000000000000000000000000000000000000000000000000000000000000000000000000000000000e+11 3.394158406737436059151417377276238517627803676892384003497773054008500976079721529598935517498773453683292984323519832226261950300972702806546438838000062631759279292249700259411090147754947328725633356551659775111660066770959211722395291159448886372423948658890113393169316830757936209718200000000000e-289
3.138105960900000000000000000000000000000000000000000000000000000000000000000000000000000000000000000000000000000000000000000000000000000000000000000000000000000000000000000000000000000000000000000000000000000000000000000000000000000000000000000000000000000000000000000000000000000000000000000000000000e+11 3.399988893913388545678938045429591663298453488217513154723766562665437672184907874526686350919243861235425482131846020574884350491589734852736371205107901116454729550970684064966434624983862537261154688318581990788687227226582727779348574741908263727237976064139211755587415577234038797736300000000000e-289
9.414317882700000000000000000000000000000000000000000000000000000000000000000000000000000000000000000000000000000000000000000000000000000000000000000000000000000000000000000000000000000000000000000000000000000000000000000000000000000000000000000000000000000000000000000000000000000000000000000000000000e+11 3.760300406111879323731978016137199515793615741760505280327383198018855031056136791096874968842333620031226275109475885335242890167857397163882116680666468822519212760902383893414736666035295242503250748389870053615061766915564577682059869755116926624009523171437348065405959061794545580697000000000000e-289
2.824295364810000000000000000000000000000000000000000000000000000000000000000000000000000000000000000000000000000000000000000000000000000000000000000000000000000000000000000000000000000000000000000000000000000000000000000000000000000000000000000000000000000000000000000000000000000000000000000000000000e+12 4.375008933846051521090070645085634340153674261898046529292408891289237998440614839358737312727984375211937007585622585927501180611805106687519661555927836288656925331920860488382829818114765569588648218755667289776923336390068050936738606857850786174299539568713496032416875362237061897989600000000000e-289
8.472886094430000000000000000000000000000000000000000000000000000000000000000000000000000000000000000000000000000000000000000000000000000000000000000000000000000000000000000000000000000000000000000000000000000000000000000000000000000000000000000000000000000000000000000000000000000000000000000000000000e+12 4.113468690313694208714985649790064428906682493744112227141171756909210935259122140065822388241720904436434401214220165286239978403385575676281264159720059145890399447031912073708589784217164828964045294646809628948339134793986822876302608432108747816377882499336692370725740384067137231459800000000000e-289
2.541865828329000000000000000000000000000000000000000000000000000000000000000000000000000000000000000000000000000000000000000000000000000000000000000000000000000000000000000000000000000000000000000000000000000000000000000000000000000000000000000000000000000000000000000000000000000000000000000000000000e+13 3.382299777700029100458544238373339660023351898344515520880684560393111860132947139900135761066267346634523250618959483228344242981280527428194261155531770196729576919340205392271126721883345389887508258303616400699089407148114480206337386180520769624487485373895016868395267334772637797627700000000000e-289
7.625597484987000000000000000000000000000000000000000000000000000000000000000000000000000000000000000000000000000000000000000000000000000000000000000000000000000000000000000000000000000000000000000000000000000000000000000000000000000000000000000000000000000000000000000000000000000000000000000000000000e+13 4.653564208634221988727070245533786999977635946111795503439316650672152750683698733126009740331399187301846997947482386338040041637251640637151828876753073032105975274470290923156268641705106263027963448875737734576062891180209474232654642960853064855204135269190585277932233287854409539440800000000000e-289
2.287679245496100000000000000000000000000000000000000000000000000000000000000000000000000000000000000000000000000000000000000000000000000000000000000000000000000000000000000000000000000000000000000000000000000000000000000000000000000000000000000000000000000000000000000000000000000000000000000000000000e+14 3.808089137485674252157319949288844548907887064802224642548795868686194710532790256491599347902919855245127806937365456606362304881143942655647337911626283887668554015394550857941027922346265900015875602923629950173241803628859250092037085262921424764747692710714710546393224686003232365961400000000000e-289
6.863037736488300000000000000000000000000000000000000000000000000000000000000000000000000000000000000000000000000000000000000000000000000000000000000000000000000000000000000000000000000000000000000000000000000000000000000000000000000000000000000000000000000000000000000000000000000000000000000000000000e+14 3.252325287972009576554940537676594225698642981099946973797853658259499763280664850069620392232774858552604985128120103416979321366316741075147471464995561267170056262477252429148799608457289179326867438589377869489660944802362295068269980093430579752892341374405945633771919757481508382630000000000000e-289
2.058911320946490000000000000000000000000000000000000000000000000000000000000000000000000000000000000000000000000000000000000000000000000000000000000000000000000000000000000000000000000000000000000000000000000000000000000000000000000000000000000000000000000000000000000000000000000000000000000000000000e+15 4.730012954982427959916432472644144037069998993550960223487563217930568428225807890517434556000307322948981507519916671252057274896891832900687313669653827009281974415528239452246514095610376208738229445453209927030173775707525634666475076446860121517779831250004797947194045916269296491454400000000000e-289
6.176733962839470000000000000000000000000000000000000000000000000000000000000000000000000000000000000000000000000000000000000000000000000000000000000000000000000000000000000000000000000000000000000000000000000000000000000000000000000000000000000000000000000000000000000000000000000000000000000000000000e+15 2.603402773840208771789442720282325979594827012571141714100116022436555624604803028377489637435434745925218793862014394477060605844745254650146056296692177490853387290046709001303193211229124783906310389660966207281996832636404883920423476115109166519999153262320462870724900911510869796967200000000000e-289
