1.000000000000000000000000000000000000000000000000000000000000000000000000000000000000000000000000000000000000000000000000000000000000000000000000000000000000000000000000000000000000000000000000000000000000000000000000000000000000000000000000000000000000000000000000000000000000000000000000000000000000e+01 3.682641426208444062533020467143902972454612681034316175403073537067030439478662245587340339433216725150365202576254784980229852464646602557434895625837881041170362451933565872829192664210861560624632191630919202597765128086906691912978525136026449528614986835417025796643732217414567678413900000000000e-03
3.000000000000000000000000000000000000000000000000000000000000000000000000000000000000000000000000000000000000000000000000000000000000000000000000000000000000000000000000000000000000000000000000000000000000000000000000000000000000000000000000000000000000000000000000000000000000000000000000000000000000e+01 3.393905960002650178481513911002451694262157576884949240045416423876361578217461504200702038571246047495940899569998279277802086237810373498638507823516959194121182527431024430932531789871649397712296049388756207013059201403653474283825563582752265544900481278457688327887152652202626628511000000000000e-03
9.000000000000000000000000000000000000000000000000000000000000000000000000000000000000000000000000000000000000000000000000000000000000000000000000000000000000000000000000000000000000000000000000000000000000000000000000000000000000000000000000000000000000000000000000000000000000000000000000000000000000e+01 3.592791336895418761443205237485623166200112725961948811757194677533295085027998361903351169495886591810132065202924748350990295961236862906610142935929468580245289079510579729825284825409757697867737933596910317471814503761375779379008824836302381754502535129005595407416308884247213457374100000000000e-03
2.700000000000000000000000000000000000000000000000000000000000000000000000000000000000000000000000000000000000000000000000000000000000000000000000000000000000000000000000000000000000000000000000000000000000000000000000000000000000000000000000000000000000000000000000000000000000000000000000000000000000e+02 3.329368625043737778388646991999108377868978298718574118875570585552048769043344599289243374098703417448413300564178208151278460410373454246318594781341961650457356357393826688869155518516918536506424220684973861127584184143343563368731681966670918711665785884275576710998858576975457644332600000000000e-03
8.100000000000000000000000000000000000000000000000000000000000000000000000000000000000000000000000000000000000000000000000000000000000000000000000000000000000000000000000000000000000000000000000000000000000000000000000000000000000000000000000000000000000000000000000000000000000000000000000000000000000e+02 2.853810487811491414619957345393937893573036434905629095664991158057258622583466221544062650757947171544060417960184093199072372079570541727972529270471024133492295034305998922173152451519254789675432701699516751761956170023803983069617640490911706110582314381876211517333428986036662612460900000000000e-03
2.430000000000000000000000000000000000000000000000000000000000000000000000000000000000000000000000000000000000000000000000000000000000000000000000000000000000000000000000000000000000000000000000000000000000000000000000000000000000000000000000000000000000000000000000000000000000000000000000000000000000e+03 2.841011233885204243065432977496558237878001104189798981319956095729282435836183146308792149634244216089974071977085666490884496476574145549733704415810062326978203123245886936135218717775266024150670862705424450463612615835332554278356645564942423898281169217476998097761026439363052884048900000000000e-03
7.290000000000000000000000000000000000000000000000000000000000000000000000000000000000000000000000000000000000000000000000000000000000000000000000000000000000000000000000000000000000000000000000000000000000000000000000000000000000000000000000000000000000000000000000000000000000000000000000000000000000e+03 2.279905425403341364804733154140853193378179947679375706092385668178996776083376102108194983084573785022606287959924987330492957473558359740317450530414886798014237182030630962785469895819513867685801255252582212290753862981310602472695629771864866715170370218697414203837959260386976941632500000000000e-03
2.187000000000000000000000000000000000000000000000000000000000000000000000000000000000000000000000000000000000000000000000000000000000000000000000000000000000000000000000000000000000000000000000000000000000000000000000000000000000000000000000000000000000000000000000000000000000000000000000000000000000e+04 2.479509929715048947513447364257035115230247258810706838467999017066760173702894920467395127598908168581609332660560914174575671078021864717261352517779636950110801333855187661595118436025569740309135843887973115581132690644912976629411784381467173568642621054927829218940643467993981341352100000000000e-03
6.561000000000000000000000000000000000000000000000000000000000000000000000000000000000000000000000000000000000000000000000000000000000000000000000000000000000000000000000000000000000000000000000000000000000000000000000000000000000000000000000000000000000000000000000000000000000000000000000000000000000e+04 2.097415154133281270317718905166732301179385711421349040709094003060459926603508062523853075570653748532664859399665834023517576340448977240175776826962226530191840178046205349367075742820544248661386659498656677186908099991558172031285780166279850545653942264711266839178211849716891534861100000000000e-03
1.968300000000000000000000000000000000000000000000000000000000000000000000000000000000000000000000000000000000000000000000000000000000000000000000000000000000000000000000000000000000000000000000000000000000000000000000000000000000000000000000000000000000000000000000000000000000000000000000000000000000e+05 2.218243744594519904165935853975574461474135564336139401315402433463049833363025961188927671384461580330645817208139453870613859496283777778537042511638991138374421078435205614945679944611715412269577959760728309706721002555118360429998860141420257364599715286951995461196535272835328098182400000000000e-03
5.904900000000000000000000000000000000000000000000000000000000000000000000000000000000000000000000000000000000000000000000000000000000000000000000000000000000000000000000000000000000000000000000000000000000000000000000000000000000000000000000000000000000000000000000000000000000000000000000000000000000e+05 2.128017531412403047240093756211003993049887915273693505697415516383062155384317813409905810493942986630358932069119960132537980283899967174967140538092368008184421217425086080481225218295057296524788641652657650281239409584313953415772010014863405437633810789120267628312801574573468984003100000000000e-03
1.771470000000000000000000000000000000000000000000000000000000000000000000000000000000000000000000000000000000000000000000000000000000000000000000000000000000000000000000000000000000000000000000000000000000000000000000000000000000000000000000000000000000000000000000000000000000000000000000000000000000e+06 2.017006322324894936964589006998138344507969052007872173510712685928439757172721935759407085701445669519542335253945027638935371665821793553793081706148644021671136032427833509804185269541600916563187686710119958837782836661473355727830076136482498333432756252968956086659103673519168968688300000000000e-03
5.314410000000000000000000000000000000000000000000000000000000000000000000000000000000000000000000000000000000000000000000000000000000000000000000000000000000000000000000000000000000000000000000000000000000000000000000000000000000000000000000000000000000000000000000000000000000000000000000000000000000e+06 2.040883959596556151841255465028325704916917616261431850256987671258027923013031257708710546121170885319508331394889522343070697180142216786376846176000600425641683160818370746669899080643017306170710044379365927499428463396011878649021987101268090930796907182387705457350159979223005756390100000000000e-03
1.594323000000000000000000000000000000000000000000000000000000000000000000000000000000000000000000000000000000000000000000000000000000000000000000000000000000000000000000000000000000000000000000000000000000000000000000000000000000000000000000000000000000000000000000000000000000000000000000000000000000e+07 2.139739594858474156602096260308908187592818570544761548861518379845649833248952952029084836348855255172314634747015681562810707524934662860132168699195464256585262088713096330748182357247203330075280901820651202233053864805670017889134778419465509341496200833970962474089633596510932357734200000000000e-03
4.782969000000000000000000000000000000000000000000000000000000000000000000000000000000000000000000000000000000000000000000000000000000000000000000000000000000000000000000000000000000000000000000000000000000000000000000000000000000000000000000000000000000000000000000000000000000000000000000000000000000e+07 1.754070092299570435137778172877250926440037228468292932836926072068478155201381604716455221067863254864924060091640894492170841353492673448926348361465988285975767637386448020154663469544978599714727132293655361176456666531342368166334190167880419810854989170652866446638409424361269819720700000000000e-03
1.434890700000000000000000000000000000000000000000000000000000000000000000000000000000000000000000000000000000000000000000000000000000000000000000000000000000000000000000000000000000000000000000000000000000000000000000000000000000000000000000000000000000000000000000000000000000000000000000000000000000e+08 1.863451193888821024819309042386624812541252428877776543570329276176931290396020962621234783707774973127685083135726887696055346425190984177729937067039037382578273798885628534938977515427554498087810313952325840128738339718186855589456682376751393587031807620893050543945210463297763611120200000000000e-03
4.304672100000000000000000000000000000000000000000000000000000000000000000000000000000000000000000000000000000000000000000000000000000000000000000000000000000000000000000000000000000000000000000000000000000000000000000000000000000000000000000000000000000000000000000000000000000000000000000000000000000e+08 1.563988605612365459016044642968927649710906510719672747586448580692274486077620485007095058164348765263868121873799748047897245985778685685979906134564416234552055441494271149512295803667900386214614912406581075677891805864349072363914162147753029931986353615395580231955154018091008919578300000000000e-03
1.291401630000000000000000000000000000000000000000000000000000000000000000000000000000000000000000000000000000000000000000000000000000000000000000000000000000000000000000000000000000000000000000000000000000000000000000000000000000000000000000000000000000000000000000000000000000000000000000000000000000e+09 1.931612349306777266716892177467367768769814975349620519814295678768219766153909248181207260512023124510142178948200586124644370531464541753707269689820056059336082944101436355732408468623526750569740265712620725927751476672015854643996181247402998293713073757062420308203268801949683615993000000000000e-03
3.874204890000000000000000000000000000000000000000000000000000000000000000000000000000000000000000000000000000000000000000000000000000000000000000000000000000000000000000000000000000000000000000000000000000000000000000000000000000000000000000000000000000000000000000000000000000000000000000000000000000e+09 1.893375823267616969447381753771626428819089729938257075901415168864549300399133915860606591730920179806280306759863183078687184244023615948168991012187425950775834808879540643909942901450033923511272064552383586127837597779013774852290139499311168164374467257478479176935467854739461519761400000000000e-03
1.162261467000000000000000000000000000000000000000000000000000000000000000000000000000000000000000000000000000000000000000000000000000000000000000000000000000000000000000000000000000000000000000000000000000000000000000000000000000000000000000000000000000000000000000000000000000000000000000000000000000e+10 1.804740994672537219856268236216343132071549828094676897264654690229937220054746826826594376358087061302193441786853899235886549535161668455572403865896116920224300454847426171599484501600313406074051680282926957639559419202800474824835499085444703293296596508997499235971903094266399310515700000000000e-03
3.486784401000000000000000000000000000000000000000000000000000000000000000000000000000000000000000000000000000000000000000000000000000000000000000000000000000000000000000000000000000000000000000000000000000000000000000000000000000000000000000000000000000000000000000000000000000000000000000000000000000e+10 1.413930863272528443885108630587288057932462980457224600044152693043475609843782634709022080627156432530001695075338209440705888041649305309094744317999619698199517886974612149480575302172809704008170594606564161033492989985754725226409160572162075847530090621089583292680553293243344036011500000000000e-03
1.046035320300000000000000000000000000000000000000000000000000000000000000000000000000000000000000000000000000000000000000000000000000000000000000000000000000000000000000000000000000000000000000000000000000000000000000000000000000000000000000000000000000000000000000000000000000000000000000000000000000e+11 1.490118171233477643361088164242642298396596247204891723898275107977858609994104620811068049349310922409972330768297093777488513835279332048651665134348643085221332895928521934660516780576609612203924284654494410736710262874059249654801034463309797198979277089914623605794552153613869655136400000000000e-03
3.138105960900000000000000000000000000000000000000000000000000000000000000000000000000000000000000000000000000000000000000000000000000000000000000000000000000000000000000000000000000000000000000000000000000000000000000000000000000000000000000000000000000000000000000000000000000000000000000000000000000e+11 1.875933047884067436437461510855226585487933881982700315504647285317917100415004830213586126607698713971790268676837482717806621095589424919332205768631103011197599058348312263445969510244170701801805562185998366932696809126922669321253494273819579284635107165318604372135580061956905369200900000000000e-03
9.414317882700000000000000000000000000000000000000000000000000000000000000000000000000000000000000000000000000000000000000000000000000000000000000000000000000000000000000000000000000000000000000000000000000000000000000000000000000000000000000000000000000000000000000000000000000000000000000000000000000e+11 2.108998799611044597689887614348277803895067097793768571831829993317932107473763993235757267872396506613887346785340480297088270803830407989864530850297678739748894908020453672116169715730873241185694626979228769627726948052677592528491043153224608770740152803080156259187802112251195087277700000000000e-03
2.824295364810000000000000000000000000000000000000000000000000000000000000000000000000000000000000000000000000000000000000000000000000000000000000000000000000000000000000000000000000000000000000000000000000000000000000000000000000000000000000000000000000000000000000000000000000000000000000000000000000e+12 1.827723001257477018237222327162514054007126726753576067307880910710496185826033485330866111382926026447876893372016714810116982026580179506613347181324667784156137378019998077427691043097376257008739357017694690251374596776573183875587479474840933712692719355599016208059273250369408764114700000000000e-03
8.472886094430000000000000000000000000000000000000000000000000000000000000000000000000000000000000000000000000000000000000000000000000000000000000000000000000000000000000000000000000000000000000000000000000000000000000000000000000000000000000000000000000000000000000000000000000000000000000000000000000e+12 1.920741614557619472876540147989943521609330330196095189028332550983290596037996377952010615403544719657416008425511534945134969150770783915128302261940703396077705558191726250820269019958382155110139711243590667964059245214367859238703933570625660737705021310902957113780074981718200104064000000000000e-03
2.541865828329000000000000000000000000000000000000000000000000000000000000000000000000000000000000000000000000000000000000000000000000000000000000000000000000000000000000000000000000000000000000000000000000000000000000000000000000000000000000000000000000000000000000000000000000000000000000000000000000e+13 1.693715347943855029047190027403840108715714284757158401917032365845421150663688809331037500912227986340154511275648166603258871027305344296043939648534239333068449514741920306712401343928265651054538584889031802983312079547047867355908672912378092301143399190208503886551502037360462584193000000000000e-03
7.625597484987000000000000000000000000000000000000000000000000000000000000000000000000000000000000000000000000000000000000000000000000000000000000000000000000000000000000000000000000000000000000000000000000000000000000000000000000000000000000000000000000000000000000000000000000000000000000000000000000e+13 1.346432696186517586694365003332361843907009244948428116249508578514773736668028334870572157373462222400860903572338663452990900900299746925975209215645346481845363217785832649134087051945072408758160768633867275176557318536824861995023377388238864216111390773822510861826847065150865120918000000000000e-03
2.287679245496100000000000000000000000000000000000000000000000000000000000000000000000000000000000000000000000000000000000000000000000000000000000000000000000000000000000000000000000000000000000000000000000000000000000000000000000000000000000000000000000000000000000000000000000000000000000000000000000e+14 1.665315269811340706966216483029662759520410968188191852197781080338229238356649578959731267325717813207484062088253043033120486837789670149954135821175905896136815726583990543870050463114074066509977072309796535595140343717303190391894877879291985617439949528504735468709160908891697309046300000000000e-03
6.863037736488300000000000000000000000000000000000000000000000000000000000000000000000000000000000000000000000000000000000000000000000000000000000000000000000000000000000000000000000000000000000000000000000000000000000000000000000000000000000000000000000000000000000000000000000000000000000000000000000e+14 1.690770465368064918272619321059506827331742896194165048344964183311970546150308373064701993156553741565980777813631345906531357237714184579896877480136286158100549453935575710869357549173633660445718848078659843703006734410862338713416558199035769719876655482033384541471822069355178074869300000000000e-03
2.058911320946490000000000000000000000000000000000000000000000000000000000000000000000000000000000000000000000000000000000000000000000000000000000000000000000000000000000000000000000000000000000000000000000000000000000000000000000000000000000000000000000000000000000000000000000000000000000000000000000e+15 1.610195552471922224241201950324362459064663459815741226751191262358450395044258374705295863393415224750566849115324645395373247488596582179388089097399407166628116155587492023593512395850919729317153898205206676922134773825211271601760803053549403075864608784769769281330883586048594338046600000000000e-03
6.176733962839470000000000000000000000000000000000000000000000000000000000000000000000000000000000000000000000000000000000000000000000000000000000000000000000000000000000000000000000000000000000000000000000000000000000000000000000000000000000000000000000000000000000000000000000000000000000000000000000e+15 1.468610152404411458694360178682710257790265086401507762093382832483570638321840579761459511714849355950833155427866066934308448618548810170162889345941945772189886516587991217297747306484779197266491701258202095925988142467656980730509737561240232424008888954496566204288735462930018145449300000000000e-03
