1.000000000000000000000000000000000000000000000000000000000000000000000000000000000000000000000000000000000000000000000000000000000000000000000000000000000000000000000000000000000000000000000000000000000000000000000000000000000000000000000000000000000000000000000000000000000000000000000000000000000000e+01 1.710989765918574933771043321510957708858581272618244141809748389313503363296263466530130887238873713239610860065664111277493431332025068155896211754123098587881494246381953234125203451008156751810273366475812093771727351390772744555374994786053338157549754535050318684556868229256813284538600000000000e-07
3.000000000000000000000000000000000000000000000000000000000000000000000000000000000000000000000000000000000000000000000000000000000000000000000000000000000000000000000000000000000000000000000000000000000000000000000000000000000000000000000000000000000000000000000000000000000000000000000000000000000000e+01 1.943317310290722270929816047009051373469291219630925926898748370773342356712856108672686761775054889069375142139303480434460684939056299896875227020926732606430893676297720388591036343676795055176263042355732213321832226820053193254018782934482516132261113230840882900263995882706362208871600000000000e-07
9.000000000000000000000000000000000000000000000000000000000000000000000000000000000000000000000000000000000000000000000000000000000000000000000000000000000000000000000000000000000000000000000000000000000000000000000000000000000000000000000000000000000000000000000000000000000000000000000000000000000000e+01 1.414313889202151358352004441668699396632650392050367448220916164072132588719624571055636767282071667323635406548435061046002672256049648223841855823396840226524198636168526318925727595274934612402719592285817668762191392501546427724662727968279085291133284100394921540037795201473657327391300000000000e-07
2.700000000000000000000000000000000000000000000000000000000000000000000000000000000000000000000000000000000000000000000000000000000000000000000000000000000000000000000000000000000000000000000000000000000000000000000000000000000000000000000000000000000000000000000000000000000000000000000000000000000000e+02 1.558622260344168412902337846458096052965988895076831003285349019622333881615308663086217706002483705402351038379600712081860845257762898427025630009983366786364762598122348762502522353639880183891392771027666429715703502848930165568144152313119763850207247124860380229875100340353640380985300000000000e-07
8.100000000000000000000000000000000000000000000000000000000000000000000000000000000000000000000000000000000000000000000000000000000000000000000000000000000000000000000000000000000000000000000000000000000000000000000000000000000000000000000000000000000000000000000000000000000000000000000000000000000000e+02 2.334316858367002334880004349449693822100276108968517619236596103874442589587852865857617339544677837732147829502999958002651601392639718181593986001387621713608484407451189516588595590466533964259835614434017482750161179268550332560039097497911667547211291503757978909078666504599351981552900000000000e-07
2.430000000000000000000000000000000000000000000000000000000000000000000000000000000000000000000000000000000000000000000000000000000000000000000000000000000000000000000000000000000000000000000000000000000000000000000000000000000000000000000000000000000000000000000000000000000000000000000000000000000000e+03 1.808662359296904101685495194118744214363344525074866738560306876504864765753086433129947756102963998449135014850373962066637144665053901660645530178661653064553763435785919457133814020901840669471762004481963704622609952198387587623184537275713496707604180035470146458856077803032562056251300000000000e-07
7.290000000000000000000000000000000000000000000000000000000000000000000000000000000000000000000000000000000000000000000000000000000000000000000000000000000000000000000000000000000000000000000000000000000000000000000000000000000000000000000000000000000000000000000000000000000000000000000000000000000000e+03 1.443298599497587603113849137884450253210373852718138572624043825864495034855895998781011632137087663594279028640040878278110437559537282720047303822958771830589138638095323715316990621697164415705942870248860285343710646247470382712281600353526285080690097398722458977358918159192099308510700000000000e-07
2.187000000000000000000000000000000000000000000000000000000000000000000000000000000000000000000000000000000000000000000000000000000000000000000000000000000000000000000000000000000000000000000000000000000000000000000000000000000000000000000000000000000000000000000000000000000000000000000000000000000000e+04 8.212052333033285010777135638701087250050133475189837525498788456824040792365232068105923768657700938299132553862061907705467718974463513055591719671701763972116031566792541013837887578619936156683572530108319320105671381912206088200231156921990128832144248916982886852783321800499853448199100000000000e-08
6.561000000000000000000000000000000000000000000000000000000000000000000000000000000000000000000000000000000000000000000000000000000000000000000000000000000000000000000000000000000000000000000000000000000000000000000000000000000000000000000000000000000000000000000000000000000000000000000000000000000000e+04 1.936557861576764629870872172217901352872065766025890497897167516486061037823745663226444745663180294393660039340789745689516294563479782226830117003178072144543261008681926940933159674615812151957404969300703703462346734587414693410447996831898942881933604842668353417012449387992289606812400000000000e-07
1.968300000000000000000000000000000000000000000000000000000000000000000000000000000000000000000000000000000000000000000000000000000000000000000000000000000000000000000000000000000000000000000000000000000000000000000000000000000000000000000000000000000000000000000000000000000000000000000000000000000000e+05 9.725603027552608085453719995150550926307263142495460402205017893168280701995704995418971624473238755650905624519889114433577226989779298276238428389851165143697718522131051774742297156987169414951132542066743149137740720773168317073522101157193011842940581437331176303571083862329251586966300000000000e-08
5.904900000000000000000000000000000000000000000000000000000000000000000000000000000000000000000000000000000000000000000000000000000000000000000000000000000000000000000000000000000000000000000000000000000000000000000000000000000000000000000000000000000000000000000000000000000000000000000000000000000000e+05 1.451428086868853642812467026070961309420415105791889986078399280435716505664934143476442761116665513190064093865891466112024749685157380974238878862953656259421832836753310869124907530728093770525404593647095254178933272406153955013582169629688360106504306955998376327378732744566159777543100000000000e-07
1.771470000000000000000000000000000000000000000000000000000000000000000000000000000000000000000000000000000000000000000000000000000000000000000000000000000000000000000000000000000000000000000000000000000000000000000000000000000000000000000000000000000000000000000000000000000000000000000000000000000000e+06 3.908379336416521658191694938039357292981367978901219861679636310463231780129614637208592660608951319821405028417936763224681172642464776389156430449025814692631958931309287082637111615087952865708540087523348202883959500330794792313766641823246920135937219810586258112277399516879330876472600000000000e-07
5.314410000000000000000000000000000000000000000000000000000000000000000000000000000000000000000000000000000000000000000000000000000000000000000000000000000000000000000000000000000000000000000000000000000000000000000000000000000000000000000000000000000000000000000000000000000000000000000000000000000000e+06 1.482177529100775175703883261758373189467917630735845151161803579599834665887050425072507831291322794336220305301606189168411970895584743591624568437936674936097977901900859705488361064334602101661743873183423784753065449565109417229499319571694314220630271728150440141667187268032161786059300000000000e-07
1.594323000000000000000000000000000000000000000000000000000000000000000000000000000000000000000000000000000000000000000000000000000000000000000000000000000000000000000000000000000000000000000000000000000000000000000000000000000000000000000000000000000000000000000000000000000000000000000000000000000000e+07 1.614188760371836195231442403487094525042356589313143745871142157594350969510619019753474935089999435873713457676459755763575910356117059904521153018582342519605678722150686015170272889671050714858208120655736656167077238282826336270909736860636042713203151781541877342640623187415326904932700000000000e-07
4.782969000000000000000000000000000000000000000000000000000000000000000000000000000000000000000000000000000000000000000000000000000000000000000000000000000000000000000000000000000000000000000000000000000000000000000000000000000000000000000000000000000000000000000000000000000000000000000000000000000000e+07 9.467232228668524279186402874167562119969411397827484539266097505230132128468483086778386637473934502235698470376513483716142567972364666379407401712793230801271566032547124119688120352045701904895925961626428190447256228607025087775468533831408981933434318451772814528846427853144974376198300000000000e-07
1.434890700000000000000000000000000000000000000000000000000000000000000000000000000000000000000000000000000000000000000000000000000000000000000000000000000000000000000000000000000000000000000000000000000000000000000000000000000000000000000000000000000000000000000000000000000000000000000000000000000000e+08 4.033359937518559075657246687386595449366704886518382294431193186041169333663483991900672640259930275614142275514853183382937307506500839780678533016802124251978601504377436298459768257444848720652686320616204584360753273206276235802885722483389349980667132321316962308068857059783726263091800000000000e-07
4.304672100000000000000000000000000000000000000000000000000000000000000000000000000000000000000000000000000000000000000000000000000000000000000000000000000000000000000000000000000000000000000000000000000000000000000000000000000000000000000000000000000000000000000000000000000000000000000000000000000000e+08 1.652897993471778313292257109528667840098324482844275620654223328665412546893003341089868304617919585331016427642400685769080047234813650691791169127730402785152822547099670936217491793882913276296404430541607879113879436491622392577349832252338027327669878370774596988958699081179900354694600000000000e-07
1.291401630000000000000000000000000000000000000000000000000000000000000000000000000000000000000000000000000000000000000000000000000000000000000000000000000000000000000000000000000000000000000000000000000000000000000000000000000000000000000000000000000000000000000000000000000000000000000000000000000000e+09 6.072764772929862508517859614335151129263672934913379057885105269695606573655329176591405841653339790077114831879508609199855589933935465919483174171290546837996544653467214220790787113396456762223167564093962816904629896703413888998889472406128964071632700838526112897150344575844165624077300000000000e-07
3.874204890000000000000000000000000000000000000000000000000000000000000000000000000000000000000000000000000000000000000000000000000000000000000000000000000000000000000000000000000000000000000000000000000000000000000000000000000000000000000000000000000000000000000000000000000000000000000000000000000000e+09 6.105599536579514260185236344333569189932919615139092479418899523128395899640170031762134072915044768984954662123607395848874420961925780606157677264115755199415704387436761839071964081264214709960177081577973573070538299248776642232461157530502430921099999968009928661731365033334367122630000000000000e-07
1.162261467000000000000000000000000000000000000000000000000000000000000000000000000000000000000000000000000000000000000000000000000000000000000000000000000000000000000000000000000000000000000000000000000000000000000000000000000000000000000000000000000000000000000000000000000000000000000000000000000000e+10 3.024481202122922566822369825734511033378046137756547264990847953942353267308596923912254957095468754866682950902972550053057776360151511743073059749884221304970916244070421801115672261797486233387606023593660419131788007836107327590104024570210819159040875934522316605372793404540884778140500000000000e-07
3.486784401000000000000000000000000000000000000000000000000000000000000000000000000000000000000000000000000000000000000000000000000000000000000000000000000000000000000000000000000000000000000000000000000000000000000000000000000000000000000000000000000000000000000000000000000000000000000000000000000000e+10 5.924599135037821029357281545686916487606921093888692439860140989775918746133660999708326618660153377854151443503890702444841795028082977761899805575624454380383268661416040236388332009412616630545318482073543348822512543736784788499386094076032485470656574585043512676865148458219386322025500000000000e-07
1.046035320300000000000000000000000000000000000000000000000000000000000000000000000000000000000000000000000000000000000000000000000000000000000000000000000000000000000000000000000000000000000000000000000000000000000000000000000000000000000000000000000000000000000000000000000000000000000000000000000000e+11 2.863766606980408458465925718703897037137040608303530878435032759591565458406724963758304762945763252527506765605137943014310907171706099040493124312716411636354272854621556953374208373847775104098762375304874633360850319512779282698946222910557694293231741523192248236912278016594652558958200000000000e-06
3.138105960900000000000000000000000000000000000000000000000000000000000000000000000000000000000000000000000000000000000000000000000000000000000000000000000000000000000000000000000000000000000000000000000000000000000000000000000000000000000000000000000000000000000000000000000000000000000000000000000000e+11 6.168663417243186927480041787827325484480676301381625557430802006099744010742546435701046394952020870426353026292230697697183308236044362386253752726737665541736631178149174055377475824602933873375857897164883402617716461243155681262575386082265355921969100367029322984558024224507337351480000000000000e-07
9.414317882700000000000000000000000000000000000000000000000000000000000000000000000000000000000000000000000000000000000000000000000000000000000000000000000000000000000000000000000000000000000000000000000000000000000000000000000000000000000000000000000000000000000000000000000000000000000000000000000000e+11 8.565967446810818263231463877278004162376528006798048437804374778483718352996437801117290966461961076780678370126633445089290301997605577631234667921550025075646389395360196813535430961290150030475103563136664990871256259350341227611657105833077519079566401005886469141124908833171612315259200000000000e-07
2.824295364810000000000000000000000000000000000000000000000000000000000000000000000000000000000000000000000000000000000000000000000000000000000000000000000000000000000000000000000000000000000000000000000000000000000000000000000000000000000000000000000000000000000000000000000000000000000000000000000000e+12 8.060508111484584920596410760887494624946587434658974956851148845635100837767389646984159262962088886069173196094048107714123485141185143610347982075604586452187686841393475038334920499111244255423031432243350264483303924235603773408508328429211136107025955931398797885159129752070002744360400000000000e-07
8.472886094430000000000000000000000000000000000000000000000000000000000000000000000000000000000000000000000000000000000000000000000000000000000000000000000000000000000000000000000000000000000000000000000000000000000000000000000000000000000000000000000000000000000000000000000000000000000000000000000000e+12 9.163775375102617076716783871079326237810415169179617970328471464563057736265054962816636873474057607153002235105373824346626434912563520814543512218412127026995458736131383946233142428442947114473206505736014773724818935138353854875826303862645028988852029677506249655499604229851854185885200000000000e-07
2.541865828329000000000000000000000000000000000000000000000000000000000000000000000000000000000000000000000000000000000000000000000000000000000000000000000000000000000000000000000000000000000000000000000000000000000000000000000000000000000000000000000000000000000000000000000000000000000000000000000000e+13 3.746071314717312055570777100499174523733208863506265210717935953497256943021954200993139198420527326197150535498401979442302472825143801679625422224282287067618889888004305104027018964241441176731075070562071125367010328230741513106993099100519122021634938735239691757615724184744892193776700000000000e-06
7.625597484987000000000000000000000000000000000000000000000000000000000000000000000000000000000000000000000000000000000000000000000000000000000000000000000000000000000000000000000000000000000000000000000000000000000000000000000000000000000000000000000000000000000000000000000000000000000000000000000000e+13 2.310940002595068030402072691838638483524952838783828352985586502045629855516075057404250111660410012341208111392517356503116139766869635768639264248065094332559272284467824713424478863993767574526336195958333620738630192065647759037256055118335489563418159863659008082333367329706315958860900000000000e-07
2.287679245496100000000000000000000000000000000000000000000000000000000000000000000000000000000000000000000000000000000000000000000000000000000000000000000000000000000000000000000000000000000000000000000000000000000000000000000000000000000000000000000000000000000000000000000000000000000000000000000000e+14 2.807044954286844495773128400310953894569633558514424912525446194402453273074006571870557622088982233218360851145502328196066662666006110552571484923943503559031394810526555914168986399254648904225300070382525005155266550354448089919160378901551515138194346909183990050506816007725795881838400000000000e-06
6.863037736488300000000000000000000000000000000000000000000000000000000000000000000000000000000000000000000000000000000000000000000000000000000000000000000000000000000000000000000000000000000000000000000000000000000000000000000000000000000000000000000000000000000000000000000000000000000000000000000000e+14 8.462227420877131103896563120954515502334922396732590441285121211380463078685287664527267880230931121748316487454607847289443425386881888470503574447362345107249934899477687040261434910546066259081501822762090261476426461683805994591670434639288077268848604842810013261904995928635863714307000000000000e-07
2.058911320946490000000000000000000000000000000000000000000000000000000000000000000000000000000000000000000000000000000000000000000000000000000000000000000000000000000000000000000000000000000000000000000000000000000000000000000000000000000000000000000000000000000000000000000000000000000000000000000000e+15 6.149738692115052956291511516302646079546011362736710850107131098252694658201174915878393043123189535981413343054251131080583702939813486587925254450958418112773648382046378811001953717433551892496890276964129992215490602256378024403213130003655196879188321210027902165478686609923721532421100000000000e-07
6.176733962839470000000000000000000000000000000000000000000000000000000000000000000000000000000000000000000000000000000000000000000000000000000000000000000000000000000000000000000000000000000000000000000000000000000000000000000000000000000000000000000000000000000000000000000000000000000000000000000000e+15 1.028482310766118884399836881197162695278829195309686520915685112630160335791580323962931284985387197065168944071662495772832030503360859993895062209363439159869072700864630047637863580285986597702460206187966389112798887307855594458830946901291690424939823521969539993544910263817232944617700000000000e-06
