1.000000000000000000000000000000000000000000000000000000000000000000000000000000000000000000000000000000000000000000000000000000000000000000000000000000000000000000000000000000000000000000000000000000000000000000000000000000000000000000000000000000000000000000000000000000000000000000000000000000000000e+01 2.531924217046833566898966436214883242289991978379644866824486758538016437621915389579269119709999381335649653172162249489070064552864801693395537247100488661643445174002549687741629747871119936562829060569174797276616982378799362834588712796297402142130626204030598010349193122670993240320300000000000e-16
3.000000000000000000000000000000000000000000000000000000000000000000000000000000000000000000000000000000000000000000000000000000000000000000000000000000000000000000000000000000000000000000000000000000000000000000000000000000000000000000000000000000000000000000000000000000000000000000000000000000000000e+01 3.172921208780806402271947545631840370690102495798878457271048957850352408388093137625931177121457796177560497154107106357697541211980420229010453246073710510741341003268312134000781589491848265046914729378843873139576867526540039068061449809678125719448864644405426203245308494335625744240800000000000e-16
9.000000000000000000000000000000000000000000000000000000000000000000000000000000000000000000000000000000000000000000000000000000000000000000000000000000000000000000000000000000000000000000000000000000000000000000000000000000000000000000000000000000000000000000000000000000000000000000000000000000000000e+01 2.555159622169099358534502996302366247479470498246502355614474684934278714265889058018050642157052968118241236451170869240649575030391510558202996354242884491525568607120969869019087411675137425133344152760480832894665063652187398926233464737517506205972054413256966561499348406752243371634800000000000e-16
2.700000000000000000000000000000000000000000000000000000000000000000000000000000000000000000000000000000000000000000000000000000000000000000000000000000000000000000000000000000000000000000000000000000000000000000000000000000000000000000000000000000000000000000000000000000000000000000000000000000000000e+02 4.209408011548034268943169036646429197076685113851723573611930183385568062704147436085031910868960349660226832917973758791495206056875560785714962794443883683873904911048128954056584713158241732318292006875970507761582550808117659842027645044909882893963087654246239720511954014931012158677000000000000e-16
8.100000000000000000000000000000000000000000000000000000000000000000000000000000000000000000000000000000000000000000000000000000000000000000000000000000000000000000000000000000000000000000000000000000000000000000000000000000000000000000000000000000000000000000000000000000000000000000000000000000000000e+02 2.497524727398539245853793960062315237063459641063510176493019115064579130319954756118559323885480338062859633818457592554243698738451812980975214215318516904934676630914010937737196191325603720104404140382365944793624400975381598587206303201703043485872560859504479599729769582299631822832200000000000e-16
2.430000000000000000000000000000000000000000000000000000000000000000000000000000000000000000000000000000000000000000000000000000000000000000000000000000000000000000000000000000000000000000000000000000000000000000000000000000000000000000000000000000000000000000000000000000000000000000000000000000000000e+03 2.423260555200119237519526185332568076316303336585483744160119067220263400162370530815952225488196751237102620253418174013574346688421771101758110668743868308864474067752647610523489634332381716261171856099669695697899866930627203022642286028688038624815688444485963900069608421195279918330000000000000e-16
7.290000000000000000000000000000000000000000000000000000000000000000000000000000000000000000000000000000000000000000000000000000000000000000000000000000000000000000000000000000000000000000000000000000000000000000000000000000000000000000000000000000000000000000000000000000000000000000000000000000000000e+03 3.829494413244123014171514082205060743832481763610312275404496765605207286130335147595584894878942083666992397384755404716177503571380419736791499599604642457584393908348245218498508475719334839906768679383885415010276383154931308767720557671193836237681128777623047579474070833341399360654300000000000e-16
2.187000000000000000000000000000000000000000000000000000000000000000000000000000000000000000000000000000000000000000000000000000000000000000000000000000000000000000000000000000000000000000000000000000000000000000000000000000000000000000000000000000000000000000000000000000000000000000000000000000000000e+04 1.624278300848003189533204308399392901627270633064384803762266634644757893377018489948074011772555213286345220754776061084474895660927596485416374760595395055249279284198260320648785029807330393252345989033195482461791535944731137993681760134187617363984419248669507140742558938785659252150800000000000e-16
6.561000000000000000000000000000000000000000000000000000000000000000000000000000000000000000000000000000000000000000000000000000000000000000000000000000000000000000000000000000000000000000000000000000000000000000000000000000000000000000000000000000000000000000000000000000000000000000000000000000000000e+04 2.905558234796395400876133421846428070606632080180754247361071886798136892573224164292889131544074826246865026967355497350121484104917653455773425081210350978472773667156873319335507243867251305221459246279210534472628214870407064710392469256542404795363932328221209212889290798634269646133400000000000e-16
1.968300000000000000000000000000000000000000000000000000000000000000000000000000000000000000000000000000000000000000000000000000000000000000000000000000000000000000000000000000000000000000000000000000000000000000000000000000000000000000000000000000000000000000000000000000000000000000000000000000000000e+05 4.216618171486233407701621635300082420551439589129680226555886420229772881049623960016232778805907146714297450990244191221463848399156362591447826983778630943947954191858572571468136977077882400404065141578364754019592960919411398290271751918452300001259028315010269571540116281575551619160300000000000e-16
5.904900000000000000000000000000000000000000000000000000000000000000000000000000000000000000000000000000000000000000000000000000000000000000000000000000000000000000000000000000000000000000000000000000000000000000000000000000000000000000000000000000000000000000000000000000000000000000000000000000000000e+05 3.122412931419387008999421004934778127227342188367465051564518089999258673040406370306450102994588892207653773668084463412559207137125539489323263034605836942899674869038837575184764904432676004078458598954218579141374597154179438422003243757851734038628415093487278858614636300679616798546900000000000e-16
1.771470000000000000000000000000000000000000000000000000000000000000000000000000000000000000000000000000000000000000000000000000000000000000000000000000000000000000000000000000000000000000000000000000000000000000000000000000000000000000000000000000000000000000000000000000000000000000000000000000000000e+06 8.323869193439269700583886718121448328351086905164483992830027888455666218573598008135763764279500332483985693799283805193808939840239552317182990191844434043708594526965421603656758977181248171684471510184118202291051488560726953503215362292591744829044356439904292130194991833831614837844400000000000e-16
5.314410000000000000000000000000000000000000000000000000000000000000000000000000000000000000000000000000000000000000000000000000000000000000000000000000000000000000000000000000000000000000000000000000000000000000000000000000000000000000000000000000000000000000000000000000000000000000000000000000000000e+06 2.984067121385143321118985832550123032222856341497135050993178172104140740634546155755113801475649750777740841000241931491845919580756334957122446209212341324453787255739284182016309173992495688039244015476857672245575954217493914493040759301134644676148418082020510766060206459216182602860100000000000e-16
1.594323000000000000000000000000000000000000000000000000000000000000000000000000000000000000000000000000000000000000000000000000000000000000000000000000000000000000000000000000000000000000000000000000000000000000000000000000000000000000000000000000000000000000000000000000000000000000000000000000000000e+07 1.921511128360571640538719738928402575969223315371773625070658965104296077879111052316809301547067416239224194222000578393047472703928859230493270798813271037473776272061683770445519506588665293306195326488261619882540929195923307643564517346515066636841033179020485844709553989533896983776300000000000e-16
4.782969000000000000000000000000000000000000000000000000000000000000000000000000000000000000000000000000000000000000000000000000000000000000000000000000000000000000000000000000000000000000000000000000000000000000000000000000000000000000000000000000000000000000000000000000000000000000000000000000000000e+07 2.792478010754237102144293021330906230932270101457921709570489672577805898871660264270031637316208818901941383369089064189420925027149917005735952558259674427778896892436905023536199575310863503309397110362207562928938358060673066259296579015194636662862034896847956288702379053926829247711800000000000e-16
1.434890700000000000000000000000000000000000000000000000000000000000000000000000000000000000000000000000000000000000000000000000000000000000000000000000000000000000000000000000000000000000000000000000000000000000000000000000000000000000000000000000000000000000000000000000000000000000000000000000000000e+08 1.667204574363584497318095159300599536654332959561389323038961302875962646860053476026806115723977159442907469198409657341376711376984049100298643405809780340152433003804224526948915884226883834450883295615235399608751358188563562242254662920765270448546753197516563774514015792206048705887400000000000e-16
4.304672100000000000000000000000000000000000000000000000000000000000000000000000000000000000000000000000000000000000000000000000000000000000000000000000000000000000000000000000000000000000000000000000000000000000000000000000000000000000000000000000000000000000000000000000000000000000000000000000000000e+08 3.869402363365194030179464553739892859150522774522121286717351224559848227715592259170986231622648393810078864956758439627406945291784865113128232185502635800914389199897165639736841039881011977874200100126799357359940949404385131719941388428355447686347756303547233619079423429684404547625800000000000e-16
1.291401630000000000000000000000000000000000000000000000000000000000000000000000000000000000000000000000000000000000000000000000000000000000000000000000000000000000000000000000000000000000000000000000000000000000000000000000000000000000000000000000000000000000000000000000000000000000000000000000000000e+09 3.861190363768283342867249316818976188899710795523354836724923612386916564177745270979390828784355086810599776992071614115824869501652350356602913297858633873403503767027655869487533579481292043517251869294572094216279124272044946411232939705247819657526393196354672641729264688779414504210000000000000e-16
3.874204890000000000000000000000000000000000000000000000000000000000000000000000000000000000000000000000000000000000000000000000000000000000000000000000000000000000000000000000000000000000000000000000000000000000000000000000000000000000000000000000000000000000000000000000000000000000000000000000000000e+09 1.502393293516429793227247179074225649056802799958635858113181225972786402431544024546587729244543475164314746060421461048310738889955718344345247648870884120656677197213127190783697214114741746482373195815609801919654362504096220620098816024627984612822565126390163582739500946041832453414400000000000e-16
1.162261467000000000000000000000000000000000000000000000000000000000000000000000000000000000000000000000000000000000000000000000000000000000000000000000000000000000000000000000000000000000000000000000000000000000000000000000000000000000000000000000000000000000000000000000000000000000000000000000000000e+10 1.579039445094020841434184474362643449992028469279061696197629304258103528783499595614641687017485871425585793736372332095896796863966086605328011469060788356649800633294862299277315393212050524621041777860456558955480151718940483785200464722966483350416493013309716473380562112847219157371100000000000e-16
3.486784401000000000000000000000000000000000000000000000000000000000000000000000000000000000000000000000000000000000000000000000000000000000000000000000000000000000000000000000000000000000000000000000000000000000000000000000000000000000000000000000000000000000000000000000000000000000000000000000000000e+10 1.167359365447872635577494669293803628843003748819146961251537639442997361541663371207093584305067528484794141663559280173144202669877519470516129690518175553559980399696458417804801227546237920316862143314234259030662238199305645696308140006831620330902156644691247565852222650511069831437200000000000e-16
1.046035320300000000000000000000000000000000000000000000000000000000000000000000000000000000000000000000000000000000000000000000000000000000000000000000000000000000000000000000000000000000000000000000000000000000000000000000000000000000000000000000000000000000000000000000000000000000000000000000000000e+11 4.378069388143480197067368114886216253582803547614211049846447598754861654934161466713711267715336279768237697450636081843954772987788651703338602699595382261706383809384282729051440494278518076734456415840054738835781070816766299976809838450175028838246894876298877595644596544617900953456000000000000e-16
3.138105960900000000000000000000000000000000000000000000000000000000000000000000000000000000000000000000000000000000000000000000000000000000000000000000000000000000000000000000000000000000000000000000000000000000000000000000000000000000000000000000000000000000000000000000000000000000000000000000000000e+11 5.037435298977247684375294726972230773349244836976966591187363424366238694602378910694228018943534889919309659475691116124831467210051339509159772401586405154376022407615122042566259309074900772150780204415954073166721045532441969027561460871043132564963377997101607073735216389077885383590200000000000e-16
9.414317882700000000000000000000000000000000000000000000000000000000000000000000000000000000000000000000000000000000000000000000000000000000000000000000000000000000000000000000000000000000000000000000000000000000000000000000000000000000000000000000000000000000000000000000000000000000000000000000000000e+11 3.326248572479024405153500487097089742271197547034854832289078161904691840464749323303960926651637106286624183536069276289519592760467640102732399044135369169580877564609026210821416374001074522856270120058640061107902645162905646835188667207996922035913118539092591721351005121939078148579800000000000e-16
2.824295364810000000000000000000000000000000000000000000000000000000000000000000000000000000000000000000000000000000000000000000000000000000000000000000000000000000000000000000000000000000000000000000000000000000000000000000000000000000000000000000000000000000000000000000000000000000000000000000000000e+12 9.517624563723857265782290254653496510486272847325445939218509160154891542468713814642643644405889605209277548479328388627376791872902111451584065216755653220576541172220294851740435549749082074651481986530236457332568524177112452512206779380070989666738867750940285371155963311628894192943800000000000e-17
8.472886094430000000000000000000000000000000000000000000000000000000000000000000000000000000000000000000000000000000000000000000000000000000000000000000000000000000000000000000000000000000000000000000000000000000000000000000000000000000000000000000000000000000000000000000000000000000000000000000000000e+12 6.108300159954176297536992791127921109024516228042425225043168427931617982008135385095242885228186054298388877566235473643782952333285550744084061545188500470354357837895602363454905353782659196174501283182106581694855523906546480650284322908029309927704861070733377506197878136671996418587500000000000e-16
2.541865828329000000000000000000000000000000000000000000000000000000000000000000000000000000000000000000000000000000000000000000000000000000000000000000000000000000000000000000000000000000000000000000000000000000000000000000000000000000000000000000000000000000000000000000000000000000000000000000000000e+13 5.131431284402841285798888313108155413183807824336789620088864807945064309983829493946181931566127864706239783282442362700888967707807798178851974113244914036549612471452818995421836297365654486627870350693962624449781444598723659046701376813038144288594017894718064301894282583494142684656700000000000e-16
7.625597484987000000000000000000000000000000000000000000000000000000000000000000000000000000000000000000000000000000000000000000000000000000000000000000000000000000000000000000000000000000000000000000000000000000000000000000000000000000000000000000000000000000000000000000000000000000000000000000000000e+13 2.992228061907169149003885073555752322713818210743271807860816677217267797958992114678425792505576743814438373134099812812920261883258736191401446069147001161138081521016410969088901981716792806405091150652107954443743948097964277455710843403888944846887353966328804098219917765210119762109200000000000e-16
2.287679245496100000000000000000000000000000000000000000000000000000000000000000000000000000000000000000000000000000000000000000000000000000000000000000000000000000000000000000000000000000000000000000000000000000000000000000000000000000000000000000000000000000000000000000000000000000000000000000000000e+14 1.573841632724894174061821147496217567993575419255114029964333957643811827272733368996493641896281243250284650867833443275060508618251869115731644767992635720091545063563935893930205598621923024389910758525965195822307659838992202393174938081468703006137438978209015634789036338915719424773600000000000e-16
6.863037736488300000000000000000000000000000000000000000000000000000000000000000000000000000000000000000000000000000000000000000000000000000000000000000000000000000000000000000000000000000000000000000000000000000000000000000000000000000000000000000000000000000000000000000000000000000000000000000000000e+14 1.263182257569497635561003504573078281466701230508374114811461060876544937233195183252089058345402422205273491093792441722351285998581687223158818208668802339518868564981168593630512961302215740855688128627430158868735105324789627744729298596855062990475767662556863838659387216179124171030300000000000e-16
2.058911320946490000000000000000000000000000000000000000000000000000000000000000000000000000000000000000000000000000000000000000000000000000000000000000000000000000000000000000000000000000000000000000000000000000000000000000000000000000000000000000000000000000000000000000000000000000000000000000000000e+15 2.076317308561929264170180806525344966711493147415577329051413580199117437123454746955136240659725359903867842851422890125070078765703531064807397521755726946786855320755447422821552567724403512228249541617042379862084355963981822809658079704452914336099463634843624927258030638928168408224100000000000e-16
6.176733962839470000000000000000000000000000000000000000000000000000000000000000000000000000000000000000000000000000000000000000000000000000000000000000000000000000000000000000000000000000000000000000000000000000000000000000000000000000000000000000000000000000000000000000000000000000000000000000000000e+15 1.988031231521549920473425870735188830585610445721931128116132562606858389191125378737167780878119031864487412767106156144233562295489319052069831202498493246194232032251704241189915793747134602367082004661689779735385841492748460756925114976242732059726025942891103999020880279600518601052600000000000e-16
