1.000000000000000000000000000000000000000000000000000000000000000000000000000000000000000000000000000000000000000000000000000000000000000000000000000000000000000000000000000000000000000000000000000000000000000000000000000000000000000000000000000000000000000000000000000000000000000000000000000000000000e+01 4.471573137091246666959753353137318538446070800104421808848457861170932672462927889935288569949376099109736602482060898993495226591924020046845960321208801172962263126321755516397356509680675708031002620370030013503825563846877275501017744020118565735617557551911747587173535758930380550378300000000000e-07
3.000000000000000000000000000000000000000000000000000000000000000000000000000000000000000000000000000000000000000000000000000000000000000000000000000000000000000000000000000000000000000000000000000000000000000000000000000000000000000000000000000000000000000000000000000000000000000000000000000000000000e+01 4.521353247287932354688065641727742957367616150691147942811216102117337082648492774811912433308681302759411181184348311885617751423988206517206656327501820503158544670641949260339805551351788122840576459034848698162440115901576582486973839703048190978952353662531759807203911113222160219810900000000000e-07
9.000000000000000000000000000000000000000000000000000000000000000000000000000000000000000000000000000000000000000000000000000000000000000000000000000000000000000000000000000000000000000000000000000000000000000000000000000000000000000000000000000000000000000000000000000000000000000000000000000000000000e+01 5.836527468020193905016720239110087960977455053415793571473751384564959826023431847573008290029556194050536273896989120734474174419256211310728996469080044228259930825448085853993928874935613787144422891368121795768273988236636864785726139128145767887491320698170118761374247038711457238679300000000000e-07
2.700000000000000000000000000000000000000000000000000000000000000000000000000000000000000000000000000000000000000000000000000000000000000000000000000000000000000000000000000000000000000000000000000000000000000000000000000000000000000000000000000000000000000000000000000000000000000000000000000000000000e+02 4.873488336290626270689617434270878387736638065709455612643244763012805511838030831558568067390684366831453139431825706622139746979535411081186989018907475789912749956393642293172153869334810775319622538312335848394586956971066224861102814796513182488452378983155938358762102207021830382338600000000000e-07
8.100000000000000000000000000000000000000000000000000000000000000000000000000000000000000000000000000000000000000000000000000000000000000000000000000000000000000000000000000000000000000000000000000000000000000000000000000000000000000000000000000000000000000000000000000000000000000000000000000000000000e+02 4.945532045787789820491119325933904828804486427377387395337445318485607663989786934846082540098223012753027345116697333153044517651364464729459703505353697005548434863590317583105423314999506022920751667109170984152569477215308199738566927788380550160160293193123298803087743735335442926520100000000000e-07
2.430000000000000000000000000000000000000000000000000000000000000000000000000000000000000000000000000000000000000000000000000000000000000000000000000000000000000000000000000000000000000000000000000000000000000000000000000000000000000000000000000000000000000000000000000000000000000000000000000000000000e+03 3.678693961642083000705027259327468249491169045000796913844960213844762006161194565533592893151173329347674884033431761736878117094543981075708679604242544067306319900496542373101068367641568930596240489559461535953498663735843873694075369617413130660260797006204234102729397920865769093177800000000000e-07
7.290000000000000000000000000000000000000000000000000000000000000000000000000000000000000000000000000000000000000000000000000000000000000000000000000000000000000000000000000000000000000000000000000000000000000000000000000000000000000000000000000000000000000000000000000000000000000000000000000000000000e+03 4.968662646729975013352654065844110387033568905742434065223692785968957660068853829739585272128810306662088389786234421804683423646416048338877152135274881597830139054191757420581817924778911020476717943243658770679953168515298808694426937636990519321633652462018086020607280807048399350383000000000000e-07
2.187000000000000000000000000000000000000000000000000000000000000000000000000000000000000000000000000000000000000000000000000000000000000000000000000000000000000000000000000000000000000000000000000000000000000000000000000000000000000000000000000000000000000000000000000000000000000000000000000000000000e+04 4.202309655293987165311219086099810886255357991466996805406161286129792460482468320264327799469748466383304163060829119312239410707589266055593577901528488386059227055464120599101986346118295296167563175132602860143652743629916950263808546313386379575312936762622164838592381695266856630007600000000000e-07
6.561000000000000000000000000000000000000000000000000000000000000000000000000000000000000000000000000000000000000000000000000000000000000000000000000000000000000000000000000000000000000000000000000000000000000000000000000000000000000000000000000000000000000000000000000000000000000000000000000000000000e+04 5.733954187313649725246614886534808475839618449191129821058873463642966603645924056318638848774678461462994731695131204657722290465672064696733288729784749503195958986924134813222019699100693067308668374861450423244372937306201394141278062800862514985865680628311686201547235716221608771468700000000000e-07
1.968300000000000000000000000000000000000000000000000000000000000000000000000000000000000000000000000000000000000000000000000000000000000000000000000000000000000000000000000000000000000000000000000000000000000000000000000000000000000000000000000000000000000000000000000000000000000000000000000000000000e+05 5.733088075896380278943736649060368458984292405591110660884165849065254413029340632612069103755573530120293681807922063312167040058084697949640818743454808082031011544112859175945406517161907464272267227860517473778085254110518910916563119335645634153678822089146543891131630639719498207555100000000000e-07
5.904900000000000000000000000000000000000000000000000000000000000000000000000000000000000000000000000000000000000000000000000000000000000000000000000000000000000000000000000000000000000000000000000000000000000000000000000000000000000000000000000000000000000000000000000000000000000000000000000000000000e+05 4.447828511496889820914389516282971062535816295909793206938253953396731746061891507905011240047075911524848756473168457849573031864150492602235015612281569832095579175334146235535720334364956838888281368768937236694296949070550975326053029678844712238121194201405803941777886180265832996306800000000000e-07
1.771470000000000000000000000000000000000000000000000000000000000000000000000000000000000000000000000000000000000000000000000000000000000000000000000000000000000000000000000000000000000000000000000000000000000000000000000000000000000000000000000000000000000000000000000000000000000000000000000000000000e+06 6.871267763758849764270419689273857163544888002255074144804822301888686716850346085081277762831118307580387895886203495310320527356386933139185899487014155447270257504586389813361591085141481671621565025995326830923689266059543355765625176881707167537260064299088068357318788070282210589344800000000000e-07
5.314410000000000000000000000000000000000000000000000000000000000000000000000000000000000000000000000000000000000000000000000000000000000000000000000000000000000000000000000000000000000000000000000000000000000000000000000000000000000000000000000000000000000000000000000000000000000000000000000000000000e+06 4.838104766795255775800111662827162308557268668864507068599180393669489921435442527729678349035249463829425887600093592239479656959797787058999259102961601465612271612925494414621904877057676083853266228101917347334955986706443530234434223721012330484430937463151268587357132871865093039365000000000000e-07
1.594323000000000000000000000000000000000000000000000000000000000000000000000000000000000000000000000000000000000000000000000000000000000000000000000000000000000000000000000000000000000000000000000000000000000000000000000000000000000000000000000000000000000000000000000000000000000000000000000000000000e+07 5.012449245750385605096452399944308045914198482172565162986217068196611225285966963632008810927401660713935835628131325070194404727287673734692877392522314776657506337068670621334229870011505405684709791680980035741947313400086477051360029350920061841143425383408698793707236535397838556957200000000000e-07
4.782969000000000000000000000000000000000000000000000000000000000000000000000000000000000000000000000000000000000000000000000000000000000000000000000000000000000000000000000000000000000000000000000000000000000000000000000000000000000000000000000000000000000000000000000000000000000000000000000000000000e+07 4.979294045841364095521367896737158401681963719270948522483258737045972809930887362150424901759849288338883126154965045580156594951961870219808289230629572973420034852817098349216331752574045659262534453613769831654459476301677690812537027230542651126124091923788474925923893074063039487041100000000000e-07
1.434890700000000000000000000000000000000000000000000000000000000000000000000000000000000000000000000000000000000000000000000000000000000000000000000000000000000000000000000000000000000000000000000000000000000000000000000000000000000000000000000000000000000000000000000000000000000000000000000000000000e+08 4.427016864165153412481418039628673347392247873581692812527157498454426265832189817234976356580858580206526506248563754255045142970823262418521543872352480652525078693468457968369929975070500651739886312964541363835997587127829976744560481066695984708116109757969020262315495996962892694151100000000000e-07
4.304672100000000000000000000000000000000000000000000000000000000000000000000000000000000000000000000000000000000000000000000000000000000000000000000000000000000000000000000000000000000000000000000000000000000000000000000000000000000000000000000000000000000000000000000000000000000000000000000000000000e+08 4.737935626825129434877708964009727512476916303085158518026358150714854480746070359119840872027899516245377547137355770109747636847419279151247458642597811736138754690488027084226709221803473004125868138029161635857715414610353056486306788821712323099064284610271198642459051250534023312496400000000000e-07
1.291401630000000000000000000000000000000000000000000000000000000000000000000000000000000000000000000000000000000000000000000000000000000000000000000000000000000000000000000000000000000000000000000000000000000000000000000000000000000000000000000000000000000000000000000000000000000000000000000000000000e+09 3.517760232720818162362453967281817500704164450764543471921888621521351702755906594910710616013152286981128743187161222495343616964720634653552698267132592563063513300686369376238083457872231601651852323648791870984275546493284130344665559952219687295692727623829835770466984603625774510145000000000000e-07
3.874204890000000000000000000000000000000000000000000000000000000000000000000000000000000000000000000000000000000000000000000000000000000000000000000000000000000000000000000000000000000000000000000000000000000000000000000000000000000000000000000000000000000000000000000000000000000000000000000000000000e+09 5.065336864319303088124112201976558209049087251967114354775481810020676904671537321219304052199761748405158108472397488073543384248309510881963789546176194571110025595871717055941068216493781569575743420424835602380222264758559958738362041287639769949441310764846211294440759824523893758290500000000000e-07
1.162261467000000000000000000000000000000000000000000000000000000000000000000000000000000000000000000000000000000000000000000000000000000000000000000000000000000000000000000000000000000000000000000000000000000000000000000000000000000000000000000000000000000000000000000000000000000000000000000000000000e+10 3.412969237754682305375158609757440465038954864790303770048652429347808769860852829226401038649726736664662842559880037736096698941951405127388562612716930814846628034208207976537223980253773296534223894205778861403605443687971212306527559725595946043368194949607267691359229907406142530137700000000000e-07
3.486784401000000000000000000000000000000000000000000000000000000000000000000000000000000000000000000000000000000000000000000000000000000000000000000000000000000000000000000000000000000000000000000000000000000000000000000000000000000000000000000000000000000000000000000000000000000000000000000000000000e+10 2.990222691745184669474746739593493998491825467204867461229187180030496996888878831040798672763788659394026576351074846637292537535413797819901445714223771273310777421873534206263841411814992421081103818417510163979265872014340643855503952052254474077823100890046660096404256274425617634132800000000000e-07
1.046035320300000000000000000000000000000000000000000000000000000000000000000000000000000000000000000000000000000000000000000000000000000000000000000000000000000000000000000000000000000000000000000000000000000000000000000000000000000000000000000000000000000000000000000000000000000000000000000000000000e+11 5.586281861791591072808186220610910587225501156167566649665971706605349339962424959521548428687651196762465810946886856125413014117423328084588814966263324107605008898769077104937033627679556081313592765247331022549410100056808341856853480528325569693014671610723301186039753936662547172585900000000000e-07
3.138105960900000000000000000000000000000000000000000000000000000000000000000000000000000000000000000000000000000000000000000000000000000000000000000000000000000000000000000000000000000000000000000000000000000000000000000000000000000000000000000000000000000000000000000000000000000000000000000000000000e+11 3.940160496430509302754103968763098809037135355938389637865665012014563443741707495758842148204927155918646208760167336455293241515155702425462339980730893847573164356998990387723098271955482321719321065525880048663733612593347007083762942740677109227908672251888576301651859096962579681157400000000000e-07
9.414317882700000000000000000000000000000000000000000000000000000000000000000000000000000000000000000000000000000000000000000000000000000000000000000000000000000000000000000000000000000000000000000000000000000000000000000000000000000000000000000000000000000000000000000000000000000000000000000000000000e+11 4.526690547173080116404678406065087786625673201408729509130530494768109993609685708152626797264214081871434506036623309681380196290506114706684080375287440918307969148659884437704548201732270034797045280315231443211280319198158194021317184684642319547674929812346357284135550587258213107418200000000000e-07
2.824295364810000000000000000000000000000000000000000000000000000000000000000000000000000000000000000000000000000000000000000000000000000000000000000000000000000000000000000000000000000000000000000000000000000000000000000000000000000000000000000000000000000000000000000000000000000000000000000000000000e+12 6.202066450734340761159349825155504163175700380447175335003030227936106674855674855459561831651561138977331601716264465834718615539924936876848193718601959358954283971484035331982045797275752176240920149963370589665876579895659147587109117999701465204364741962540287797045640642620956292133000000000000e-07
8.472886094430000000000000000000000000000000000000000000000000000000000000000000000000000000000000000000000000000000000000000000000000000000000000000000000000000000000000000000000000000000000000000000000000000000000000000000000000000000000000000000000000000000000000000000000000000000000000000000000000e+12 4.574669859657796661840348277849263205983221437890253465777067410674847089088544510617091623596644011677486174905551127825567726224316866268584655771383376086214728014280845537059598883322017095418909363147913634722881508092338626054479232793032303516761307574306362498147871662203481976579400000000000e-07
2.541865828329000000000000000000000000000000000000000000000000000000000000000000000000000000000000000000000000000000000000000000000000000000000000000000000000000000000000000000000000000000000000000000000000000000000000000000000000000000000000000000000000000000000000000000000000000000000000000000000000e+13 7.220862598694937012503690548527772504104440681187219611810932968755272175647747607395436658343531715332731255451546875468325085249162247739070077518930541526043535580354274175241267399591324154793526117252072530126666268411880228799537954591206517881275040232351188944460900355666176835796800000000000e-07
7.625597484987000000000000000000000000000000000000000000000000000000000000000000000000000000000000000000000000000000000000000000000000000000000000000000000000000000000000000000000000000000000000000000000000000000000000000000000000000000000000000000000000000000000000000000000000000000000000000000000000e+13 4.823534001530872324179417448056822312322785236019571447770106070436251102263159544015727996268339326710875853229801929065270672264128036869736121386214985930122391662583694949716312304324291269311421531857089920552848696151037610958213654267751271611768744151893673656301784680516033399482700000000000e-07
2.287679245496100000000000000000000000000000000000000000000000000000000000000000000000000000000000000000000000000000000000000000000000000000000000000000000000000000000000000000000000000000000000000000000000000000000000000000000000000000000000000000000000000000000000000000000000000000000000000000000000e+14 5.801515735217875243457753236311473816797408536985329656029282733361953063238793760417701724047604570678681037949902520630691622004524182978283422993529581931531353812297298687467026863320350765512363001745983056202762388820654008445382353697458218881666747458053930195544259410323048419388800000000000e-07
6.863037736488300000000000000000000000000000000000000000000000000000000000000000000000000000000000000000000000000000000000000000000000000000000000000000000000000000000000000000000000000000000000000000000000000000000000000000000000000000000000000000000000000000000000000000000000000000000000000000000000e+14 4.792322569643618404716593263681663679367926680138690180378886640420043689357464840855670711140929393226427533732738396864526450518370266997015666505374710385687024213734205324496619790204895872989918718971928998342556064816789347287951114407801985086455263131741932775155178469466660372634400000000000e-07
2.058911320946490000000000000000000000000000000000000000000000000000000000000000000000000000000000000000000000000000000000000000000000000000000000000000000000000000000000000000000000000000000000000000000000000000000000000000000000000000000000000000000000000000000000000000000000000000000000000000000000e+15 5.698302157863079563002357320748407805909097650972119632113457869908548099621034120860517998171715500768401176581153888726281660843757143784917460691273792254867078017900357245457926287151397274719323278509174058995084198586495393972141633710666811910859307829071924975225695707569091974585100000000000e-07
6.176733962839470000000000000000000000000000000000000000000000000000000000000000000000000000000000000000000000000000000000000000000000000000000000000000000000000000000000000000000000000000000000000000000000000000000000000000000000000000000000000000000000000000000000000000000000000000000000000000000000e+15 4.695663513950270015436798627134133905330226104275128583579151050370210181753367030581712022011530490218819554907142410980980168106178166138337078826452823831377943768324687994944973777210419228721367766389781365126340393426725505198188300605713879436810400440259948538740417611324365779394800000000000e-07
