1.000000000000000000000000000000000000000000000000000000000000000000000000000000000000000000000000000000000000000000000000000000000000000000000000000000000000000000000000000000000000000000000000000000000000000000000000000000000000000000000000000000000000000000000000000000000000000000000000000000000000e+01 5.117777018322066123526527255724087761060700488433400003047828980960434730468670137379651807417389589466266968722572587279476575807401671847488380990631643857661109821259944008417328787357290520007906199987842302569112088852758605956411366755235221746180717932458939273586296534661635634332500000000000e-07
3.000000000000000000000000000000000000000000000000000000000000000000000000000000000000000000000000000000000000000000000000000000000000000000000000000000000000000000000000000000000000000000000000000000000000000000000000000000000000000000000000000000000000000000000000000000000000000000000000000000000000e+01 4.880728566352648625247970275143845597639516303046651481472748586843466952184157675958023007905751051859401852312515562413651238030738865169384684280722822991690650771000980475992987493122492194629023316401521654176392342543143734157948381646032766937272492433935050860714967482047549570043700000000000e-07
9.000000000000000000000000000000000000000000000000000000000000000000000000000000000000000000000000000000000000000000000000000000000000000000000000000000000000000000000000000000000000000000000000000000000000000000000000000000000000000000000000000000000000000000000000000000000000000000000000000000000000e+01 4.824529223273058722919375655943240497084568977796285246434391947337036500354586659322691861569425919711951795204542039911217704195477925841355560200062859111263933255029300785906923061583569847955296920651115159238223502603251661930710923111953694153019482534429792194100082418664958736704500000000000e-07
2.700000000000000000000000000000000000000000000000000000000000000000000000000000000000000000000000000000000000000000000000000000000000000000000000000000000000000000000000000000000000000000000000000000000000000000000000000000000000000000000000000000000000000000000000000000000000000000000000000000000000e+02 4.400198126590183730947334214563120707761802528732964647428335847383742519633378518216540504334652429845897151368492121728462762941080223720957801643936364020077670990966155825700853037442565670285133272365480193346402548508945580688738773072651993875828484259665292548372422587245491340831500000000000e-07
8.100000000000000000000000000000000000000000000000000000000000000000000000000000000000000000000000000000000000000000000000000000000000000000000000000000000000000000000000000000000000000000000000000000000000000000000000000000000000000000000000000000000000000000000000000000000000000000000000000000000000e+02 4.722073393454559414172466447581197803812926244067934726039397904567806684348718808787958941879216636899193275010031049094890830510141920346959051862830370629389852087506021342304140434808468551706291390144864130484140454017284811627422443387250946369641551551466338777283151175939648849497200000000000e-07
2.430000000000000000000000000000000000000000000000000000000000000000000000000000000000000000000000000000000000000000000000000000000000000000000000000000000000000000000000000000000000000000000000000000000000000000000000000000000000000000000000000000000000000000000000000000000000000000000000000000000000e+03 3.074008345908424719153575025954563772668318467268569538033584256444480412065556184863011214819689542537199202854156904314798834970621325260982623921562586238071938178015519485923271836634632213851837927829731851061742077546935125486670048960674260728344539785299069273432575349439625146582900000000000e-07
7.290000000000000000000000000000000000000000000000000000000000000000000000000000000000000000000000000000000000000000000000000000000000000000000000000000000000000000000000000000000000000000000000000000000000000000000000000000000000000000000000000000000000000000000000000000000000000000000000000000000000e+03 4.820541734274405411697819206931427815188417085672365215899318380128778754742705735835203689099637236075226016886193895268716306613964128159062157839656425796134841390539496318567857037220407216526867496375348007624275154177947456520465733949796215015127812452610090693350496133329675607972200000000000e-07
2.187000000000000000000000000000000000000000000000000000000000000000000000000000000000000000000000000000000000000000000000000000000000000000000000000000000000000000000000000000000000000000000000000000000000000000000000000000000000000000000000000000000000000000000000000000000000000000000000000000000000e+04 4.983977456917579182692144968234121365985136519867515716816505665088650099548370708018580427648431600748138130870145224241210196170387157957969409564242235826902334871791213161841918507931417350105111047642527036196156611002328715435309191529322892015194266473106703670509038980272217163782300000000000e-07
6.561000000000000000000000000000000000000000000000000000000000000000000000000000000000000000000000000000000000000000000000000000000000000000000000000000000000000000000000000000000000000000000000000000000000000000000000000000000000000000000000000000000000000000000000000000000000000000000000000000000000e+04 4.136549653062438300687867605166426896369216000092150376212220039402264343623046223458638218349245151515257864554370857160804471723718755098346062246730815034749598955168716429895999036046309283253726412370207690041757808054193778446967173912499534459736743001760030328288072362094610844450800000000000e-07
1.968300000000000000000000000000000000000000000000000000000000000000000000000000000000000000000000000000000000000000000000000000000000000000000000000000000000000000000000000000000000000000000000000000000000000000000000000000000000000000000000000000000000000000000000000000000000000000000000000000000000e+05 3.724136603876048343911120850895374208857901553880688724229215878540428307479352189785696342760656795619822220752093059904865094969401309081538359888769224916900285140881633492343491559716757866524732133321137225867830700392584535352968211073144005719472339415504799489752881015628681795882900000000000e-07
5.904900000000000000000000000000000000000000000000000000000000000000000000000000000000000000000000000000000000000000000000000000000000000000000000000000000000000000000000000000000000000000000000000000000000000000000000000000000000000000000000000000000000000000000000000000000000000000000000000000000000e+05 3.858314412087988817334273231068704929027340450642277109408230710525899956797798664812328948784009451159413500747147766579118379114208454265589535662511224126756785867116796650229471261552318533503442888970108047677453850936002892820963534761010758362281405643595089809318627960103157882498200000000000e-07
1.771470000000000000000000000000000000000000000000000000000000000000000000000000000000000000000000000000000000000000000000000000000000000000000000000000000000000000000000000000000000000000000000000000000000000000000000000000000000000000000000000000000000000000000000000000000000000000000000000000000000e+06 6.112869120055331993394473173851702536294288211821463242524242281521082290744347003986303649092894926318044586240173054024520823551470196153085407239165432510985451070724274763193431354451542155539115007722199414435533661565545860348303693733580569261398449569324780418167130126844216898741700000000000e-07
5.314410000000000000000000000000000000000000000000000000000000000000000000000000000000000000000000000000000000000000000000000000000000000000000000000000000000000000000000000000000000000000000000000000000000000000000000000000000000000000000000000000000000000000000000000000000000000000000000000000000000e+06 4.001568906608598062392369975853983911033417428155847674518984040744796690182624830586254096657302693435445561099116645444452836924378270375140059025024180780942195471157511529981939884031171043605345452793503259510620520916514882994130833140719209620301981018465176652861753278619660136909900000000000e-07
1.594323000000000000000000000000000000000000000000000000000000000000000000000000000000000000000000000000000000000000000000000000000000000000000000000000000000000000000000000000000000000000000000000000000000000000000000000000000000000000000000000000000000000000000000000000000000000000000000000000000000e+07 4.549477212970534448977211556530064999641551007035689082790653381225777571546992731209090400820643327994520099843826936277457112898726431915759951405661449229193937232206288766362568556457726400765170335490279925723161835794751922085544805196668148762681997207859839773359906773421746159868600000000000e-07
4.782969000000000000000000000000000000000000000000000000000000000000000000000000000000000000000000000000000000000000000000000000000000000000000000000000000000000000000000000000000000000000000000000000000000000000000000000000000000000000000000000000000000000000000000000000000000000000000000000000000000e+07 3.881619843078170429989814995034842565201308217214371422584760517493233896072215588451689062342742716548040949144465067012917320652447321801454954145821570575530817505544449849966399493810642043894002074839636070569280086249091527694221268432224437848632747358648543106623956761210381474066200000000000e-07
1.434890700000000000000000000000000000000000000000000000000000000000000000000000000000000000000000000000000000000000000000000000000000000000000000000000000000000000000000000000000000000000000000000000000000000000000000000000000000000000000000000000000000000000000000000000000000000000000000000000000000e+08 3.434493293022776295745161454137206621688162188719988835668439646164983167313298557500305018616433761157435345872915105089830468007700087848173276788354410418183469764659879938902897706407310197005659978186568621935492453183398254268348923877806019645037633818341559085961376488140647567252900000000000e-07
4.304672100000000000000000000000000000000000000000000000000000000000000000000000000000000000000000000000000000000000000000000000000000000000000000000000000000000000000000000000000000000000000000000000000000000000000000000000000000000000000000000000000000000000000000000000000000000000000000000000000000e+08 4.966920753833939122959615073875261363440629691081512256571725573492580082942567768270603506779937551974003211104109952836657749360915745149655905247305544212971064431140526717900984645989213532874571349681248731517757844200860112900195838888452807093484859259205309839780607469461128055434600000000000e-07
1.291401630000000000000000000000000000000000000000000000000000000000000000000000000000000000000000000000000000000000000000000000000000000000000000000000000000000000000000000000000000000000000000000000000000000000000000000000000000000000000000000000000000000000000000000000000000000000000000000000000000e+09 3.295640800186487175862004916274584047189736303943668026355566381968810562229670788701444542928147137313971841293915228019877455021764057462980921905091814825487448624517899936304490158670761006887226697238312814236755658728214930106010472476430810084721765490384177000673274031637377017889800000000000e-07
3.874204890000000000000000000000000000000000000000000000000000000000000000000000000000000000000000000000000000000000000000000000000000000000000000000000000000000000000000000000000000000000000000000000000000000000000000000000000000000000000000000000000000000000000000000000000000000000000000000000000000e+09 4.579265283655073547123111120013740038315686881365846145330911417617741417550778940505129348811148092673157237819812563010592541190591354978171736711262436859001902250277934415542453271419769885122829878258622000035396359031336743223710410492214780369642417182734711634765428484973498573939900000000000e-07
1.162261467000000000000000000000000000000000000000000000000000000000000000000000000000000000000000000000000000000000000000000000000000000000000000000000000000000000000000000000000000000000000000000000000000000000000000000000000000000000000000000000000000000000000000000000000000000000000000000000000000e+10 3.192070555490550932057234552621095120314296025458037992086830791094626943585885152363347699402721918491683509407060614052754362130558120164989539862128528083072535188559570773154867803924043306704551854717130357084669989859663724518877585691357518390513460969766988482286258408086776480124000000000000e-07
3.486784401000000000000000000000000000000000000000000000000000000000000000000000000000000000000000000000000000000000000000000000000000000000000000000000000000000000000000000000000000000000000000000000000000000000000000000000000000000000000000000000000000000000000000000000000000000000000000000000000000e+10 6.562171027602601884196857772835249532189304499794952382949825336134896919762616648136107976188349498090639316131128654846613786590813386182923721796678585741362193692750317580515633435331654922130523151659826120928203153470600451520388243194518821824363666543406136694491678083569453444985000000000000e-07
1.046035320300000000000000000000000000000000000000000000000000000000000000000000000000000000000000000000000000000000000000000000000000000000000000000000000000000000000000000000000000000000000000000000000000000000000000000000000000000000000000000000000000000000000000000000000000000000000000000000000000e+11 5.516017943648588815616124525818939521103248750593690172863699581338600465577236156786984364111463950715629014264372250910643297777330805972582661600218580691649426456943172519778192356014319084182515648420143665207355016602589457276504473854979402470212083739287084378493298678783923220174600000000000e-07
3.138105960900000000000000000000000000000000000000000000000000000000000000000000000000000000000000000000000000000000000000000000000000000000000000000000000000000000000000000000000000000000000000000000000000000000000000000000000000000000000000000000000000000000000000000000000000000000000000000000000000e+11 4.773320897682991211947915113466276162208938376500285743581716394181937292106367132916184149542809276155282420385299871946761349793527383778049356577663707323511921320905569865705403213400277992564091021764907461787299600704573763053296053137155144056164693552641260752874621872246526200149000000000000e-07
9.414317882700000000000000000000000000000000000000000000000000000000000000000000000000000000000000000000000000000000000000000000000000000000000000000000000000000000000000000000000000000000000000000000000000000000000000000000000000000000000000000000000000000000000000000000000000000000000000000000000000e+11 3.267705291710276162917861609725786868549773504102905121430653784971406894839131080833290195080703631268809428256590969984052873149382477485571405565044327181724645596540516591218780336080499432562905130528745800857704383118099381466341797293457809322300686636493013059057661802553409725574900000000000e-07
2.824295364810000000000000000000000000000000000000000000000000000000000000000000000000000000000000000000000000000000000000000000000000000000000000000000000000000000000000000000000000000000000000000000000000000000000000000000000000000000000000000000000000000000000000000000000000000000000000000000000000e+12 6.116447731359175682369176798601128506767332620610961560980970128924516538381455667225157509581787646396608904578631477775961946098382232128573530429202574110617707113314349081016148065855408981073986492537269324051511370351260341828731017007046893073068953285311792417601180924666037972759800000000000e-07
8.472886094430000000000000000000000000000000000000000000000000000000000000000000000000000000000000000000000000000000000000000000000000000000000000000000000000000000000000000000000000000000000000000000000000000000000000000000000000000000000000000000000000000000000000000000000000000000000000000000000000e+12 3.184564394534248021869988371178913111234574221360292902693000638145880490165392519530748260125581036009978896200081123550597412377252848768887485628134736931580129759747674539376235571801147959147417528582119282355718851165737569840645227895426698356265561432985093119649993376254416164988300000000000e-07
2.541865828329000000000000000000000000000000000000000000000000000000000000000000000000000000000000000000000000000000000000000000000000000000000000000000000000000000000000000000000000000000000000000000000000000000000000000000000000000000000000000000000000000000000000000000000000000000000000000000000000e+13 7.671659428064185508065564756150572506297865230952484221940423907043671631708454229006298596754993149244738511845025180635213436132151533296065375406860172269314879788745781243733666660874798012131537957658268900292626766647443436681345847499694487179284905980730911418987905169816559134514600000000000e-07
7.625597484987000000000000000000000000000000000000000000000000000000000000000000000000000000000000000000000000000000000000000000000000000000000000000000000000000000000000000000000000000000000000000000000000000000000000000000000000000000000000000000000000000000000000000000000000000000000000000000000000e+13 6.856989645469998742879281246330035804853394104729386634576837550797474014298840442437169153823856335554255045708257630468551815384801794821722477823496815743000204885073202813000665115657852304151825687588473070439101929619195606060547760889389184550677068815675032877886262992578947910865200000000000e-07
2.287679245496100000000000000000000000000000000000000000000000000000000000000000000000000000000000000000000000000000000000000000000000000000000000000000000000000000000000000000000000000000000000000000000000000000000000000000000000000000000000000000000000000000000000000000000000000000000000000000000000e+14 4.232019111654141506172394325262330145941033494067224978673287342101424703680635040601442506722913150190450923012526557531432531975186272171519252238369939489807008072945176597982127653243918426578378771533681277379798789312871367350616889980684401003252752499004868308865706399606289123827200000000000e-07
6.863037736488300000000000000000000000000000000000000000000000000000000000000000000000000000000000000000000000000000000000000000000000000000000000000000000000000000000000000000000000000000000000000000000000000000000000000000000000000000000000000000000000000000000000000000000000000000000000000000000000e+14 5.182593727313256462788019448473202414734147182355860611395998812647481697862244977325102762332691629226492694231466326467154181850943764202921306619615631893781912977183476245532228525876526260965603598990796469901037559773987086521603832339700084321349761856314216538946262429952974111536400000000000e-07
2.058911320946490000000000000000000000000000000000000000000000000000000000000000000000000000000000000000000000000000000000000000000000000000000000000000000000000000000000000000000000000000000000000000000000000000000000000000000000000000000000000000000000000000000000000000000000000000000000000000000000e+15 5.188735614859364421649533237818574785108838370626678847764181285228859444645867770111466478559568371137376813438204963104520719249684672997852672264381804264985460726998393493288006431543502039977455937873789708798649147497447144956206914099760435444173521963310476495942045603186219284274700000000000e-07
6.176733962839470000000000000000000000000000000000000000000000000000000000000000000000000000000000000000000000000000000000000000000000000000000000000000000000000000000000000000000000000000000000000000000000000000000000000000000000000000000000000000000000000000000000000000000000000000000000000000000000e+15 6.238622720120854511650553180968132714525671255587784997817469673210278997364980469913212837977673073370506698508717423049689511724454316103075165146346165579534102250420378308428133422667207255848550738102616529400530155469535685320707127979398906639577752599216387682061804025869993750978400000000000e-07
