1.000000000000000000000000000000000000000000000000000000000000000000000000000000000000000000000000000000000000000000000000000000000000000000000000000000000000000000000000000000000000000000000000000000000000000000000000000000000000000000000000000000000000000000000000000000000000000000000000000000000000e+01 3.497726283718749978835399867098025621093384479899359941706848556341625787773181342742311345996749457186287046780990082576640675279549845381541120198986278504072570133101262136343386294605610157093975113232545836959736429729097494228947408750613988240467280316291403138534538456579894677562400000000000e-02
3.000000000000000000000000000000000000000000000000000000000000000000000000000000000000000000000000000000000000000000000000000000000000000000000000000000000000000000000000000000000000000000000000000000000000000000000000000000000000000000000000000000000000000000000000000000000000000000000000000000000000e+01 4.353617593509270745158326256978178622760958948463642607217759309021459033602854189471695518628453571975429012845990855486512584163674143498456896288907969448210051869114225369643048807887570457392025806223383513542569756465540598782670167627972462242439831826970046446130561933109696849018100000000000e-02
9.000000000000000000000000000000000000000000000000000000000000000000000000000000000000000000000000000000000000000000000000000000000000000000000000000000000000000000000000000000000000000000000000000000000000000000000000000000000000000000000000000000000000000000000000000000000000000000000000000000000000e+01 3.817315572087653727278235760058126491751492448896423113986631767467585477941386827021375417456705958391914615154052650773272983332345773951190852226279713002665335295412600024391462058602624664296543106008832579426005848466923314586047066567835963847997757418630974998067524643759921952721100000000000e-02
2.700000000000000000000000000000000000000000000000000000000000000000000000000000000000000000000000000000000000000000000000000000000000000000000000000000000000000000000000000000000000000000000000000000000000000000000000000000000000000000000000000000000000000000000000000000000000000000000000000000000000e+02 4.361133254323598497186449426641094313101983965700312976175913377885257738128065894263373733414458772856292278459553419015806694034498686969264673866481767026272406524464633397624228118657159554794317330494562241130081430798308356835569523819247910804277205203197940685763124348902887166766600000000000e-02
8.100000000000000000000000000000000000000000000000000000000000000000000000000000000000000000000000000000000000000000000000000000000000000000000000000000000000000000000000000000000000000000000000000000000000000000000000000000000000000000000000000000000000000000000000000000000000000000000000000000000000e+02 4.928269739231841312407124940134843172675009399961339490461002701429038044415857552647012112760553060409733207187797543589118423803379577800702471952896772662598084402213332597951086797615428664074219225773932426799015533328543119048204044150251485109596260922028123944407313229683197160845800000000000e-02
2.430000000000000000000000000000000000000000000000000000000000000000000000000000000000000000000000000000000000000000000000000000000000000000000000000000000000000000000000000000000000000000000000000000000000000000000000000000000000000000000000000000000000000000000000000000000000000000000000000000000000e+03 5.927172304922734989325891368182458472696085899655181116331568675197733106760635796179084435031267355268609297806870934732183996592023429937012563159306556122908049544400119600348098909369546803364781960916011828023375217419993451691005510090101809702298435759795254807428594774380971545616000000000000e-02
7.290000000000000000000000000000000000000000000000000000000000000000000000000000000000000000000000000000000000000000000000000000000000000000000000000000000000000000000000000000000000000000000000000000000000000000000000000000000000000000000000000000000000000000000000000000000000000000000000000000000000e+03 1.200948109526582642131337936379202229805631697199570213187917556043042454271786775063190747454045399573814401968677907930024927246861430120910881526103997541866874137283830817458492238961764931301801466184869906351210553510602447175762745712132243106119382670717937881394729554211203834373800000000000e-01
2.187000000000000000000000000000000000000000000000000000000000000000000000000000000000000000000000000000000000000000000000000000000000000000000000000000000000000000000000000000000000000000000000000000000000000000000000000000000000000000000000000000000000000000000000000000000000000000000000000000000000e+04 9.369582034634113278728326999913274073220357157248642033624299750027539723890619448719378985781540639701042797207643671844892684621029053228753069892970620350106960925523088862108669391132640665994494231816806068311988385568636680197334723955726542941134488264380918298047899973498187638740400000000000e-02
6.561000000000000000000000000000000000000000000000000000000000000000000000000000000000000000000000000000000000000000000000000000000000000000000000000000000000000000000000000000000000000000000000000000000000000000000000000000000000000000000000000000000000000000000000000000000000000000000000000000000000e+04 9.433178236927708776814635100781992539068594881283948897262107080483264296557195853693483204138449671727689367381827653922284123686145043536732126333966808162635823494074193934045254838913546587614476822260436474763783714946241095605172151904759653752844140407707617999033174454570860500313900000000000e-02
1.968300000000000000000000000000000000000000000000000000000000000000000000000000000000000000000000000000000000000000000000000000000000000000000000000000000000000000000000000000000000000000000000000000000000000000000000000000000000000000000000000000000000000000000000000000000000000000000000000000000000e+05 1.287738901095219402710345700348477788352083628484933850921887761758891494093383733489832493188447165297264746506317242218963619994953384249567068848974937936124665757338761284944924262509727598564125293011453238847795457755117703098718386253202208832159996785530195652496241992512783210581300000000000e-01
5.904900000000000000000000000000000000000000000000000000000000000000000000000000000000000000000000000000000000000000000000000000000000000000000000000000000000000000000000000000000000000000000000000000000000000000000000000000000000000000000000000000000000000000000000000000000000000000000000000000000000e+05 1.343574782489519287922950417652320058196686125599307709872868148516668414815151903646729588098161778478590377006641577116341480926808862824893001239379679982941251032825919597050559655949041357872501239491466471745867223986430027331071358514786319839896073955411284037176902927589607279486200000000000e-01
1.771470000000000000000000000000000000000000000000000000000000000000000000000000000000000000000000000000000000000000000000000000000000000000000000000000000000000000000000000000000000000000000000000000000000000000000000000000000000000000000000000000000000000000000000000000000000000000000000000000000000e+06 1.706765077000849510331945617012193259145676868189498084026017961521696745506129805189375809721303177497462936513532937715084324630450046925411937807519106800104991379892659141562469625630344666728512253340546278513049101041452906369427157464784031901230535169210529361983521903417700300557700000000000e-01
5.314410000000000000000000000000000000000000000000000000000000000000000000000000000000000000000000000000000000000000000000000000000000000000000000000000000000000000000000000000000000000000000000000000000000000000000000000000000000000000000000000000000000000000000000000000000000000000000000000000000000e+06 1.338925649381908882837089614792836751167735899352015060045068384193251155781901899018200900935166891983206752451954008247962644060003973474246074342343080675657541900073208361246119079262553173609872232355728461616883391816707643245759842301182273565650167531509099629856840827288980405080500000000000e-01
1.594323000000000000000000000000000000000000000000000000000000000000000000000000000000000000000000000000000000000000000000000000000000000000000000000000000000000000000000000000000000000000000000000000000000000000000000000000000000000000000000000000000000000000000000000000000000000000000000000000000000e+07 3.738914867036383195553858506330504834844756095355480836927856131254260907068415957297239743466901083576216954649889582153641367773073915698188070801205520426386702828151302657877480113725744213863130800171165740262490757741346790927517750678654042131192447068234921465082664742965985962776700000000000e-01
4.782969000000000000000000000000000000000000000000000000000000000000000000000000000000000000000000000000000000000000000000000000000000000000000000000000000000000000000000000000000000000000000000000000000000000000000000000000000000000000000000000000000000000000000000000000000000000000000000000000000000e+07 2.443931140837683629799006945359602659682190159263229410968416657580915969964598257979609041244419931815655516770210768423410748452020163878393786955076936114768792993470628280440210915093180309513195704926796602708574637596365375433174126457195871378671768547664561803639201639353486521207900000000000e-01
1.434890700000000000000000000000000000000000000000000000000000000000000000000000000000000000000000000000000000000000000000000000000000000000000000000000000000000000000000000000000000000000000000000000000000000000000000000000000000000000000000000000000000000000000000000000000000000000000000000000000000e+08 1.409066468534079618523051089796182737728370610968844723363288299416277379621927130867618112685805741580685222339482988240793595034764682324536790090195149494763284498614857577322400658501580791735758626793719792926325552558836868312032578758205683782374917552534523093869093289073173790494600000000000e-01
4.304672100000000000000000000000000000000000000000000000000000000000000000000000000000000000000000000000000000000000000000000000000000000000000000000000000000000000000000000000000000000000000000000000000000000000000000000000000000000000000000000000000000000000000000000000000000000000000000000000000000e+08 1.298185016822738545258232955827734815584101721571705196632543019231826318490047371854154846526629622202045640892655311062561354390393753962441085107451148153290367722057217748743053955527055574361757015148486365376493214638467129467834157764511287017207663555706551161258405943224832552806900000000000e-01
1.291401630000000000000000000000000000000000000000000000000000000000000000000000000000000000000000000000000000000000000000000000000000000000000000000000000000000000000000000000000000000000000000000000000000000000000000000000000000000000000000000000000000000000000000000000000000000000000000000000000000e+09 1.537251290409918454126946313204560208667073367595559156055155572984252355403408706054060838464085019764985522984919842891660966956884488970235569800791692232838818891134235751616046758159862289271864141031472470568325300085065045999290575314977044427961629916161678553237424844529810622951100000000000e-01
3.874204890000000000000000000000000000000000000000000000000000000000000000000000000000000000000000000000000000000000000000000000000000000000000000000000000000000000000000000000000000000000000000000000000000000000000000000000000000000000000000000000000000000000000000000000000000000000000000000000000000e+09 1.259760671742878703802766437445478259762602066674115667008151685145910091535919717130004992197747544572760272504033089558118716060428916539176992931346275325242081558641687750062957118507201458416586538109813369667086115171106887287810216475079188653277130719115618928073141478369858876108900000000000e-01
1.162261467000000000000000000000000000000000000000000000000000000000000000000000000000000000000000000000000000000000000000000000000000000000000000000000000000000000000000000000000000000000000000000000000000000000000000000000000000000000000000000000000000000000000000000000000000000000000000000000000000e+10 1.601586894721219494528259364442666720014441131823526591335145413390838149881143539264116115383307298883286340182601601454375682549916072265211445532421396377778086168776467000148729952693542951315028076411656889646930505235857394006854299176785130090260337228651438455663376657120757128826500000000000e-01
3.486784401000000000000000000000000000000000000000000000000000000000000000000000000000000000000000000000000000000000000000000000000000000000000000000000000000000000000000000000000000000000000000000000000000000000000000000000000000000000000000000000000000000000000000000000000000000000000000000000000000e+10 9.659448658598446111936098523065682609752822426323799882542231224752450309898628872844501962090920455713307172392866708792735296305369843205111004290075146805610702414269393488887341733044603822097456209986812989556345779966490272381642002507398262926739739037303634315273254380166577400422100000000000e-02
1.046035320300000000000000000000000000000000000000000000000000000000000000000000000000000000000000000000000000000000000000000000000000000000000000000000000000000000000000000000000000000000000000000000000000000000000000000000000000000000000000000000000000000000000000000000000000000000000000000000000000e+11 1.051032159366929524328212475970691232755831673105414868837248840844873660055184621514348327450585068621866066131223162924783809214036188938008337552968641903900826950324483876737120412905911771527421308774581115252539641389647438515152606130037253936075861939420084168755573048567726825064800000000000e-01
3.138105960900000000000000000000000000000000000000000000000000000000000000000000000000000000000000000000000000000000000000000000000000000000000000000000000000000000000000000000000000000000000000000000000000000000000000000000000000000000000000000000000000000000000000000000000000000000000000000000000000e+11 2.071853050535023060432675687391913640877694736756358439010854619923511133832545087914388730345931809038539909641358208140842483867501391226695183473743700201788980116369567987378696950323731840086072557767151990915359632400377184572014914195352854763330689394501467607600418524211392380765100000000000e-01
9.414317882700000000000000000000000000000000000000000000000000000000000000000000000000000000000000000000000000000000000000000000000000000000000000000000000000000000000000000000000000000000000000000000000000000000000000000000000000000000000000000000000000000000000000000000000000000000000000000000000000e+11 2.192931791036352878339109935001704219178646318775848144242194426826232933694000945727007577002839401006263968124297578556459089876260618155502942988313135446964891082171860210062331866651729492752154768734035592364269240801840057582951288997313377764577444748605708079630239388300628371292900000000000e-01
2.824295364810000000000000000000000000000000000000000000000000000000000000000000000000000000000000000000000000000000000000000000000000000000000000000000000000000000000000000000000000000000000000000000000000000000000000000000000000000000000000000000000000000000000000000000000000000000000000000000000000e+12 1.605220597376592148563587578540860811451754686722791241591541744018107227414903430364801232639149789575049381882320558031682043265466008792495332545701442726582926924391334194679031608261140978607221660227428855269852839596781522361054977716353977989196990591065700599031628195220086790775800000000000e-01
8.472886094430000000000000000000000000000000000000000000000000000000000000000000000000000000000000000000000000000000000000000000000000000000000000000000000000000000000000000000000000000000000000000000000000000000000000000000000000000000000000000000000000000000000000000000000000000000000000000000000000e+12 1.934167811856602323358053442340760780448190398623979437530301588155204100574399293772374249662064950392231452491362774507856062173035275940463996139539149662625089102492088448453408654604398492502745748835955143278959386298545226291941900837534378529600910498522986612353126069511876448460500000000000e-01
2.541865828329000000000000000000000000000000000000000000000000000000000000000000000000000000000000000000000000000000000000000000000000000000000000000000000000000000000000000000000000000000000000000000000000000000000000000000000000000000000000000000000000000000000000000000000000000000000000000000000000e+13 1.726225563431014580590192493326207613808546619697635847015269752209674705452261009796220258570131413117103694165187343278930347755399040724461286340497706190706307623860264080158249481710717179624254022509936455029857176640284200708515785967286710938576456777318658007468404002006020362541300000000000e-01
7.625597484987000000000000000000000000000000000000000000000000000000000000000000000000000000000000000000000000000000000000000000000000000000000000000000000000000000000000000000000000000000000000000000000000000000000000000000000000000000000000000000000000000000000000000000000000000000000000000000000000e+13 1.350241741407441164730069203895736440785095115209327281718845104604499097517377003155073248489856821638647554648818561891259778636259638272164394660410484323102098119070850122591782353072874767088823042059371790832894568176243487718019426973227005725720240272377006774025769080060951381613600000000000e-01
2.287679245496100000000000000000000000000000000000000000000000000000000000000000000000000000000000000000000000000000000000000000000000000000000000000000000000000000000000000000000000000000000000000000000000000000000000000000000000000000000000000000000000000000000000000000000000000000000000000000000000e+14 2.534274517394749612070431111995967958095252279928726982934621767494200792410844221897363952267948799404518118704071328439228304353452883473449846281211218305090085016550666397486104195992244375497219036833361507054939131185885797131245772925015515247890759321336044510488442150909149061147700000000000e-01
6.863037736488300000000000000000000000000000000000000000000000000000000000000000000000000000000000000000000000000000000000000000000000000000000000000000000000000000000000000000000000000000000000000000000000000000000000000000000000000000000000000000000000000000000000000000000000000000000000000000000000e+14 4.825551799548678953725486133647820527941559767143316263288874141247556502919483757415874642915417428482871122700521186828772382351786970394720290756670024158860399096803862444934874329390930874901804589382721520964183583983902449949790051679031091934478604639687847407921131711511256782321600000000000e-01
2.058911320946490000000000000000000000000000000000000000000000000000000000000000000000000000000000000000000000000000000000000000000000000000000000000000000000000000000000000000000000000000000000000000000000000000000000000000000000000000000000000000000000000000000000000000000000000000000000000000000000e+15 1.843619528099977780306484881897201970466676885767362678030992730917570878583146808223017623021210965501645117955275636195977447000137339739838477445524329567721752034504873744996378049682500933636400115989262564971243882496080251464744315253141828806935426628012397727125609738806308827244800000000000e-01
6.176733962839470000000000000000000000000000000000000000000000000000000000000000000000000000000000000000000000000000000000000000000000000000000000000000000000000000000000000000000000000000000000000000000000000000000000000000000000000000000000000000000000000000000000000000000000000000000000000000000000e+15 2.189588639743231302374856973330253408979276423784918027948432693221927566876596643331463362485298022415233764010803772331451776136002272723624747458024999567192054669233273935680015420511468632171008802860304105654053111542855128444081933129053282608160765399962941652732845376117706925547400000000000e-01
