1.000000000000000000000000000000000000000000000000000000000000000000000000000000000000000000000000000000000000000000000000000000000000000000000000000000000000000000000000000000000000000000000000000000000000000000000000000000000000000000000000000000000000000000000000000000000000000000000000000000000000e+00 4.251212173513324151224069588838283068545659401647637400768303546644085167776450473659563960210824546953843729948102154382929395358722224277508970182690416310271546151622402322395117408727139976225586278972243863744419901747256832870960421834722574855074708783112636907384761934475208144292600000000000e-02
3.000000000000000000000000000000000000000000000000000000000000000000000000000000000000000000000000000000000000000000000000000000000000000000000000000000000000000000000000000000000000000000000000000000000000000000000000000000000000000000000000000000000000000000000000000000000000000000000000000000000000e+00 3.652605195039322425089825833583522511525942099040002822544121640150650198155639835462939275591849183645267554986136493475130905693327243560884987047820195426975850362598835615383547296990307328785774181677514658192499873865165730435002952885099342870694294440992099477462643113956783246592700000000000e-02
9.000000000000000000000000000000000000000000000000000000000000000000000000000000000000000000000000000000000000000000000000000000000000000000000000000000000000000000000000000000000000000000000000000000000000000000000000000000000000000000000000000000000000000000000000000000000000000000000000000000000000e+00 3.829856078848835386535497183181895090396288607933768083429001262566892375695181131868455062633754994236291051211971800499775919853006578576560783122612574162636536614023849737744141366632655358032376898912752066784541841532700462381415983421433510957760142435714475489969995704941813740992500000000000e-02
2.700000000000000000000000000000000000000000000000000000000000000000000000000000000000000000000000000000000000000000000000000000000000000000000000000000000000000000000000000000000000000000000000000000000000000000000000000000000000000000000000000000000000000000000000000000000000000000000000000000000000e+01 3.398541720795147764377558174117537763694248693533369355824074550583338613054229993223165140826420206740525203933229946664712231146599028532356317405841774232105772524986873305384750202149856332293382573175714527095654550060433468531951853536635965597495357772764373190366327857687384242345600000000000e-02
8.100000000000000000000000000000000000000000000000000000000000000000000000000000000000000000000000000000000000000000000000000000000000000000000000000000000000000000000000000000000000000000000000000000000000000000000000000000000000000000000000000000000000000000000000000000000000000000000000000000000000e+01 4.430386733683392017358261044438341727458044730328680181798814406150625254447349961949929240129868968952498765247116567332099211007313719321215111683797706064802494750569515791647644866222782157734299429348377413867347065472191033483925151460640947935176991838930226170144760478986201259484500000000000e-02
2.430000000000000000000000000000000000000000000000000000000000000000000000000000000000000000000000000000000000000000000000000000000000000000000000000000000000000000000000000000000000000000000000000000000000000000000000000000000000000000000000000000000000000000000000000000000000000000000000000000000000e+02 4.222805549008574084007411895889781967724975648306748197349069537748332815049789204985356823924512123610917074914123226159414438088578059326952709736430020429679292642577411369458767336683395781795196753840600809253224458534785536125544071057429039368676877769289728204131709244761035925626800000000000e-02
7.290000000000000000000000000000000000000000000000000000000000000000000000000000000000000000000000000000000000000000000000000000000000000000000000000000000000000000000000000000000000000000000000000000000000000000000000000000000000000000000000000000000000000000000000000000000000000000000000000000000000e+02 4.173560295844117744157004244552403362951516275995687145268010368154629735188826436150655742015519100029399886934054925490578245177739644604656749082494500077258255719056281952370521435630908262901965563217075504964505829954618031916161275969448961128001131550034000169749911351610427045315600000000000e-02
2.187000000000000000000000000000000000000000000000000000000000000000000000000000000000000000000000000000000000000000000000000000000000000000000000000000000000000000000000000000000000000000000000000000000000000000000000000000000000000000000000000000000000000000000000000000000000000000000000000000000000e+03 3.289159191784921250723345968155192911311894101593282049051607376094398892589165575377178326377452495938486394984835255646501704307241675613373476143581868678454912847605007182518199985357971607839763051095405306992720501450125440876138275022374693850749077101453828955306567487556435052402900000000000e-02
6.561000000000000000000000000000000000000000000000000000000000000000000000000000000000000000000000000000000000000000000000000000000000000000000000000000000000000000000000000000000000000000000000000000000000000000000000000000000000000000000000000000000000000000000000000000000000000000000000000000000000e+03 3.934192783896699067252675269280206045442932157949366703322386008445718268146720988545193471555635530373864721187116957036037523794234736428603669332187758514181550271290937571458785879378138204501921216635747399827236497645232898306829748703449900152664992811660995158702482095557380446613600000000000e-02
1.968300000000000000000000000000000000000000000000000000000000000000000000000000000000000000000000000000000000000000000000000000000000000000000000000000000000000000000000000000000000000000000000000000000000000000000000000000000000000000000000000000000000000000000000000000000000000000000000000000000000e+04 4.348862243516612312186303280904386041946244257693116688274839622644506470214794316464217812543893799674233642770209144326081235375693360265637060521615439248568284223647149282203470283756165868568311063992102444096251416233156651903340595493791811549741382031728342642574672894949412768217500000000000e-02
5.904900000000000000000000000000000000000000000000000000000000000000000000000000000000000000000000000000000000000000000000000000000000000000000000000000000000000000000000000000000000000000000000000000000000000000000000000000000000000000000000000000000000000000000000000000000000000000000000000000000000e+04 4.584223966360821306930036072938391900513273124046094726858778616731944680044288598999198018770677225439208785376026060917469567016872218471188405078495599306521459297810138096555904156156442942223503041382465958738878627219801152831086479992020951528195203092777356471822714941228164617918100000000000e-02
1.771470000000000000000000000000000000000000000000000000000000000000000000000000000000000000000000000000000000000000000000000000000000000000000000000000000000000000000000000000000000000000000000000000000000000000000000000000000000000000000000000000000000000000000000000000000000000000000000000000000000e+05 4.427517127523225146719555549273881859568182457740845025386220358295368092264325138866292390193321446210387511685588775076478158880900606488052247285234544877713095968488824719187836889926319340546228604836731294096955898371627279529210311668660953170555131220128166549141545533137073282860900000000000e-02
5.314410000000000000000000000000000000000000000000000000000000000000000000000000000000000000000000000000000000000000000000000000000000000000000000000000000000000000000000000000000000000000000000000000000000000000000000000000000000000000000000000000000000000000000000000000000000000000000000000000000000e+05 3.614199144809503888708391551497495367284009537196475538379419480077561652299679381267120877234576920004327638239417483066742207500103306960111471313199107960109091390599641726755248455729241782884884667354253543535649771086911845806101991043050948218226865339620126242730611697576226259526800000000000e-02
1.594323000000000000000000000000000000000000000000000000000000000000000000000000000000000000000000000000000000000000000000000000000000000000000000000000000000000000000000000000000000000000000000000000000000000000000000000000000000000000000000000000000000000000000000000000000000000000000000000000000000e+06 4.177981542392322330098319909673336050607771785958141541582215959591929932868581919771816353528914278481625340797020707835583557235968420252763832249558518322339015847452873966337876314580079715895787446764003220233498131064766744267600198584005936576859885209089201797461567641330607881048200000000000e-02
4.782969000000000000000000000000000000000000000000000000000000000000000000000000000000000000000000000000000000000000000000000000000000000000000000000000000000000000000000000000000000000000000000000000000000000000000000000000000000000000000000000000000000000000000000000000000000000000000000000000000000e+06 4.083262914302873175740746793129790503803291607219179361793531945968411231758606984395536845936830369508143796215048970496358797104776296354942167411335625105722414166795089033841850219167077019619999139285412714961168149612998393344220189010015205658629149131905710054823711509299112575664000000000000e-02
1.434890700000000000000000000000000000000000000000000000000000000000000000000000000000000000000000000000000000000000000000000000000000000000000000000000000000000000000000000000000000000000000000000000000000000000000000000000000000000000000000000000000000000000000000000000000000000000000000000000000000e+07 4.570196310167571828102802366501039596754886064290651043793857266676585964686142453961279979695795197131953456822790522139755715565178532638052166355832465037427087017707091444805201722412050690691034994641866228712016805115968285224480219133013034627836570478253320198540494661893709382363000000000000e-02
4.304672100000000000000000000000000000000000000000000000000000000000000000000000000000000000000000000000000000000000000000000000000000000000000000000000000000000000000000000000000000000000000000000000000000000000000000000000000000000000000000000000000000000000000000000000000000000000000000000000000000e+07 3.332246058440930196377628754225381204968331418943726461482139084233822979240596164194766348632304666763306904418931929786850020962984477095800286238834041928269013357132714443606848290973137714429072926480540049876681933528832681555762808257044276799080798661235505546047895772198154142920400000000000e-02
1.291401630000000000000000000000000000000000000000000000000000000000000000000000000000000000000000000000000000000000000000000000000000000000000000000000000000000000000000000000000000000000000000000000000000000000000000000000000000000000000000000000000000000000000000000000000000000000000000000000000000e+08 4.777568028464078530598533435759865552872061635494564288581695726064747431793359112121127425630939052342712682410107991223528089213148323042072308940297556680438292141637686818923316497037295944225996586256326727039337548489062228055290043343656534450845013956063624828533144462407849588503800000000000e-02
3.874204890000000000000000000000000000000000000000000000000000000000000000000000000000000000000000000000000000000000000000000000000000000000000000000000000000000000000000000000000000000000000000000000000000000000000000000000000000000000000000000000000000000000000000000000000000000000000000000000000000e+08 4.483850805310913991338357614277000518207632705760125238749029885797820017823813724564029901929423268379734399553230253151104961926122437934573887276079908232327140934207403084093116339443368127829234446826697331744726023513337929975705635407420071518208239455823916355727562305268328482522600000000000e-02
1.162261467000000000000000000000000000000000000000000000000000000000000000000000000000000000000000000000000000000000000000000000000000000000000000000000000000000000000000000000000000000000000000000000000000000000000000000000000000000000000000000000000000000000000000000000000000000000000000000000000000e+09 3.257956110295013635655714233897917040312200864946605398145706175074510631153989273400479503174406185817367227532803138975501644347875095319134898979531216933346910468487716017924683341873303722198771443364948414637165931471751682183079705959604382008676204549897619717167555874643243021686900000000000e-02
3.486784401000000000000000000000000000000000000000000000000000000000000000000000000000000000000000000000000000000000000000000000000000000000000000000000000000000000000000000000000000000000000000000000000000000000000000000000000000000000000000000000000000000000000000000000000000000000000000000000000000e+09 4.275247226768700371113990635605762117563533812930362014795681688892555017828431889815979594346677657189741776658330300555686173825679771069886505528167171382658406795646493008497514319175053213201176229017009050189020398833255611056409044872832657864027500884222536379360909507875348286027000000000000e-02
1.046035320300000000000000000000000000000000000000000000000000000000000000000000000000000000000000000000000000000000000000000000000000000000000000000000000000000000000000000000000000000000000000000000000000000000000000000000000000000000000000000000000000000000000000000000000000000000000000000000000000e+10 4.378293539989090450138818077266655786767653711315056969669974729523361695526131547101426924124619765840545238931409993743247322698980322909722947717456987139921158582475979361988286199791174627328991800323242711238277673476776573789806192074982687736298959057515999863330468560780770385687200000000000e-02
3.138105960900000000000000000000000000000000000000000000000000000000000000000000000000000000000000000000000000000000000000000000000000000000000000000000000000000000000000000000000000000000000000000000000000000000000000000000000000000000000000000000000000000000000000000000000000000000000000000000000000e+10 4.808269857036292742038348824693002952069646761320556248441284218618765429112772077292296967767350860509731715808889923888777669439809484863199918034942348218454228003098566168760034257608058086766034694390107626319292298497996270619879421390981908342965051653639829628482700819379652203822200000000000e-02
9.414317882700000000000000000000000000000000000000000000000000000000000000000000000000000000000000000000000000000000000000000000000000000000000000000000000000000000000000000000000000000000000000000000000000000000000000000000000000000000000000000000000000000000000000000000000000000000000000000000000000e+10 4.938682143293484073998393938034650583696900452972718839404130930122664353301252396803873616528979054924399050881482538663542373752183393741496680857370047467576129092634895123325496975930456302579190297469450647975014837861601914514511778801553432969108978420189703307736658163043720522116700000000000e-02
2.824295364810000000000000000000000000000000000000000000000000000000000000000000000000000000000000000000000000000000000000000000000000000000000000000000000000000000000000000000000000000000000000000000000000000000000000000000000000000000000000000000000000000000000000000000000000000000000000000000000000e+11 5.716173400182879151942923442620220807287538885509530576922109944469618877331057926571745183888663848053925562666347424162450622677572203513882137121838708971975314698268757999207259345112820773757071907036376832853727693739774532061198634401290195257622058146490853031886183022672806479448900000000000e-02
8.472886094430000000000000000000000000000000000000000000000000000000000000000000000000000000000000000000000000000000000000000000000000000000000000000000000000000000000000000000000000000000000000000000000000000000000000000000000000000000000000000000000000000000000000000000000000000000000000000000000000e+11 6.507506722936457982821860747565919664647406139927249368483977068467097846086799126303515668684169552758785850185943555266812927017334529320523807131998728276341809283414478654098116005485714769707393665446356194385492867643609007987130020902830511556072050578846346373228059718585134111046900000000000e-02
2.541865828329000000000000000000000000000000000000000000000000000000000000000000000000000000000000000000000000000000000000000000000000000000000000000000000000000000000000000000000000000000000000000000000000000000000000000000000000000000000000000000000000000000000000000000000000000000000000000000000000e+12 4.229234454364206407195412123361638519589041530601175510847554408557778628795178903690632436755444971761023669016830774429032816317842365663714477614862025178269301078925812403234217203153110373404115061931503507047019367427819902728261944118519695955887230259588913429337026199906284239186900000000000e-02
7.625597484987000000000000000000000000000000000000000000000000000000000000000000000000000000000000000000000000000000000000000000000000000000000000000000000000000000000000000000000000000000000000000000000000000000000000000000000000000000000000000000000000000000000000000000000000000000000000000000000000e+12 3.940119318956600086972665480243103675208318860542807894841380219844144832553675979155623772524078487865818979243922020553938445147817196297881980709946431778059047764470324173378241879412547501147992172997183525608570059197252239185711752848342048270815760443103168592696153161808231040577100000000000e-02
2.287679245496100000000000000000000000000000000000000000000000000000000000000000000000000000000000000000000000000000000000000000000000000000000000000000000000000000000000000000000000000000000000000000000000000000000000000000000000000000000000000000000000000000000000000000000000000000000000000000000000e+13 4.561116841348813253243930546402257407148048631701847351456055475711236015235929928087834531613606751421534223990048937596629305808915017930845036462352552962822246873067424562569653481553345903058248189775185396026601507515826272563634560149471608240354134352625610821832040120362095637268000000000000e-02
6.863037736488300000000000000000000000000000000000000000000000000000000000000000000000000000000000000000000000000000000000000000000000000000000000000000000000000000000000000000000000000000000000000000000000000000000000000000000000000000000000000000000000000000000000000000000000000000000000000000000000e+13 4.051557871175600155458203124269181766573661520512821198693685863250458777654623601438032516402608656775809096219408775851253667467829312298998150528559357669249078245646150176914487788253594661771309791232117716614077668686897096300739022185654870786694840650623289465662964771826235301636300000000000e-02
2.058911320946490000000000000000000000000000000000000000000000000000000000000000000000000000000000000000000000000000000000000000000000000000000000000000000000000000000000000000000000000000000000000000000000000000000000000000000000000000000000000000000000000000000000000000000000000000000000000000000000e+14 5.188518236430401879425525324587885333354657994919472476301464435154384425527310010619801254692220801259446375245222841776526553794802805111299671318979046296244151236926808311466725672702072738116546638888544515752051353586440576035065593342026901780827848962375299983732655587330368847804500000000000e-02
6.176733962839470000000000000000000000000000000000000000000000000000000000000000000000000000000000000000000000000000000000000000000000000000000000000000000000000000000000000000000000000000000000000000000000000000000000000000000000000000000000000000000000000000000000000000000000000000000000000000000000e+14 5.360963214401656192146278737332791026997825687352357413806428458897806068253308538641337385841330631551818998144235503210577258635292255058414087550300386986839486173694794973317803267328868862604450231056221782599348986213573534932435446290462945737435255735306411316560138591219841515054200000000000e-02
1.853020188851841000000000000000000000000000000000000000000000000000000000000000000000000000000000000000000000000000000000000000000000000000000000000000000000000000000000000000000000000000000000000000000000000000000000000000000000000000000000000000000000000000000000000000000000000000000000000000000000e+15 5.055028971105306096842490202710240638884058678526653787959930256357384853465217375867473868048654035433978976198444280155891275185229962427835515052174070477482865084315869550368721587366977005013347065790379215174410045771289871768217327217938751676853875423419161821797893757199186019001500000000000e-02
5.559060566555523000000000000000000000000000000000000000000000000000000000000000000000000000000000000000000000000000000000000000000000000000000000000000000000000000000000000000000000000000000000000000000000000000000000000000000000000000000000000000000000000000000000000000000000000000000000000000000000e+15 5.775909228558309443874793374067680350857098006667592506885071346816035053288132519311497166389118259640778712471088314343768490330783061088010331957525046930543341974974308537072190341966123275289533748239722640809253849029180602442637227059010944254132215770011138222371349913678816760349700000000000e-02
