1.000000000000000000000000000000000000000000000000000000000000000000000000000000000000000000000000000000000000000000000000000000000000000000000000000000000000000000000000000000000000000000000000000000000000000000000000000000000000000000000000000000000000000000000000000000000000000000000000000000000000e+00 1.351820499617519557524419352701575855415071987105270330511290580973502806874772970476767858338741844233985663475724561164149235958616249386681797581976986499629368258827340885143280733041544564785325053778873851140537417460390268847035873285252747475484059129298888379124946430930917224958700000000000e-02
3.000000000000000000000000000000000000000000000000000000000000000000000000000000000000000000000000000000000000000000000000000000000000000000000000000000000000000000000000000000000000000000000000000000000000000000000000000000000000000000000000000000000000000000000000000000000000000000000000000000000000e+00 1.263401426947087023160214254677871615927122124081607343201725351604111464537154652188757925708051098089995654248168027728919834966376940659782034632453836445394254850245375995234225416008510726318053588544011062928641723986318965097557512114064360737212616646735664680934801084732351348264200000000000e-02
9.000000000000000000000000000000000000000000000000000000000000000000000000000000000000000000000000000000000000000000000000000000000000000000000000000000000000000000000000000000000000000000000000000000000000000000000000000000000000000000000000000000000000000000000000000000000000000000000000000000000000e+00 1.046431642315540041073671643057657513334883749488799971180042566440234405983243559408278549767662445177819215560281657410351033525939019055826771441508376857300478280008312075455467589562896118043621078615264377623764578726258513454727827392093680021942746928937695935193730720472199485957200000000000e-02
2.700000000000000000000000000000000000000000000000000000000000000000000000000000000000000000000000000000000000000000000000000000000000000000000000000000000000000000000000000000000000000000000000000000000000000000000000000000000000000000000000000000000000000000000000000000000000000000000000000000000000e+01 8.562900932701984133365952654739537939486900581699260504230824069814768631925612689423682280793004098408727218516383134922715673620683858025343752479391850468858152140546989361554050820409391963443350725633550433465079287686166932228333936570522223403306711780440846640007929171321410322773700000000000e-03
8.100000000000000000000000000000000000000000000000000000000000000000000000000000000000000000000000000000000000000000000000000000000000000000000000000000000000000000000000000000000000000000000000000000000000000000000000000000000000000000000000000000000000000000000000000000000000000000000000000000000000e+01 1.416945211471137323436775009695300295996452137883371377068026425303187583119854514892844222084427642942420183925269851760296514969017230053836333180569649326294931918269966226508037206926014092530088199193099701712191560128232921294408768436864802584724200388361430526333582612503014242465900000000000e-02
2.430000000000000000000000000000000000000000000000000000000000000000000000000000000000000000000000000000000000000000000000000000000000000000000000000000000000000000000000000000000000000000000000000000000000000000000000000000000000000000000000000000000000000000000000000000000000000000000000000000000000e+02 7.171209602665293154130366661144955470258034740761678134653167860993969835083923257068826287269874899473234182425303864431537205511519202368864985385134319946759547983735719708766142881862105149451246051974681625837392100783368495626632428309707285519190695950339387652674422202041132378833800000000000e-03
7.290000000000000000000000000000000000000000000000000000000000000000000000000000000000000000000000000000000000000000000000000000000000000000000000000000000000000000000000000000000000000000000000000000000000000000000000000000000000000000000000000000000000000000000000000000000000000000000000000000000000e+02 9.379672977603585468781946881960335154776312839983911455738809512999408524196802895505626478031991393446321746999565526467251997010912808465756440320915608982796585219640422664527163376857265160953747113370177773827304011659709768555827305332848552446263403896417438770884780373892763021168500000000000e-03
2.187000000000000000000000000000000000000000000000000000000000000000000000000000000000000000000000000000000000000000000000000000000000000000000000000000000000000000000000000000000000000000000000000000000000000000000000000000000000000000000000000000000000000000000000000000000000000000000000000000000000e+03 1.192814780823289548356833125884760576310615522675301733639990664005205293074537936930132855829110922927705137457710422298426189560453780987995735259522227821755310456454034612737631155671459732205110953645871846698159925203906614944619352457468569451907489522420879969137797529293485218680300000000000e-02
6.561000000000000000000000000000000000000000000000000000000000000000000000000000000000000000000000000000000000000000000000000000000000000000000000000000000000000000000000000000000000000000000000000000000000000000000000000000000000000000000000000000000000000000000000000000000000000000000000000000000000e+03 7.531317837463550768320093309127769890289294252270953596719650683557762887922373835792606189525080538317026229094461781212485904811289303783710605857525043049378523061238785110665606235342449770529760936090738343193631046675446032403422624609964077183758939741694977183919131521167836377282500000000000e-03
1.968300000000000000000000000000000000000000000000000000000000000000000000000000000000000000000000000000000000000000000000000000000000000000000000000000000000000000000000000000000000000000000000000000000000000000000000000000000000000000000000000000000000000000000000000000000000000000000000000000000000e+04 2.152018526172461587834487070677166575739915320924928396212272560468238325556745748734150583436191532627409634553016302078163030122503558593095182807857855114958899763836469887397530303110505644595587487758736306323571641396837799426803307664074745679631507937135821346945956143828720377386800000000000e-02
5.904900000000000000000000000000000000000000000000000000000000000000000000000000000000000000000000000000000000000000000000000000000000000000000000000000000000000000000000000000000000000000000000000000000000000000000000000000000000000000000000000000000000000000000000000000000000000000000000000000000000e+04 1.658874978788379491827350409785787040236796616930811917689751268323231734128315850628662340817735934803053208429250802986410766913255509129398193346312203365805346577763671156488430644312357236088455128705169277121492382263837488070517273991980529992590927847069600690281638135565024386648200000000000e-02
1.771470000000000000000000000000000000000000000000000000000000000000000000000000000000000000000000000000000000000000000000000000000000000000000000000000000000000000000000000000000000000000000000000000000000000000000000000000000000000000000000000000000000000000000000000000000000000000000000000000000000e+05 1.914491486607293651823627039624843321825343363534355147065764356384456064870586468494745322167428685590382466337933982624292816661319391668311774809324570396375875631756785184714710880812564560660249468326421600754699838348070157505103419275830500764527001234879358108689238136492255244208100000000000e-02
5.314410000000000000000000000000000000000000000000000000000000000000000000000000000000000000000000000000000000000000000000000000000000000000000000000000000000000000000000000000000000000000000000000000000000000000000000000000000000000000000000000000000000000000000000000000000000000000000000000000000000e+05 1.100720650483646802261720446739850598567308743557612760599542194442512414692659565957396194567384281536858376874895054570337713018818499193113861785298059557091439255871856767995786761077123291808990210831188677887779003083908836042755826111153132636095715974844168952065700340282247088867800000000000e-02
1.594323000000000000000000000000000000000000000000000000000000000000000000000000000000000000000000000000000000000000000000000000000000000000000000000000000000000000000000000000000000000000000000000000000000000000000000000000000000000000000000000000000000000000000000000000000000000000000000000000000000e+06 1.493816449052446227950623903567501047856489612517804227954481143817073663335110810064200309140262392065477878351307833343644440372173591892507961051692840854428863071171060583444014518916397808440014962239250463790774053126227154992745214777031351106201034548927142046899635803139346841889100000000000e-02
4.782969000000000000000000000000000000000000000000000000000000000000000000000000000000000000000000000000000000000000000000000000000000000000000000000000000000000000000000000000000000000000000000000000000000000000000000000000000000000000000000000000000000000000000000000000000000000000000000000000000000e+06 8.242358985978709828699721631021895140505981540110220240720032897832079021247102578032785446270971540463484938112011205239201326703398471057913227047150215043909255900075663113981320157694574681081563947272829321058894806662411950860754352256968347143792019073471522736637899829934127063332400000000000e-03
1.434890700000000000000000000000000000000000000000000000000000000000000000000000000000000000000000000000000000000000000000000000000000000000000000000000000000000000000000000000000000000000000000000000000000000000000000000000000000000000000000000000000000000000000000000000000000000000000000000000000000e+07 1.390371270465357091151583951062103363301879764047434359856257155904043033756225482997701565880430584373570644224730390617591590476907415527389095169491617911177723344016019562136714717159711921263261173683911078727640760561186880832107498309231718265470491437892140822105811595634157274325400000000000e-02
4.304672100000000000000000000000000000000000000000000000000000000000000000000000000000000000000000000000000000000000000000000000000000000000000000000000000000000000000000000000000000000000000000000000000000000000000000000000000000000000000000000000000000000000000000000000000000000000000000000000000000e+07 1.089752220609677950300327536850790113176693312663506639424054876745957083910328420574232527258085132115137331874809108032404579507894935603718043547367536382380644707361614135922468756966896952460896935077928058795846311408634376806334532373708933517461301308508633273112205004516532093517800000000000e-02
1.291401630000000000000000000000000000000000000000000000000000000000000000000000000000000000000000000000000000000000000000000000000000000000000000000000000000000000000000000000000000000000000000000000000000000000000000000000000000000000000000000000000000000000000000000000000000000000000000000000000000e+08 1.708167984954806534867203962280143503440527860047167443664914717972759339605374619323589272488749262996724996905828813699965018287652373812034704181267540073627439150387353471552229819218645735430360387885600606630141605729738687731875532997439172957928216191672983903640067216024435373709000000000000e-02
3.874204890000000000000000000000000000000000000000000000000000000000000000000000000000000000000000000000000000000000000000000000000000000000000000000000000000000000000000000000000000000000000000000000000000000000000000000000000000000000000000000000000000000000000000000000000000000000000000000000000000e+08 2.322650450661922073957705516598735404804819367143845700187426077722302240642202404947320505136653165034726213444281358934022038193947896144916448718215716315159004041975021139799350713642083756002424834296957632419320066748236982868018053069014782534393442013220547324118084778469633010374300000000000e-02
1.162261467000000000000000000000000000000000000000000000000000000000000000000000000000000000000000000000000000000000000000000000000000000000000000000000000000000000000000000000000000000000000000000000000000000000000000000000000000000000000000000000000000000000000000000000000000000000000000000000000000e+09 1.022803821697331984700280824816077098417311749574203688374608368763414578910218137893874324124158772864459169178631788495158629671020747370232896334357406618073969465021427888605559699671169197124298469482255062884484757728646692731412937458211319964409773388884293326477406336688094786622100000000000e-02
3.486784401000000000000000000000000000000000000000000000000000000000000000000000000000000000000000000000000000000000000000000000000000000000000000000000000000000000000000000000000000000000000000000000000000000000000000000000000000000000000000000000000000000000000000000000000000000000000000000000000000e+09 9.818874676543978036716593045913228496187331121569696106482809355594581856303865566727019616334734194861152570197265232769341739642413274404906287699430515709050335629941280274450404068265046530194504282501840207390791870312262106283604538161761763955120524921415673470078081028861837215561000000000000e-03
1.046035320300000000000000000000000000000000000000000000000000000000000000000000000000000000000000000000000000000000000000000000000000000000000000000000000000000000000000000000000000000000000000000000000000000000000000000000000000000000000000000000000000000000000000000000000000000000000000000000000000e+10 2.430214643560924507560634535622499067187005158657760466491048312471239224048689447587315253768769996591672381633925584449043977523077038485313390183403511644315023525996669930878601271042528330919359121987233423028590629402022286393534794716049255390661004570523230954182333310600601299110100000000000e-02
3.138105960900000000000000000000000000000000000000000000000000000000000000000000000000000000000000000000000000000000000000000000000000000000000000000000000000000000000000000000000000000000000000000000000000000000000000000000000000000000000000000000000000000000000000000000000000000000000000000000000000e+10 1.533814893691368078763651894265720398197978496314845870502761794216299914160803646657440674033783675376596922758979902556424635500279931193109609038133331970449373926195185564144864801131638590318582040527851098675573012834041085101451368899492004334863469275775397559758388271980678834626600000000000e-02
9.414317882700000000000000000000000000000000000000000000000000000000000000000000000000000000000000000000000000000000000000000000000000000000000000000000000000000000000000000000000000000000000000000000000000000000000000000000000000000000000000000000000000000000000000000000000000000000000000000000000000e+10 1.145646834090288843554081387770867563120215285714383862092207161040161583775545334974078496516762178746686981372610827617902763067318330162262537296777391724212666523575712970775260315820204092634201601126247164318900854942954145919169883458115256175351861456993869800913967563751138906709800000000000e-02
2.824295364810000000000000000000000000000000000000000000000000000000000000000000000000000000000000000000000000000000000000000000000000000000000000000000000000000000000000000000000000000000000000000000000000000000000000000000000000000000000000000000000000000000000000000000000000000000000000000000000000e+11 3.107108246182741940061967052353421210902244484041024976649241683736827856157057863385265190083875156028952503984643493873067746753422885197004296183879197651670431076554190950686577056728966166165145002101579162664581461212005734773847863226305837303395648771576527988969163488139689267602600000000000e-02
8.472886094430000000000000000000000000000000000000000000000000000000000000000000000000000000000000000000000000000000000000000000000000000000000000000000000000000000000000000000000000000000000000000000000000000000000000000000000000000000000000000000000000000000000000000000000000000000000000000000000000e+11 2.561593126902035191291329944678071237670315461445403325421993540246146639463477185631318754705062540353788505627808014290240841000811789280971585314066923900301034855090959859388753664942556316741214693256344829315661947924303300781391373952127935914856227140605802503423445729378841306486500000000000e-02
2.541865828329000000000000000000000000000000000000000000000000000000000000000000000000000000000000000000000000000000000000000000000000000000000000000000000000000000000000000000000000000000000000000000000000000000000000000000000000000000000000000000000000000000000000000000000000000000000000000000000000e+12 1.430298154795256477752952011579523828703854172091275899391388197588497548800235218321363558117053193405942138285838964039482463289193306376813068091227738835366750933856864310403021557694157039923037035547332333731719603633166311515428387109744554865870382950717983923718048643697694655045700000000000e-02
7.625597484987000000000000000000000000000000000000000000000000000000000000000000000000000000000000000000000000000000000000000000000000000000000000000000000000000000000000000000000000000000000000000000000000000000000000000000000000000000000000000000000000000000000000000000000000000000000000000000000000e+12 1.553545284236605309277166963130681856114733072429765722661384136926463570228343339225483524726228422396267474713396658046961692981800429484856968057416867663458710647903597858342674466864046787269186730315397628888063391475614443575231145574746669370959034420216142998936202556151724263749400000000000e-02
2.287679245496100000000000000000000000000000000000000000000000000000000000000000000000000000000000000000000000000000000000000000000000000000000000000000000000000000000000000000000000000000000000000000000000000000000000000000000000000000000000000000000000000000000000000000000000000000000000000000000000e+13 1.170423481255434423223446085745118490815545992428743512950706193424289451401539306549449161090470668747373147559109777268758211318170070286269007145259349453995162610490799325693345952117245643934932057084065700638771120786985671772488346502176978944033861697839221263381957514940808371958100000000000e-02
6.863037736488300000000000000000000000000000000000000000000000000000000000000000000000000000000000000000000000000000000000000000000000000000000000000000000000000000000000000000000000000000000000000000000000000000000000000000000000000000000000000000000000000000000000000000000000000000000000000000000000e+13 1.151908266530103295276804405175237496766924904976313620341189693784981651790631809107407803408802794359077130779080051354485351664352146759550316618555689737334170257793172353445814684274280896420515158115772329346792048186539145363887685929962344510892966544409443131496674886328065883526800000000000e-02
2.058911320946490000000000000000000000000000000000000000000000000000000000000000000000000000000000000000000000000000000000000000000000000000000000000000000000000000000000000000000000000000000000000000000000000000000000000000000000000000000000000000000000000000000000000000000000000000000000000000000000e+14 1.639155627876264082412069492177904011113001570525760869047882586108695658779130744515719568773196182426586550806340400907914096185515580148064942751843108946854625329679534128465832782541932390355961860161650248010422412132298888923337924476655463520578151829638297725961766953938348489290100000000000e-02
6.176733962839470000000000000000000000000000000000000000000000000000000000000000000000000000000000000000000000000000000000000000000000000000000000000000000000000000000000000000000000000000000000000000000000000000000000000000000000000000000000000000000000000000000000000000000000000000000000000000000000e+14 3.174676136693111716311708234086658862745161527300273112654562200237677440320460976458387663626078683021661219616030747731178215225488075215823852960063604345195477885580917764890295934462482404457998424464724075899352216342579167522859976517291368556526855936998492204940662443598866881549500000000000e-02
1.853020188851841000000000000000000000000000000000000000000000000000000000000000000000000000000000000000000000000000000000000000000000000000000000000000000000000000000000000000000000000000000000000000000000000000000000000000000000000000000000000000000000000000000000000000000000000000000000000000000000e+15 2.522692457924576490056415591893400222335113825701901632498167599667359462587038223884639735127196272867536235798361120550246971792316562492246118656797574886841332896779451930125966826818421853265334257908082670187896961205550638195954976036812089476768864530105017271890160208739873220184300000000000e-02
5.559060566555523000000000000000000000000000000000000000000000000000000000000000000000000000000000000000000000000000000000000000000000000000000000000000000000000000000000000000000000000000000000000000000000000000000000000000000000000000000000000000000000000000000000000000000000000000000000000000000000e+15 2.628434130500780851519770650817936788591631035195178061643163378392026980093345001060200446206839280340869668510597052146249730856082190444302913572099176919487238907377345136076462777947447372630784444904235438921933608440646108366096044027746149637720429990113811491640813131301217191179600000000000e-02
