1.000000000000000000000000000000000000000000000000000000000000000000000000000000000000000000000000000000000000000000000000000000000000000000000000000000000000000000000000000000000000000000000000000000000000000000000000000000000000000000000000000000000000000000000000000000000000000000000000000000000000e+01 3.545392641612331781115551291281318367817220677295472577041041811621631241289586390407585722138540118136787789047211001273441327534408701639419590247145659856488988597497978143027867696683676877052996350095351052708101160438489790044578449444561663096607269643199554320927160587379165833703500000000000e-289
3.000000000000000000000000000000000000000000000000000000000000000000000000000000000000000000000000000000000000000000000000000000000000000000000000000000000000000000000000000000000000000000000000000000000000000000000000000000000000000000000000000000000000000000000000000000000000000000000000000000000000e+01 2.521197340780506546477812667676648253556163561224788577875307522717062313847894366618415171564720329139233146436152388229948709082226159874434281909065229354086293366239927495827280594706414624621195103861487564448836422132708999654695634102206539634417364429354715277063311495143208789606800000000000e-289
9.000000000000000000000000000000000000000000000000000000000000000000000000000000000000000000000000000000000000000000000000000000000000000000000000000000000000000000000000000000000000000000000000000000000000000000000000000000000000000000000000000000000000000000000000000000000000000000000000000000000000e+01 2.173596172684326363452960228472072092248857283090082930627373033337767116367572698486448535320014083646766199551886629007981541787619850729076409118399269419722560273662829835636300766084633683183914080360870812069985151736562892747640839257380255053050790256885452861895391299627758031697800000000000e-289
2.700000000000000000000000000000000000000000000000000000000000000000000000000000000000000000000000000000000000000000000000000000000000000000000000000000000000000000000000000000000000000000000000000000000000000000000000000000000000000000000000000000000000000000000000000000000000000000000000000000000000e+02 3.224698291858242472537332420183177972164592208376351277182786365803364902929199170084647556519951984527045008402873522554793589511377218983993308107824743715507457063332200767684756050763571060025271622070953984118532579844326078013358581049981652345996802909179557371183961557580279606031300000000000e-289
8.100000000000000000000000000000000000000000000000000000000000000000000000000000000000000000000000000000000000000000000000000000000000000000000000000000000000000000000000000000000000000000000000000000000000000000000000000000000000000000000000000000000000000000000000000000000000000000000000000000000000e+02 3.062379649045029718613138927402976002502587044281800077504554318764074206452895649069009301314340087075280859315513192490411219872514474483241839602039252825678897849527996693551024578069534944278417493733981160486497299310474456859259546233708500545680015756758871130361396153857596918886500000000000e-289
2.430000000000000000000000000000000000000000000000000000000000000000000000000000000000000000000000000000000000000000000000000000000000000000000000000000000000000000000000000000000000000000000000000000000000000000000000000000000000000000000000000000000000000000000000000000000000000000000000000000000000e+03 2.600013544831149978879426439700504307582071862573327265838175792834647280562036539247849525235460622551296087854962730153493912366411144156754771463927026778012517240975243071888921855805713883745678535679439761803552749026556490575912949286834983119804187932467460124966929883934684857829800000000000e-289
7.290000000000000000000000000000000000000000000000000000000000000000000000000000000000000000000000000000000000000000000000000000000000000000000000000000000000000000000000000000000000000000000000000000000000000000000000000000000000000000000000000000000000000000000000000000000000000000000000000000000000e+03 3.112763653972292588200469165172173938603256511607760807218219049688040698505947968598283407429631408925377821053746927021955267910651811668707249839715548352039909341928412054945612681721530981602348357352636269356063929255179557913096280746302373680589490286905242127032595728475195546024500000000000e-289
2.187000000000000000000000000000000000000000000000000000000000000000000000000000000000000000000000000000000000000000000000000000000000000000000000000000000000000000000000000000000000000000000000000000000000000000000000000000000000000000000000000000000000000000000000000000000000000000000000000000000000e+04 2.658460772005125428000471730505197833218414127802985138349111370857618187315819621505824340503728057903224082985402767297769091706595901775139877664789403060278301764978767369006514195269654418843193297192040397759958890974690447959796298041562963403131573811177237913576967480863219410779900000000000e-289
6.561000000000000000000000000000000000000000000000000000000000000000000000000000000000000000000000000000000000000000000000000000000000000000000000000000000000000000000000000000000000000000000000000000000000000000000000000000000000000000000000000000000000000000000000000000000000000000000000000000000000e+04 3.547089293309297882213916353580911111262445971800054364701883366220438533313469876968704878415649032039046421061804993960600363172754307533070968788826354700940126960066504674443761903686553286683886557240972596117740575576943746392695443289125476806664424362750063734415688295045484582742300000000000e-290
1.968300000000000000000000000000000000000000000000000000000000000000000000000000000000000000000000000000000000000000000000000000000000000000000000000000000000000000000000000000000000000000000000000000000000000000000000000000000000000000000000000000000000000000000000000000000000000000000000000000000000e+05 1.435005347963505045683519407421348198191002071082466475203619902119622916359841409586321621999919296456291529183368070269834084932663831829285371100547043248153403326630347175409111527236997225524753930107363328361192308124509718733042240388204331891093479350434831452383220399778890626525700000000000e-289
5.904900000000000000000000000000000000000000000000000000000000000000000000000000000000000000000000000000000000000000000000000000000000000000000000000000000000000000000000000000000000000000000000000000000000000000000000000000000000000000000000000000000000000000000000000000000000000000000000000000000000e+05 3.196957801193957353739538708357091859258899005182782277540836757904949643782548500325338265431393548905576832770347180144199629348672018177920192620645077363210050125835760816693736275507025469837284483196713000914392199484586247308355039021981053598507492167519692292357919974219269689884200000000000e-289
1.771470000000000000000000000000000000000000000000000000000000000000000000000000000000000000000000000000000000000000000000000000000000000000000000000000000000000000000000000000000000000000000000000000000000000000000000000000000000000000000000000000000000000000000000000000000000000000000000000000000000e+06 2.826775732908556576541004429600147046068459688135816286733379608612543035396049500279837757529125577638930181421422048624221222127375492181798953856706785592169638019109891134749843606364860809789763081939834090051553858028819638947701504276986795290212975348037121346493411352223833039582100000000000e-289
5.314410000000000000000000000000000000000000000000000000000000000000000000000000000000000000000000000000000000000000000000000000000000000000000000000000000000000000000000000000000000000000000000000000000000000000000000000000000000000000000000000000000000000000000000000000000000000000000000000000000000e+06 2.454505603043058954478303096451929365605791676464685103058506780231114849143584582293295748421572410259147241016153809348327003311966612683257411583912486913361221594112293411237879797931823224434170399850209867322496644860972077223044970345434126608163185278944162181558451774330441928844900000000000e-289
1.594323000000000000000000000000000000000000000000000000000000000000000000000000000000000000000000000000000000000000000000000000000000000000000000000000000000000000000000000000000000000000000000000000000000000000000000000000000000000000000000000000000000000000000000000000000000000000000000000000000000e+07 7.922302867552271067671656301749112178939352412140098943918699686764324594150901210135290590630423606443782626691684340919468829957019888761412923660493303446289675482283382447760021981421381688362191973069285535020574552162069718989974267629535428456657551870059456831947211859832696711924600000000000e-290
4.782969000000000000000000000000000000000000000000000000000000000000000000000000000000000000000000000000000000000000000000000000000000000000000000000000000000000000000000000000000000000000000000000000000000000000000000000000000000000000000000000000000000000000000000000000000000000000000000000000000000e+07 3.057714560157441346389625701672991470571337211078477838202496384863222514045205334625810555006802640556886876306464919505531741990473840337645593128140683473630801379573044478978153417189454995865950917350390729804081748989372355239510131192881624517628243465246144149866302760597706018756300000000000e-289
1.434890700000000000000000000000000000000000000000000000000000000000000000000000000000000000000000000000000000000000000000000000000000000000000000000000000000000000000000000000000000000000000000000000000000000000000000000000000000000000000000000000000000000000000000000000000000000000000000000000000000e+08 2.353476605567476546600199516242352755162669071151043500344771907635547306007139733780537878302713060436329408982982602985537474212504937740092496753028382373610316461989190432039552747673950634028873405878808061843467692154728877370784837223043907589835192175565297291157978089630380043769300000000000e-289
4.304672100000000000000000000000000000000000000000000000000000000000000000000000000000000000000000000000000000000000000000000000000000000000000000000000000000000000000000000000000000000000000000000000000000000000000000000000000000000000000000000000000000000000000000000000000000000000000000000000000000e+08 2.271950818703506851760503490769822822001227021035571667903748667580617235630158059454628302349844014426797520714365349661098817083195948384208895416990319741333519047891237644898105334421821652153284651707977208083172914635171564572940487500727264982047548443749087338416774728306343904953300000000000e-289
1.291401630000000000000000000000000000000000000000000000000000000000000000000000000000000000000000000000000000000000000000000000000000000000000000000000000000000000000000000000000000000000000000000000000000000000000000000000000000000000000000000000000000000000000000000000000000000000000000000000000000e+09 3.109721049104304439024818811016592303547044973564353708984722141961280611636885902072909272452261373974107174522162614285753468689694230078582006569347868924150958593153900308784432753248626431149299691077209363658346141269478438850492477644910100890386210644336502292829615257447665033941300000000000e-289
3.874204890000000000000000000000000000000000000000000000000000000000000000000000000000000000000000000000000000000000000000000000000000000000000000000000000000000000000000000000000000000000000000000000000000000000000000000000000000000000000000000000000000000000000000000000000000000000000000000000000000e+09 2.272151805794386909918101498534399077491382774316466676044784417364390027940086227225441546089088020703821111619635265601268519762791105641669684506981937179145496293468153798185726988702559817590776480401354665630852065032215781700938258981923405748094946773343670243277467552698694238126800000000000e-289
1.162261467000000000000000000000000000000000000000000000000000000000000000000000000000000000000000000000000000000000000000000000000000000000000000000000000000000000000000000000000000000000000000000000000000000000000000000000000000000000000000000000000000000000000000000000000000000000000000000000000000e+10 2.624295716845132616329853574903718336532661414009700615007012578986790791010807003855218428778254993697462733991755006261017388785715207617939190098477447643396024091371071588547034238627532482071501774021939572700216992132320469928678002487984894997390021927006886720483511146584439470006400000000000e-289
3.486784401000000000000000000000000000000000000000000000000000000000000000000000000000000000000000000000000000000000000000000000000000000000000000000000000000000000000000000000000000000000000000000000000000000000000000000000000000000000000000000000000000000000000000000000000000000000000000000000000000e+10 2.081183884215973533636357337827768645903071412986043790940386132811501428401021121932361214809045591256940327705065309217645564199701638209444617935117254714765027171211350843910017993858830521803370297438957629045010331717801053248765645867294053026384883002964090092107084141044589789623900000000000e-289
1.046035320300000000000000000000000000000000000000000000000000000000000000000000000000000000000000000000000000000000000000000000000000000000000000000000000000000000000000000000000000000000000000000000000000000000000000000000000000000000000000000000000000000000000000000000000000000000000000000000000000e+11 1.307936155272078640330043596194972120490593243430301373519387401774846825180737130628227315423604812763373024860634213884594029951631974362785012844300097931517581438448492395085526473011895820949674530565130253038400432666949394932109666572455130150479470856910375546745379466068260413974300000000000e-289
3.138105960900000000000000000000000000000000000000000000000000000000000000000000000000000000000000000000000000000000000000000000000000000000000000000000000000000000000000000000000000000000000000000000000000000000000000000000000000000000000000000000000000000000000000000000000000000000000000000000000000e+11 2.626930484952590529040965427651355780122787687295356321237950908249413498587474589216328674174571468818711252961522227099065049660282520595066330892015288515454009967290157449357339263710600250242329847632433508544874298854823396329424480921836416260946891028389544674856276976386933370156200000000000e-289
9.414317882700000000000000000000000000000000000000000000000000000000000000000000000000000000000000000000000000000000000000000000000000000000000000000000000000000000000000000000000000000000000000000000000000000000000000000000000000000000000000000000000000000000000000000000000000000000000000000000000000e+11 2.132024158383938685657088596524754787176724340339781978184625603307092233964228340818388230362232367616328316217620225265311739086398652660733459440969450908743003827451090186583335367673904454169790039999496015857781659806247426513910113794525706119539578638488238222495815910139671939997400000000000e-289
2.824295364810000000000000000000000000000000000000000000000000000000000000000000000000000000000000000000000000000000000000000000000000000000000000000000000000000000000000000000000000000000000000000000000000000000000000000000000000000000000000000000000000000000000000000000000000000000000000000000000000e+12 2.213712918996498550672953752182351184328697904986094094855345245024648361161462116352084773003642308129757687258359288161938887440128137337008317543311482826895443489260590634969150857665969080796938466584691195269473901518811952770678050773485677511285969237621233135168567405021816689703500000000000e-289
8.472886094430000000000000000000000000000000000000000000000000000000000000000000000000000000000000000000000000000000000000000000000000000000000000000000000000000000000000000000000000000000000000000000000000000000000000000000000000000000000000000000000000000000000000000000000000000000000000000000000000e+12 2.087270007535651533025485042086663237995116088344772570546446812187271946507048501694221937968624660411941317592658753351747960700508604707186336711820968936696175475808358737258374321150399936343168818566942379631110051371387100304132366336837116499453158674353570780356034486025732624819500000000000e-289
2.541865828329000000000000000000000000000000000000000000000000000000000000000000000000000000000000000000000000000000000000000000000000000000000000000000000000000000000000000000000000000000000000000000000000000000000000000000000000000000000000000000000000000000000000000000000000000000000000000000000000e+13 1.749581595236468062216381503482790751339013411281690110133534538893199970833958140168298836926289191783975036899564523598275678993916430389640738743628195579888800352078885143662161893393135228125740348074316018371789095129299239378868248557381220678327030692239065094082173240377831932096900000000000e-289
7.625597484987000000000000000000000000000000000000000000000000000000000000000000000000000000000000000000000000000000000000000000000000000000000000000000000000000000000000000000000000000000000000000000000000000000000000000000000000000000000000000000000000000000000000000000000000000000000000000000000000e+13 1.822407611176191576426422663765558163853272855782342096088046665668526916490023894230418118837586480763434374407757820266321737782282091417078818374199815975858612022930457478687773599456619530205434508271096266215706538850961045741193732850752884859580194435034722747929519481869009556441200000000000e-289
2.287679245496100000000000000000000000000000000000000000000000000000000000000000000000000000000000000000000000000000000000000000000000000000000000000000000000000000000000000000000000000000000000000000000000000000000000000000000000000000000000000000000000000000000000000000000000000000000000000000000000e+14 1.414755864877178206196134195942942171845388096044051041232119831179168092269165084260047576614825667056684190026107773595688348965453188831900590348718066365410638655171592529539089827098931614414354309629592240427626138734136991202167703398139851756868109548325332291217176794229747760725200000000000e-289
6.863037736488300000000000000000000000000000000000000000000000000000000000000000000000000000000000000000000000000000000000000000000000000000000000000000000000000000000000000000000000000000000000000000000000000000000000000000000000000000000000000000000000000000000000000000000000000000000000000000000000e+14 2.185675551409830999187330722305900620376699425446351011698299676361572751106761152032752113794288533360947823426996458864640071599486151916951882659862122572648130172520089627341869447368154466283089534841742459383217375794425272575518133356863784277727928370865473612457971655108562984464800000000000e-289
2.058911320946490000000000000000000000000000000000000000000000000000000000000000000000000000000000000000000000000000000000000000000000000000000000000000000000000000000000000000000000000000000000000000000000000000000000000000000000000000000000000000000000000000000000000000000000000000000000000000000000e+15 1.665742504101668618951449891823521796744895609184916294344635035710127958382735406839398737674969751371836111503491719497109005821712796611193811170562824675980799419034358138999548652043859811913056613049025562868343409657806087784158262057146493384614379425054262698228762313614086222480600000000000e-289
6.176733962839470000000000000000000000000000000000000000000000000000000000000000000000000000000000000000000000000000000000000000000000000000000000000000000000000000000000000000000000000000000000000000000000000000000000000000000000000000000000000000000000000000000000000000000000000000000000000000000000e+15 2.033271948134739826296936518006344869059809292831081882781935987698492372073965710733027709061831096092781455902402491694432266137810456356889391006589963909876002072163939833755006978837960521619193225053410756738848253257382819067324959546353618665085368353854446664586263306151874197725100000000000e-289
