1.000000000000000000000000000000000000000000000000000000000000000000000000000000000000000000000000000000000000000000000000000000000000000000000000000000000000000000000000000000000000000000000000000000000000000000000000000000000000000000000000000000000000000000000000000000000000000000000000000000000000e+01 3.154859747670481634705294854278507270144635183525967107739088120498668727866365864995854262015001620938789022014081050717490468020237495005410281462257631072475196998694767767977538977807589559439486836190923536191408059015081516225893666103465758238385616707905516154885726125461809931434800000000000e-74
3.000000000000000000000000000000000000000000000000000000000000000000000000000000000000000000000000000000000000000000000000000000000000000000000000000000000000000000000000000000000000000000000000000000000000000000000000000000000000000000000000000000000000000000000000000000000000000000000000000000000000e+01 1.643607915462982253105204891088489439536792285454335426750472891118834709295873421104611643479370956916205260192742274471064272884093985003521497219757617692292498406467614280324415085429993422989972594028857523510345143568498275622479273973925323728642822060030521810652380486876350779114800000000000e-73
9.000000000000000000000000000000000000000000000000000000000000000000000000000000000000000000000000000000000000000000000000000000000000000000000000000000000000000000000000000000000000000000000000000000000000000000000000000000000000000000000000000000000000000000000000000000000000000000000000000000000000e+01 1.022486434763763791692794248762544393218687849329879638603486028278195393484444671269801309580375668071401032386983253409217692635627107070957659612875708535039982838558233482511462487416183649143656649591054332362879395082930368145611335650129219399282787968000272505394713423079091632130300000000000e-72
2.700000000000000000000000000000000000000000000000000000000000000000000000000000000000000000000000000000000000000000000000000000000000000000000000000000000000000000000000000000000000000000000000000000000000000000000000000000000000000000000000000000000000000000000000000000000000000000000000000000000000e+02 5.361793141536910937641019878970565061284449732236293200280695356343893027751150577738663074935741554264749712500611798698896430561719437715936973252788825863397695855581066315225620812781863979518723520239523683310542028379794964452099793357418578629461274273460864640179607472712698554611700000000000e-72
8.100000000000000000000000000000000000000000000000000000000000000000000000000000000000000000000000000000000000000000000000000000000000000000000000000000000000000000000000000000000000000000000000000000000000000000000000000000000000000000000000000000000000000000000000000000000000000000000000000000000000e+02 3.795270971576001628677211213628250729079856083216985749102076496245393052680612802571684879081329525897968031327160548287575842934378113071490826229597091890821456611834147226162487473503369655442773971528737125661280643803691914388453853122066688233196798146528815754262231502214386455993900000000000e-71
2.430000000000000000000000000000000000000000000000000000000000000000000000000000000000000000000000000000000000000000000000000000000000000000000000000000000000000000000000000000000000000000000000000000000000000000000000000000000000000000000000000000000000000000000000000000000000000000000000000000000000e+03 2.416828444994949188276527669493724950209800296774751441050390010473933863425823583587327594651651956110778554413649744949389581155973331930129719089594768401977303945701059352052551089316939795878888386160280053194583365893921631626833209307534542159071377180005195799892213815321731385941200000000000e-70
7.290000000000000000000000000000000000000000000000000000000000000000000000000000000000000000000000000000000000000000000000000000000000000000000000000000000000000000000000000000000000000000000000000000000000000000000000000000000000000000000000000000000000000000000000000000000000000000000000000000000000e+03 1.569117479376768015537540679435176211636364652799113794053940309284171789967438665294323976247083093160775724885866560537914872218770025668810316482354007280783613041609770187529134986376757466776344139791774243020337715306560518091827554331814935427890354374502153518784306769686493975449500000000000e-69
2.187000000000000000000000000000000000000000000000000000000000000000000000000000000000000000000000000000000000000000000000000000000000000000000000000000000000000000000000000000000000000000000000000000000000000000000000000000000000000000000000000000000000000000000000000000000000000000000000000000000000e+04 1.010218961955923418336675696936891583998896637624277754429864896527384274723975644507742478870440402520529711990921807121756235187736870136978388976373481465322037436619467145114125787439986816523192713870281887181998338607739784893562702693049109134036759500894686445238999971238713692410700000000000e-68
6.561000000000000000000000000000000000000000000000000000000000000000000000000000000000000000000000000000000000000000000000000000000000000000000000000000000000000000000000000000000000000000000000000000000000000000000000000000000000000000000000000000000000000000000000000000000000000000000000000000000000e+04 6.940701039147748969547377065792236714531397437792033759951269967196203299625002305826538720617431172446203195618250507060086875813965020214856350892909496979121301620388897222927927947665177155719361273283798797259337033866592395311580885523125943474189494308864730970382109406270000019464100000000000e-68
1.968300000000000000000000000000000000000000000000000000000000000000000000000000000000000000000000000000000000000000000000000000000000000000000000000000000000000000000000000000000000000000000000000000000000000000000000000000000000000000000000000000000000000000000000000000000000000000000000000000000000e+05 5.446865809103833930715476270091515532594087077043777346762385950895853724459723129146950608506446413094226284078492649917495523358864341347973010269584255403552337540000148863656694521195596530312927922290786231687461520685356796561087709041784517609707056979355133507241439725396432555931200000000000e-67
5.904900000000000000000000000000000000000000000000000000000000000000000000000000000000000000000000000000000000000000000000000000000000000000000000000000000000000000000000000000000000000000000000000000000000000000000000000000000000000000000000000000000000000000000000000000000000000000000000000000000000e+05 3.650683082405829665992118608812256691949097285089946710291016465955887106189758513025576965652403724520483846731601991277365560834104554420962042154449276915398881109570102111918219219854216965919632165274653526460447890970415731370982100244201742703048958505477610718615283239924688413269200000000000e-66
1.771470000000000000000000000000000000000000000000000000000000000000000000000000000000000000000000000000000000000000000000000000000000000000000000000000000000000000000000000000000000000000000000000000000000000000000000000000000000000000000000000000000000000000000000000000000000000000000000000000000000e+06 2.730496345912614883323618054062663858468101917227047004670650062500358733344950625385140461467686415153837387745279020656217624645988304733974663814336970435077327240488140414447451215561865648260749408375519232311389101344095580185083863377180134390525163986890496997659955257045546467708900000000000e-65
5.314410000000000000000000000000000000000000000000000000000000000000000000000000000000000000000000000000000000000000000000000000000000000000000000000000000000000000000000000000000000000000000000000000000000000000000000000000000000000000000000000000000000000000000000000000000000000000000000000000000000e+06 2.350583736957736670686840029567764871194155811564470554160970724561762931894464518714935732721977503685834238331651737243315812321132175325630852624957002487479280570291673085127131812856630917410761334444354547145194981628065543209409719367413989408910254908969638065024270729915945332331000000000000e-64
1.594323000000000000000000000000000000000000000000000000000000000000000000000000000000000000000000000000000000000000000000000000000000000000000000000000000000000000000000000000000000000000000000000000000000000000000000000000000000000000000000000000000000000000000000000000000000000000000000000000000000e+07 1.834067033755440772701919353433947431465964955252938555228584210768985463362571677982711362251819897728657673712269103113215727177669199478584672370279223160579457412929182309507643167941788847997542842273033620053485978743135891236652535454459065533670017605767851046354143023248287681019700000000000e-63
4.782969000000000000000000000000000000000000000000000000000000000000000000000000000000000000000000000000000000000000000000000000000000000000000000000000000000000000000000000000000000000000000000000000000000000000000000000000000000000000000000000000000000000000000000000000000000000000000000000000000000e+07 1.434831678806360821255977844926082442203176449982420627081075409183998299361953689695550859911017834480695651842362384041994857071085773284851581654405065165946489451257653768673631708486182021724140338746836481609779918547491130848283826206909266384788483099969540715041159400978120856759400000000000e-62
1.434890700000000000000000000000000000000000000000000000000000000000000000000000000000000000000000000000000000000000000000000000000000000000000000000000000000000000000000000000000000000000000000000000000000000000000000000000000000000000000000000000000000000000000000000000000000000000000000000000000000e+08 1.225978445801896033279293169728628571330018752201746569028412316434442349906938679853304157094730043583531395158940420291716903295241846790334787309598729029843999162351097721235919058472314729320928113014707911368042224948765575688904922806627216428881827027974789115314713132746069670976800000000000e-61
4.304672100000000000000000000000000000000000000000000000000000000000000000000000000000000000000000000000000000000000000000000000000000000000000000000000000000000000000000000000000000000000000000000000000000000000000000000000000000000000000000000000000000000000000000000000000000000000000000000000000000e+08 9.807226550134810224412548371317560676559772849462539873892284447346518862989954548190292133439184263892308903336831393759657037294014207251834258281678703181717159245446640479530499413553727600527402886714487345608019710589196532113698225299315002654118771350549926127447039605309292136148500000000000e-61
1.291401630000000000000000000000000000000000000000000000000000000000000000000000000000000000000000000000000000000000000000000000000000000000000000000000000000000000000000000000000000000000000000000000000000000000000000000000000000000000000000000000000000000000000000000000000000000000000000000000000000e+09 7.563804402223296534852850955038148832909648894587354735212495850691938676160398428948455132555024209104663935801344290327069848826712048164883370392187898677449304922722569650768810557862086176452826720434886358071614250181469204890588359621901453051847144030395396749086883212455905381606600000000000e-60
3.874204890000000000000000000000000000000000000000000000000000000000000000000000000000000000000000000000000000000000000000000000000000000000000000000000000000000000000000000000000000000000000000000000000000000000000000000000000000000000000000000000000000000000000000000000000000000000000000000000000000e+09 6.130569141016667226961913176973018005558406523687034450083325288365809210646205722833290278914176861451246483639003090161036931094259637914830939575958808497151480124714032441436588611074581328229799851622502465608229726066126470225292749440186807347692084240407183039473307849967721513719700000000000e-59
1.162261467000000000000000000000000000000000000000000000000000000000000000000000000000000000000000000000000000000000000000000000000000000000000000000000000000000000000000000000000000000000000000000000000000000000000000000000000000000000000000000000000000000000000000000000000000000000000000000000000000e+10 4.407320794418049994683146919898273227297451429051261360565583031037760458888522038888788861626921145818991812667978018187377249774300309083549076278889735015853493550706701415514425185197888921549101500483211884963780280648365917307243870226768442732749151523105426780487735453378024747022100000000000e-58
3.486784401000000000000000000000000000000000000000000000000000000000000000000000000000000000000000000000000000000000000000000000000000000000000000000000000000000000000000000000000000000000000000000000000000000000000000000000000000000000000000000000000000000000000000000000000000000000000000000000000000e+10 2.378584512809455258267663798758864352885046272929037996087131667732390769170386466941659956973084417779695839664456781164502752329437519471888880583356349985029021563035708209098292510042040688263781450777649608095556683751395000446470247595341233943802157088588906436921862130989189316537600000000000e-57
1.046035320300000000000000000000000000000000000000000000000000000000000000000000000000000000000000000000000000000000000000000000000000000000000000000000000000000000000000000000000000000000000000000000000000000000000000000000000000000000000000000000000000000000000000000000000000000000000000000000000000e+11 1.438166283486301067951861067038425486673571575109749699519199445525638216348457255682994777255756190793455230940809321115960135109135761705028564356041068305652456285940957230573726399114746449960193166920743828466069368353588390303603299658354230336603284513242061656678052667267221998164500000000000e-58
3.138105960900000000000000000000000000000000000000000000000000000000000000000000000000000000000000000000000000000000000000000000000000000000000000000000000000000000000000000000000000000000000000000000000000000000000000000000000000000000000000000000000000000000000000000000000000000000000000000000000000e+11 7.626198845682724674358662007839447914298919611847402033426815911781487712129691406499480607338591473400755304725711791951056405739495924246234459492771156023660605802007311940364786588092291179012927735290412531950543831866090189739886162454715676112717328420196443667809630463703050313083500000000000e-58
9.414317882700000000000000000000000000000000000000000000000000000000000000000000000000000000000000000000000000000000000000000000000000000000000000000000000000000000000000000000000000000000000000000000000000000000000000000000000000000000000000000000000000000000000000000000000000000000000000000000000000e+11 2.182690160888446467783834088481840456541413300622445480237434118522028732070129116029696673674864978186705229361239097879796975076850268106976691987217886402178112460037200471555287321269729946875144667166141510263357609702542580960704421175096534117806142515944739049942150108426415728316800000000000e-57
2.824295364810000000000000000000000000000000000000000000000000000000000000000000000000000000000000000000000000000000000000000000000000000000000000000000000000000000000000000000000000000000000000000000000000000000000000000000000000000000000000000000000000000000000000000000000000000000000000000000000000e+12 1.384217643628549160587240953163492577060289219798138472579488615969894464585791189715653178376067621804939138227499925444581830305132734101783413179497087717187588520905984697055737395558989835437363603842579787820537516108998107451768472038951957781628530213124584331968371089962302309146100000000000e-58
8.472886094430000000000000000000000000000000000000000000000000000000000000000000000000000000000000000000000000000000000000000000000000000000000000000000000000000000000000000000000000000000000000000000000000000000000000000000000000000000000000000000000000000000000000000000000000000000000000000000000000e+12 1.915819096994761311366857008164943748699199751269512447528865296407969870077188546464144437784372941545153416097167557206850589521214794308849755708369317077234872581203668253401481439924623053370709167546781301130579884011141282646734785714507226388010981601337300517677604233948862476584600000000000e-58
2.541865828329000000000000000000000000000000000000000000000000000000000000000000000000000000000000000000000000000000000000000000000000000000000000000000000000000000000000000000000000000000000000000000000000000000000000000000000000000000000000000000000000000000000000000000000000000000000000000000000000e+13 1.771686784145952777960076706998116872431550576372985289471287045445089074022200565661247353906584171649063837888929978918396068987895692437665181864240922491746462533543953481586743783851526622714034618923959571926436969142819230565587433798099101221505699708045142869651630895454160363707200000000000e-58
7.625597484987000000000000000000000000000000000000000000000000000000000000000000000000000000000000000000000000000000000000000000000000000000000000000000000000000000000000000000000000000000000000000000000000000000000000000000000000000000000000000000000000000000000000000000000000000000000000000000000000e+13 5.815054867311720528571117483606706047427022583777586539047082843306271122901965222051845581033932992055492790898775589124676687222430175518648777546614754995808614176561475675196107361784384700269908950248094264905117524181711122022712264742496293297163311474626088471917735566049426209980700000000000e-58
2.287679245496100000000000000000000000000000000000000000000000000000000000000000000000000000000000000000000000000000000000000000000000000000000000000000000000000000000000000000000000000000000000000000000000000000000000000000000000000000000000000000000000000000000000000000000000000000000000000000000000e+14 1.553600944230577111792754937407818781737895406758413507124762694203381777313304973370618251603276767588203923397832419161748643321570824298400649284094568757732918439263048403856357882754693787748921523931402680747826371690315040680535378281665455305786441005250072621275880657237276224925600000000000e-57
6.863037736488300000000000000000000000000000000000000000000000000000000000000000000000000000000000000000000000000000000000000000000000000000000000000000000000000000000000000000000000000000000000000000000000000000000000000000000000000000000000000000000000000000000000000000000000000000000000000000000000e+14 7.889268418171681785341847975975232139036983291051054795142675632326309349835817985778830424435156295879387974739721974814885426268354386678696801072122855992144230267432264598157343715446844270150795580357325079257916995671049686278477532088903460650607935006341990957397184393205660367730500000000000e-59
2.058911320946490000000000000000000000000000000000000000000000000000000000000000000000000000000000000000000000000000000000000000000000000000000000000000000000000000000000000000000000000000000000000000000000000000000000000000000000000000000000000000000000000000000000000000000000000000000000000000000000e+15 1.741671901891230783784347848616091167341041389670984344097992343781959956336151627403566334168899729299313323593072122162146731251952525631444781954851374056124809224343128462805329612576299829439161013738217768114019775343538988925991025000920516500026126808739211252392481657615510296374600000000000e-58
6.176733962839470000000000000000000000000000000000000000000000000000000000000000000000000000000000000000000000000000000000000000000000000000000000000000000000000000000000000000000000000000000000000000000000000000000000000000000000000000000000000000000000000000000000000000000000000000000000000000000000e+15 1.079427723422694747694946136559720677816561039118994833752601719133416284457946280679695048342775594122101710988750486079604670443615504886819328098526756424651090312022129944805828399875167474450490035092471134244204300738033552702172982662425786114269120997791633365075604086940408619305600000000000e-58
