1.000000000000000000000000000000000000000000000000000000000000000000000000000000000000000000000000000000000000000000000000000000000000000000000000000000000000000000000000000000000000000000000000000000000000000000000000000000000000000000000000000000000000000000000000000000000000000000000000000000000000e+00 1.340158505159472576916391805473623255457710976706449444625098746037741720458129506224379798263011204497984364096473598352121852645518161315479274368887879619873415241679660607412678636662765863930258415311028304587316850985129641483566410126228637397748609518319714339055271046692316023079900000000000e-02
3.000000000000000000000000000000000000000000000000000000000000000000000000000000000000000000000000000000000000000000000000000000000000000000000000000000000000000000000000000000000000000000000000000000000000000000000000000000000000000000000000000000000000000000000000000000000000000000000000000000000000e+00 1.194103649315486081478287782847625895521402062053466517016731834199473277294059040418544664693271670536099651875386037328791995748843866809012182665243334097383092079523137025942460783140439313739689351670207985578638779562997303777147759221962306363855931722774107457172686406074651167189100000000000e-02
9.000000000000000000000000000000000000000000000000000000000000000000000000000000000000000000000000000000000000000000000000000000000000000000000000000000000000000000000000000000000000000000000000000000000000000000000000000000000000000000000000000000000000000000000000000000000000000000000000000000000000e+00 1.171991658667176027842707172158273049498201077040590910409831768322134580196144145044096276570632217941832652620534170593687653909449641389243496006718325069844935336974896285499955814652733470812695362546534671994159423673779040818161956459590516312385007978317086051016469547864635940747400000000000e-02
2.700000000000000000000000000000000000000000000000000000000000000000000000000000000000000000000000000000000000000000000000000000000000000000000000000000000000000000000000000000000000000000000000000000000000000000000000000000000000000000000000000000000000000000000000000000000000000000000000000000000000e+01 7.170360793093447035291060152755757560979303526877391108509879842879647664498868247155837351781887573237569899774972757708334191453340818498368012347572469682235590877793887566966098379418828359475874827034310592079068972641551026386594731561324613093793282850821210221259565162722233664848300000000000e-03
8.100000000000000000000000000000000000000000000000000000000000000000000000000000000000000000000000000000000000000000000000000000000000000000000000000000000000000000000000000000000000000000000000000000000000000000000000000000000000000000000000000000000000000000000000000000000000000000000000000000000000e+01 1.424869947920341776441518399088405660387932648817029815945476224772762317025286970101058185660353014321185523379014300062008886330066225288291964193771561186115416028289318563763679784654022862450024501359231867012526812466063382650192411117566662458431535904413620143836203764404419997855200000000000e-02
2.430000000000000000000000000000000000000000000000000000000000000000000000000000000000000000000000000000000000000000000000000000000000000000000000000000000000000000000000000000000000000000000000000000000000000000000000000000000000000000000000000000000000000000000000000000000000000000000000000000000000e+02 8.314934026808610206685656078471614841193267192792043365803679193560494512197943867349011620865513279097531523466214716587755008498473408674992633639372865692267743217617046877606128314194430039125886188740420779629165808554750239557643212506694726622428489781430542076456486597500991043722500000000000e-03
7.290000000000000000000000000000000000000000000000000000000000000000000000000000000000000000000000000000000000000000000000000000000000000000000000000000000000000000000000000000000000000000000000000000000000000000000000000000000000000000000000000000000000000000000000000000000000000000000000000000000000e+02 1.506021149664506541618856427638021422560329626731326877849479334565963825154531713170569034917766472036638294618364429932705766853096106004983589515444070667828800238932023917789841178353191423331878428769839890179230413490066826635438670763267946242521368665723875370801167531099528799857600000000000e-02
2.187000000000000000000000000000000000000000000000000000000000000000000000000000000000000000000000000000000000000000000000000000000000000000000000000000000000000000000000000000000000000000000000000000000000000000000000000000000000000000000000000000000000000000000000000000000000000000000000000000000000e+03 6.076483744335061015779849008048955937487822369889138411012513281357512273862739393062947806413741845756686832806508401129515640028889311539254992938601080576034863766209011472088195698196924389741057490206162156772065373230307529907839153917152036163953866845166205627138069003800763163425300000000000e-03
6.561000000000000000000000000000000000000000000000000000000000000000000000000000000000000000000000000000000000000000000000000000000000000000000000000000000000000000000000000000000000000000000000000000000000000000000000000000000000000000000000000000000000000000000000000000000000000000000000000000000000e+03 1.029172040067186383788454372502623569432296251822522744938226947662400348487596028523697232035350897384098756315552272727596652213346972112795256343711310825481606112712035856401238883219322126785007944098410468443935962764883860386926586028867782220897574843104390971457297342926034644287500000000000e-02
1.968300000000000000000000000000000000000000000000000000000000000000000000000000000000000000000000000000000000000000000000000000000000000000000000000000000000000000000000000000000000000000000000000000000000000000000000000000000000000000000000000000000000000000000000000000000000000000000000000000000000e+04 1.565535817531640809639797364080081492841747137850899334102145082020636930509900833380652670861627702309647553716317694442970081059787406895982584180439997892718153515103880451005356152788964056623032316125330135520915684234023834653195642681391063391668175934671380977039237506409497356091700000000000e-02
5.904900000000000000000000000000000000000000000000000000000000000000000000000000000000000000000000000000000000000000000000000000000000000000000000000000000000000000000000000000000000000000000000000000000000000000000000000000000000000000000000000000000000000000000000000000000000000000000000000000000000e+04 2.090591792510971712261822584821728735231119410210186827463898916575906793658021229856832875551006717217978973222799297649346114298001329569973393720153905202092165808379051073884301883961312377343251956065654492417440740489973799527197988682563123881553369726204248062348174188002298540028300000000000e-02
1.771470000000000000000000000000000000000000000000000000000000000000000000000000000000000000000000000000000000000000000000000000000000000000000000000000000000000000000000000000000000000000000000000000000000000000000000000000000000000000000000000000000000000000000000000000000000000000000000000000000000e+05 1.191376687172564980255530992676986207939842949193428796205023505790117149310130217080253310544933976846011197366559307239041920348374214164586123468313037261692453395951109550748920047992353669659179039767887541922666165678401250139123398180589405507683432469830395322359594056631121906239600000000000e-02
5.314410000000000000000000000000000000000000000000000000000000000000000000000000000000000000000000000000000000000000000000000000000000000000000000000000000000000000000000000000000000000000000000000000000000000000000000000000000000000000000000000000000000000000000000000000000000000000000000000000000000e+05 4.841359312231642489499266575220811732130605319748088997126510439789046542429786068177436730427795165385670970167000567770507631272399273653146644564757721753865820192971633903875159291486557781940917007983827200932927595846380670016161266363439654131171648567850238220353015501970733920903700000000000e-03
1.594323000000000000000000000000000000000000000000000000000000000000000000000000000000000000000000000000000000000000000000000000000000000000000000000000000000000000000000000000000000000000000000000000000000000000000000000000000000000000000000000000000000000000000000000000000000000000000000000000000000e+06 1.007756063714166220980329522082395373212387658782386089678617714795963264640322929405951825848055590574877028225200532895284434412811807694077512479259274214000597248566831795022766258684496531450647812979228252533714877337678949999469994248181831893834877394614197382959022756721201400912500000000000e-02
4.782969000000000000000000000000000000000000000000000000000000000000000000000000000000000000000000000000000000000000000000000000000000000000000000000000000000000000000000000000000000000000000000000000000000000000000000000000000000000000000000000000000000000000000000000000000000000000000000000000000000e+06 9.836702668113195611317424131541484549849351550326019703167194463879180537668917111304391277255387313205646155212798863352251147940110179901066720364805286336160850154191660499619076062376588860009541722098603128983634117564534785854928769128601397321965510118603106292440891582301550051981400000000000e-03
1.434890700000000000000000000000000000000000000000000000000000000000000000000000000000000000000000000000000000000000000000000000000000000000000000000000000000000000000000000000000000000000000000000000000000000000000000000000000000000000000000000000000000000000000000000000000000000000000000000000000000e+07 1.085770377394433488755240703275966174663361096014989461231721356416147174703267674204660231601470351506557438390322505558727758528517016685256648380695761477394608891624071839781821359619434081534291007725149199044589543051167398395849388817458039181242662681383526078228387314501392453316900000000000e-02
4.304672100000000000000000000000000000000000000000000000000000000000000000000000000000000000000000000000000000000000000000000000000000000000000000000000000000000000000000000000000000000000000000000000000000000000000000000000000000000000000000000000000000000000000000000000000000000000000000000000000000e+07 1.542543479906505767199969635640729521958556895899006911393271066181661947263736872327674086822826199111210255111520554007879857282297271491523169245950237529815601659018892037920570812747083307546027749159448227544925049198950144144207532003440346637390935348137902471784888068206912796315000000000000e-02
1.291401630000000000000000000000000000000000000000000000000000000000000000000000000000000000000000000000000000000000000000000000000000000000000000000000000000000000000000000000000000000000000000000000000000000000000000000000000000000000000000000000000000000000000000000000000000000000000000000000000000e+08 1.243317634404736514939617171865053083426421597518164194101881023527901782430982682942745630257177222501822571278393761415409145474257826659041825888902476946398438292161074638318091868395937072960073960001144080967171075593153080904562182696145961806281543137764527788969523293699177460829400000000000e-02
3.874204890000000000000000000000000000000000000000000000000000000000000000000000000000000000000000000000000000000000000000000000000000000000000000000000000000000000000000000000000000000000000000000000000000000000000000000000000000000000000000000000000000000000000000000000000000000000000000000000000000e+08 1.317779016766271967375300196006042361420101918733929237837214165216350969999482824117374733170362671742200097117303040664484503320712186308160278810652858884465641655961498780380639372774116882666311015984845906713010474756413720329056934057113264377569957942880081459116503187740156441648200000000000e-02
1.162261467000000000000000000000000000000000000000000000000000000000000000000000000000000000000000000000000000000000000000000000000000000000000000000000000000000000000000000000000000000000000000000000000000000000000000000000000000000000000000000000000000000000000000000000000000000000000000000000000000e+09 7.707571939694007437888456200567274653358762630806887849036658468493950287098855189147732995039673850020844320888058699674418927993077973384130442590193326002039179367613654432080547273744362840190327178803767151980019645962414220631807875440486150047649380342928160893390335989391648682657600000000000e-03
3.486784401000000000000000000000000000000000000000000000000000000000000000000000000000000000000000000000000000000000000000000000000000000000000000000000000000000000000000000000000000000000000000000000000000000000000000000000000000000000000000000000000000000000000000000000000000000000000000000000000000e+09 1.173608182531262626088742544986696290101524874961811276959008153560865648909629829612011213579888111248707123989197131200955603166473870164527641341746910769371821745869577340433507670108437995910701632335730868722485536713817169220129373126111175731560809208473593984989530409260969182281100000000000e-02
1.046035320300000000000000000000000000000000000000000000000000000000000000000000000000000000000000000000000000000000000000000000000000000000000000000000000000000000000000000000000000000000000000000000000000000000000000000000000000000000000000000000000000000000000000000000000000000000000000000000000000e+10 4.073018991362693061488470689610120095926637078775174121196583844564890549487083476187097633056965903227079379017882677256181218635637146962896277804477087047469274451891393111952245451144685495217337200965887057827858225320527655034108368972951131946533432652239798110833013541177890219455100000000000e-03
3.138105960900000000000000000000000000000000000000000000000000000000000000000000000000000000000000000000000000000000000000000000000000000000000000000000000000000000000000000000000000000000000000000000000000000000000000000000000000000000000000000000000000000000000000000000000000000000000000000000000000e+10 6.800296618911564477779523802832122185467880072652743183468663259821061899435312152373706446785120095927617508441425777881848733171902833049286609970482114298772704624061718788626701044456073202797193011856294818135297551564892563725296171297797386366263194240405606269793384523267866981295800000000000e-03
9.414317882700000000000000000000000000000000000000000000000000000000000000000000000000000000000000000000000000000000000000000000000000000000000000000000000000000000000000000000000000000000000000000000000000000000000000000000000000000000000000000000000000000000000000000000000000000000000000000000000000e+10 1.880944895286925300810108415424630085206775664406694690962680808319721981774204429800736118857304223766969118049639788413700295928486278699621865368745194089885923599968737935109435894182997076999440588554500385209474883642732916666508684444489920215256022832652110175510928570086513348886500000000000e-02
2.824295364810000000000000000000000000000000000000000000000000000000000000000000000000000000000000000000000000000000000000000000000000000000000000000000000000000000000000000000000000000000000000000000000000000000000000000000000000000000000000000000000000000000000000000000000000000000000000000000000000e+11 6.419544305760214794321316513382246172039133450183748160908257773138626694690740745253547103446912995612271264943411318911809602402798577778929213394151021663815635865762799665592160463838648924311328800434075935079363054651942267936332356078351876839076427331771671221256391014600026951967800000000000e-03
8.472886094430000000000000000000000000000000000000000000000000000000000000000000000000000000000000000000000000000000000000000000000000000000000000000000000000000000000000000000000000000000000000000000000000000000000000000000000000000000000000000000000000000000000000000000000000000000000000000000000000e+11 1.925101563401684669557725146794060881980980115617354571482140507881013445705849020065671977281491118525132661339042842901482489540584848144863503956619377119690756128728332634413239687810725901864505659246173466251540908889907996638879806409634622274527775078927488884163602634812587666532900000000000e-02
2.541865828329000000000000000000000000000000000000000000000000000000000000000000000000000000000000000000000000000000000000000000000000000000000000000000000000000000000000000000000000000000000000000000000000000000000000000000000000000000000000000000000000000000000000000000000000000000000000000000000000e+12 1.122349601100639271306332250711424456532908138468769133384457501954690104738154040282638752457603296928815333029100086082746067350464293486440566027294069341801839089182557577778146205797801752585237289800236556387610149303326741353224244204684776398977555972334159202068603957196837423762400000000000e-02
7.625597484987000000000000000000000000000000000000000000000000000000000000000000000000000000000000000000000000000000000000000000000000000000000000000000000000000000000000000000000000000000000000000000000000000000000000000000000000000000000000000000000000000000000000000000000000000000000000000000000000e+12 1.094270783207766619861431650380605289545889842687211220265626563795278441525829842386320655159149078648734314789847621073066369950204722854879990493244010096196866358034457911393903095244026798940391897947525275760624263084049866610870331361280117856085419562710664674348578568962298060442000000000000e-02
2.287679245496100000000000000000000000000000000000000000000000000000000000000000000000000000000000000000000000000000000000000000000000000000000000000000000000000000000000000000000000000000000000000000000000000000000000000000000000000000000000000000000000000000000000000000000000000000000000000000000000e+13 5.839910836833790595004644596407022262833332799601655929479060103156261639096913800716082627107465326796524816814167713049005648453892365581567300132192993953641538291643490616688465358215230346812697457909212009866008128614017979502186568797751509496481838267433135758184673464930675963780600000000000e-03
6.863037736488300000000000000000000000000000000000000000000000000000000000000000000000000000000000000000000000000000000000000000000000000000000000000000000000000000000000000000000000000000000000000000000000000000000000000000000000000000000000000000000000000000000000000000000000000000000000000000000000e+13 6.671197592920304822705434393557307123222859962175530699795377718372220323543758176113500106884092488298130826156755764662944005098897038656937091666758102622989622870553903158215242789240491354062250821419762799240040915145509987247092838598644733238309939720505575113657644703282300615884300000000000e-03
2.058911320946490000000000000000000000000000000000000000000000000000000000000000000000000000000000000000000000000000000000000000000000000000000000000000000000000000000000000000000000000000000000000000000000000000000000000000000000000000000000000000000000000000000000000000000000000000000000000000000000e+14 5.186756973046004658934536373739059314035621968097721419708192840128335096747440780809461421152016672651022560703035496499670330956262389293901850756535484188357646522056842938680152664260467133325477165875620486000785864189999121636185804726456547130307567623750945002160657299456672170375900000000000e-03
6.176733962839470000000000000000000000000000000000000000000000000000000000000000000000000000000000000000000000000000000000000000000000000000000000000000000000000000000000000000000000000000000000000000000000000000000000000000000000000000000000000000000000000000000000000000000000000000000000000000000000e+14 1.630914388113902685834012413922419467706291380504853566354113445330365832936952770594799604512144658905725692898794314883322952434493245391855407127503777234658724293044440012440041465930732465360027534480653759690879746387245207889568907258734118582817947055932431756979096114452094037402500000000000e-02
1.853020188851841000000000000000000000000000000000000000000000000000000000000000000000000000000000000000000000000000000000000000000000000000000000000000000000000000000000000000000000000000000000000000000000000000000000000000000000000000000000000000000000000000000000000000000000000000000000000000000000e+15 5.734173904468267777823431192995085812927377984819659616574858068547924879830348766241264588908716398078735309551638761880797531254915060698468349090585049034133504143469964623736521015908509146237025723738920144994224294693873337070256393890770223614222757887826867297391324696855916150322600000000000e-03
5.559060566555523000000000000000000000000000000000000000000000000000000000000000000000000000000000000000000000000000000000000000000000000000000000000000000000000000000000000000000000000000000000000000000000000000000000000000000000000000000000000000000000000000000000000000000000000000000000000000000000e+15 1.228875598404238985420290282439563750106736972302478039647193964200331323686084327270338231897894852402443723044577489287298405935628941879754824131008330565387187404455102202123691436110388138915261933385434423773344093608364645184003953727936730048472853247001941580195512441629295217204200000000000e-02
