1.000000000000000000000000000000000000000000000000000000000000000000000000000000000000000000000000000000000000000000000000000000000000000000000000000000000000000000000000000000000000000000000000000000000000000000000000000000000000000000000000000000000000000000000000000000000000000000000000000000000000e+01 1.656643305874487845994806681922314480217957527873995727805229234477477947176914251218026405724772631670590239032330743090310668979004534582658905945560070239598903007759009046097282712646127601022716376277678856263950122643107894092184932248727394099339852679863772823756285933835909774622300000000000e-07
3.000000000000000000000000000000000000000000000000000000000000000000000000000000000000000000000000000000000000000000000000000000000000000000000000000000000000000000000000000000000000000000000000000000000000000000000000000000000000000000000000000000000000000000000000000000000000000000000000000000000000e+01 3.111600974612155172877239838749222475688073584471582781715926344829261299577754341555078320952097921823161570686372556659945571109718272712508679398375611471500301165226473008526642274316490858305166467608058871588953284634747045074212849927708923211431367486467973800578100529525804595522000000000000e-07
9.000000000000000000000000000000000000000000000000000000000000000000000000000000000000000000000000000000000000000000000000000000000000000000000000000000000000000000000000000000000000000000000000000000000000000000000000000000000000000000000000000000000000000000000000000000000000000000000000000000000000e+01 6.315476142581542630428852585074543419138380137634691581520629432003104648233877743362763044673652458913284174641198377544140276400540493502144382306707740540033141252292366220957086469310198103345302454179886149169294603726624199678998280002765257923726551338145785061264347480316940624833900000000000e-07
2.700000000000000000000000000000000000000000000000000000000000000000000000000000000000000000000000000000000000000000000000000000000000000000000000000000000000000000000000000000000000000000000000000000000000000000000000000000000000000000000000000000000000000000000000000000000000000000000000000000000000e+02 1.027131588702146067713315521590174434983697161248895239748961594428384683641767269204735063361504183702792243724279771835656021524318769102478381704441185122631421312850426160633531897226807966450823313737369611254743501553762114242439958894131942167008464629065842564096965367560544382540700000000000e-06
8.100000000000000000000000000000000000000000000000000000000000000000000000000000000000000000000000000000000000000000000000000000000000000000000000000000000000000000000000000000000000000000000000000000000000000000000000000000000000000000000000000000000000000000000000000000000000000000000000000000000000e+02 5.203557777450014821562792005468150374513564149975889388794799544912825531544717548337029340850173231439642802407331354372881482998526422726671520298202390229222485228201305142131632209725309597173390220842607796950817095054480711510341859138461701131410341946482958909519840677926189025360800000000000e-06
2.430000000000000000000000000000000000000000000000000000000000000000000000000000000000000000000000000000000000000000000000000000000000000000000000000000000000000000000000000000000000000000000000000000000000000000000000000000000000000000000000000000000000000000000000000000000000000000000000000000000000e+03 2.541083862325908775404105026015824044416277731560430495399616680231285594244029035783566704954248529871877339017068335615706873509313650901891399346380690980713834735369404505652372913746298726281752760055868987922754018475845060332677752962373227634090268021152056940170589288998623875392100000000000e-05
7.290000000000000000000000000000000000000000000000000000000000000000000000000000000000000000000000000000000000000000000000000000000000000000000000000000000000000000000000000000000000000000000000000000000000000000000000000000000000000000000000000000000000000000000000000000000000000000000000000000000000e+03 1.502164097574658182512924140882264954295162619123053094094041617492630806626080488324966549550223339299342814774755669356045300653476776068218950619569330970490862783501076112592864591774995780481323243948461975581253885004411004480680555571010335761621639394967959403273144569018978490177700000000000e-05
2.187000000000000000000000000000000000000000000000000000000000000000000000000000000000000000000000000000000000000000000000000000000000000000000000000000000000000000000000000000000000000000000000000000000000000000000000000000000000000000000000000000000000000000000000000000000000000000000000000000000000e+04 1.739104131095307299874718558779317362828236046621035524806787312877788812148789245179094477200147080350398187161448022336563937949303982849775357391195072053316298777910224688399310076037522247783839549153678368457130214679650878667116937409835235143951625751354258774684355947904404822437000000000000e-04
6.561000000000000000000000000000000000000000000000000000000000000000000000000000000000000000000000000000000000000000000000000000000000000000000000000000000000000000000000000000000000000000000000000000000000000000000000000000000000000000000000000000000000000000000000000000000000000000000000000000000000e+04 5.337794555776505527049427401795370649274897780112601502402606646549617275346094063911348437354579042431255424553436088409817551534059436792319249771063411973387011150709803084790122717802001161301600895748965231517317478363176922917558211679546260925072986733832617784157390316707781313267200000000000e-04
1.968300000000000000000000000000000000000000000000000000000000000000000000000000000000000000000000000000000000000000000000000000000000000000000000000000000000000000000000000000000000000000000000000000000000000000000000000000000000000000000000000000000000000000000000000000000000000000000000000000000000e+05 7.138145449812443305960818831684398678972246628191867095047976446838418328835399060604167708098283603351487108210993355098631153429721231475973465744081494360152419125409750161902254084779995494477374857294143720698670881182539383565116717620021458297236817353030991432496357084241046516085200000000000e-04
5.904900000000000000000000000000000000000000000000000000000000000000000000000000000000000000000000000000000000000000000000000000000000000000000000000000000000000000000000000000000000000000000000000000000000000000000000000000000000000000000000000000000000000000000000000000000000000000000000000000000000e+05 2.945744914794828019266045443453416677545624069249834236114379579229137797074057898290497584923023296516615439682189549038970046743341569462774863580011084199491699721526253963467736808207966920633189989261089194700133554180354540593399081407880004608078465265292809647425421786065028676992400000000000e-03
1.771470000000000000000000000000000000000000000000000000000000000000000000000000000000000000000000000000000000000000000000000000000000000000000000000000000000000000000000000000000000000000000000000000000000000000000000000000000000000000000000000000000000000000000000000000000000000000000000000000000000e+06 1.033985419663886496426438584949550821567213995808258677666821356890507959628562088663678045675126987971749525276849456954076688840239394650134690357207101652723054553654977305292099046807805137047932780335749788929990841090833097386932104769417330861398241147047530539998452845005008735473200000000000e-02
5.314410000000000000000000000000000000000000000000000000000000000000000000000000000000000000000000000000000000000000000000000000000000000000000000000000000000000000000000000000000000000000000000000000000000000000000000000000000000000000000000000000000000000000000000000000000000000000000000000000000000e+06 8.495360265514844107031830028404427109473135336476494754130159478421408129070615865984712449642663288609919296474544808288409201652013222194951030964043047382724547976567867346613250073067579639418072593109574737624373222186171762735242185458049681543869968260026909607069178782236260750194500000000000e-03
1.594323000000000000000000000000000000000000000000000000000000000000000000000000000000000000000000000000000000000000000000000000000000000000000000000000000000000000000000000000000000000000000000000000000000000000000000000000000000000000000000000000000000000000000000000000000000000000000000000000000000e+07 8.458684228507749002084679870040727245049594488043722559468984912907023059957037233376840050922551205235848706267771680430769225007780951080008124658795084348992283932735136068048169949713038533634252963668114025648208364030313281364753256137635554687726372308603630864980785869106063242060000000000000e-02
4.782969000000000000000000000000000000000000000000000000000000000000000000000000000000000000000000000000000000000000000000000000000000000000000000000000000000000000000000000000000000000000000000000000000000000000000000000000000000000000000000000000000000000000000000000000000000000000000000000000000000e+07 4.310590559951117417603631858361601589592669159329214419889952094169556077000578524295404498700972272164200988275437551824031240390011278119982885912408661617489555968873852321786311361300952514293031733025882623803779268565574114148054248852838232874926256783758958835526106265019632270310900000000000e-01
1.434890700000000000000000000000000000000000000000000000000000000000000000000000000000000000000000000000000000000000000000000000000000000000000000000000000000000000000000000000000000000000000000000000000000000000000000000000000000000000000000000000000000000000000000000000000000000000000000000000000000e+08 1.903110746731676133073994943283340834581610395799668176766823127682478353600607795557478473982419506360729010889352705017055276182461596742371454898732157428355461214732241475647541871508183043754440818344512410109349320158820099346134725283540094707160484527025385496256426956124744829044800000000000e-01
4.304672100000000000000000000000000000000000000000000000000000000000000000000000000000000000000000000000000000000000000000000000000000000000000000000000000000000000000000000000000000000000000000000000000000000000000000000000000000000000000000000000000000000000000000000000000000000000000000000000000000e+08 7.069564027709515670252091031410366443205815044136262850814799879645368191159849487408690624522966684158910555832702867501449159866681113837888862915513370569704155399122422301290375819178797966292912240399358751830518970031700740805090755469492181488885727784848330673037800973111026103517200000000000e-01
1.291401630000000000000000000000000000000000000000000000000000000000000000000000000000000000000000000000000000000000000000000000000000000000000000000000000000000000000000000000000000000000000000000000000000000000000000000000000000000000000000000000000000000000000000000000000000000000000000000000000000e+09 2.765080312832292614148193001620239997404873768124746846779837210184426100935368488344629974073788452015344836283220747254925880007962201378236491513147176600281024952118323795158873818702359925748124022168388806808107619116638712640162256708972074430548099482306114896338030263428815839738700000000000e-01
3.874204890000000000000000000000000000000000000000000000000000000000000000000000000000000000000000000000000000000000000000000000000000000000000000000000000000000000000000000000000000000000000000000000000000000000000000000000000000000000000000000000000000000000000000000000000000000000000000000000000000e+09 7.726390752825732965545977166737761240043592942486037254029518093255684043586488100435179638974495690739255257358126443671908712237606176825359039949069898629303808261688402170382362826362392225124422616687742900793827837889295397133447874304106996925621945155042524815255315695293501060228300000000000e-01
1.162261467000000000000000000000000000000000000000000000000000000000000000000000000000000000000000000000000000000000000000000000000000000000000000000000000000000000000000000000000000000000000000000000000000000000000000000000000000000000000000000000000000000000000000000000000000000000000000000000000000e+10 7.863928460231253614771049717835387783418934237671182029363268059049726389782615339677610060208225813452860379402663688668372970833236645229227073683650590686116664530023260782323372701700890271393701136186540224831263413348700448969024598779634664321933241106601699992466890203728936993798900000000000e-01
3.486784401000000000000000000000000000000000000000000000000000000000000000000000000000000000000000000000000000000000000000000000000000000000000000000000000000000000000000000000000000000000000000000000000000000000000000000000000000000000000000000000000000000000000000000000000000000000000000000000000000e+10 7.924615138862842886918820790296583333676664971083050092955200414293779111692670537360022069582837458917721533698767634467940566885599395324610897053811466630233448762182392818810751730330242220862305120241232117587693324613942519267995106398090771013246311443248540680735357715659513210116100000000000e-01
1.046035320300000000000000000000000000000000000000000000000000000000000000000000000000000000000000000000000000000000000000000000000000000000000000000000000000000000000000000000000000000000000000000000000000000000000000000000000000000000000000000000000000000000000000000000000000000000000000000000000000e+11 9.064646011427780524379704042247316654747860582186760413801619619089346877173181788263457146630653227852841462606421761008535664951667818562335358009445632221195808347030041645871668091338399098767353967109961800854360273959425470739679392066230358466763707433318520612898760002604038388533800000000000e-01
3.138105960900000000000000000000000000000000000000000000000000000000000000000000000000000000000000000000000000000000000000000000000000000000000000000000000000000000000000000000000000000000000000000000000000000000000000000000000000000000000000000000000000000000000000000000000000000000000000000000000000e+11 8.321573736947416725262333819651302678335859020593455246019947578143958402752509822437478056704353084123564992648908935452198685510051897206329467197009376668204170029954149889324306120002665436038889016189887581932545893771692142523375454880759879853683267472325966475120760892628833758326500000000000e-01
9.414317882700000000000000000000000000000000000000000000000000000000000000000000000000000000000000000000000000000000000000000000000000000000000000000000000000000000000000000000000000000000000000000000000000000000000000000000000000000000000000000000000000000000000000000000000000000000000000000000000000e+11 5.064971447927992295893835557728664049319330714887327961141847778665731408796917568288660176873764880019265851873023364544273890111113535921637831156680610790889876269500013727318264897401983298472175634692193686815166289160387808656240215791011308496251660188544945869185343210006184441863200000000000e-01
2.824295364810000000000000000000000000000000000000000000000000000000000000000000000000000000000000000000000000000000000000000000000000000000000000000000000000000000000000000000000000000000000000000000000000000000000000000000000000000000000000000000000000000000000000000000000000000000000000000000000000e+12 9.338777729815296585605100209744816413881441864632586746799027429971746268419678872565990897618275328868227947850952115086006220105004155632619918732139969080052116952258192300531024943685313075185114392456829473003030307991741030759435767834564698479868476384613108655284830857317907996040100000000000e-01
8.472886094430000000000000000000000000000000000000000000000000000000000000000000000000000000000000000000000000000000000000000000000000000000000000000000000000000000000000000000000000000000000000000000000000000000000000000000000000000000000000000000000000000000000000000000000000000000000000000000000000e+12 8.414242726884250548635092362395217913771835886777363228223997147458945527189571258635100198541035061785886526740878359136771093334099166525888684493217839436451094252773026606744950386279068849385060731907567728354092282372007592472276923564160126010811789018118000080061547237586632509593900000000000e-01
2.541865828329000000000000000000000000000000000000000000000000000000000000000000000000000000000000000000000000000000000000000000000000000000000000000000000000000000000000000000000000000000000000000000000000000000000000000000000000000000000000000000000000000000000000000000000000000000000000000000000000e+13 8.444493521754157661317020179396230435136044722269717555672148054393492579678961440085843125142516942745181549595765735200600126347226919281229718144441900347459605039887895643741769506574735734401369021095713902370760100496807668257503166452155863364975212354939191906557172148035492553883100000000000e-01
7.625597484987000000000000000000000000000000000000000000000000000000000000000000000000000000000000000000000000000000000000000000000000000000000000000000000000000000000000000000000000000000000000000000000000000000000000000000000000000000000000000000000000000000000000000000000000000000000000000000000000e+13 8.657950676300957947721674477356730428334210707727726015749613978198098367323616997331501065745729560991357121880657114677527636355239655975654900378549069026112148893690851733976508358640175958449447091016989756862860319027870916838945274129177623423618306160730317830141343456232650145069200000000000e-01
2.287679245496100000000000000000000000000000000000000000000000000000000000000000000000000000000000000000000000000000000000000000000000000000000000000000000000000000000000000000000000000000000000000000000000000000000000000000000000000000000000000000000000000000000000000000000000000000000000000000000000e+14 8.006396082708431516560194146625229314789890009957986120908949687886023217735588933502411124899782493858823830601317131495607197290048664983227085098365831496573305824982272852367220139853215242704369602128969670236892637861728823051010859734211006095430624797536430135025440094667598888069800000000000e-01
6.863037736488300000000000000000000000000000000000000000000000000000000000000000000000000000000000000000000000000000000000000000000000000000000000000000000000000000000000000000000000000000000000000000000000000000000000000000000000000000000000000000000000000000000000000000000000000000000000000000000000e+14 8.856873292616629610848968429240477042014174076752107864488091466227858328605426572332153874737254212474955905690283372730033489796729266243929320562038365193958195284811824849446837343328416692376136496866828483249944863932196473904789953052124819453603213482018086136880854321284294044229800000000000e-01
2.058911320946490000000000000000000000000000000000000000000000000000000000000000000000000000000000000000000000000000000000000000000000000000000000000000000000000000000000000000000000000000000000000000000000000000000000000000000000000000000000000000000000000000000000000000000000000000000000000000000000e+15 9.392119319913149305886736996867591685348552368267655982122402488659064166715492496252215832524875548157709617437189497189802778046409558963082204263658228588273834874136519460939327551632073186378853744704712044243902755548089423628067066554322172324287655250647945172887904379803448555609700000000000e-01
6.176733962839470000000000000000000000000000000000000000000000000000000000000000000000000000000000000000000000000000000000000000000000000000000000000000000000000000000000000000000000000000000000000000000000000000000000000000000000000000000000000000000000000000000000000000000000000000000000000000000000e+15 9.527187300194311056194358436509312502065522654929683740150053112954033575544856293272231460576286693725117529967727803410895138171781310215147459505510785945397480328311878009696421601799358507584472188204177946689631027779971285847889444789598642748252121601787623085839530372318711918840500000000000e-01
