1.000000000000000000000000000000000000000000000000000000000000000000000000000000000000000000000000000000000000000000000000000000000000000000000000000000000000000000000000000000000000000000000000000000000000000000000000000000000000000000000000000000000000000000000000000000000000000000000000000000000000e+01 6.740943931926440263228106112444531085217462664559272680300724521776909512555804607715296079748798054565193849308622037998273502519355756790115545649164093432675332857470465017257099488088463485113105571856815127855086350261872958138282400110895067927098947554425226240406293716823374052306100000000000e-136
3.000000000000000000000000000000000000000000000000000000000000000000000000000000000000000000000000000000000000000000000000000000000000000000000000000000000000000000000000000000000000000000000000000000000000000000000000000000000000000000000000000000000000000000000000000000000000000000000000000000000000e+01 4.014001187634600262917126882152595416507804630430118236936508335094643977689295977229941164711175036344683874356717582682051942719550453144369755105413295731418615684015249197319327644672564033945613526842323592486874539307836552400155301285370485768564198798886431184524798087928276031983400000000000e-135
9.000000000000000000000000000000000000000000000000000000000000000000000000000000000000000000000000000000000000000000000000000000000000000000000000000000000000000000000000000000000000000000000000000000000000000000000000000000000000000000000000000000000000000000000000000000000000000000000000000000000000e+01 9.285138124877121894999509495248127336286237204585202630708867218732132945794158099266177055711363540826030616767101450005598515198099677601958646997878000924119414945576872292354883295285955883016981295598503577132182929912149805027121188299277339020392075946175575614725580777883965825924600000000000e-135
2.700000000000000000000000000000000000000000000000000000000000000000000000000000000000000000000000000000000000000000000000000000000000000000000000000000000000000000000000000000000000000000000000000000000000000000000000000000000000000000000000000000000000000000000000000000000000000000000000000000000000e+02 1.999871779392220893637087268909281118981818543411642607294217333997405933389685095989111011257833344494215855019187903824486122496978245955712730189911071993152025206648095193610746132617282665111073004237829055368846832704936699562282582491156289750085938364138500348271171427769877068175000000000000e-134
8.100000000000000000000000000000000000000000000000000000000000000000000000000000000000000000000000000000000000000000000000000000000000000000000000000000000000000000000000000000000000000000000000000000000000000000000000000000000000000000000000000000000000000000000000000000000000000000000000000000000000e+02 1.110506785392293956248862040706254813799854389139154512693347769335484728737229690975998221351381843145170966354443263441956693171895092879980398774316538557094629656673922138195849407186413652139194251672504007333931178985169034144333548715753382331544118876136296548427064317031009047995100000000000e-133
2.430000000000000000000000000000000000000000000000000000000000000000000000000000000000000000000000000000000000000000000000000000000000000000000000000000000000000000000000000000000000000000000000000000000000000000000000000000000000000000000000000000000000000000000000000000000000000000000000000000000000e+03 3.388354920547420636094083990099722918047228640314277983564055898723759650467713566500647294722895420419690876721772802421332188159174678222554638533650318735787879628712635033090953748093184431540000157683652191139032868158196807131940962216883613877966998840322186243644469784926298212894900000000000e-133
7.290000000000000000000000000000000000000000000000000000000000000000000000000000000000000000000000000000000000000000000000000000000000000000000000000000000000000000000000000000000000000000000000000000000000000000000000000000000000000000000000000000000000000000000000000000000000000000000000000000000000e+03 5.191110698505746610231668189709683924698050316899498905359040332856439469189532781567433188857969002569875252709778756110194864295690475729307959628766880175810609582877157515033934339369405602211093444099511774240445137498883461258396377841393795352196593846439911547394807031993750464306600000000000e-133
2.187000000000000000000000000000000000000000000000000000000000000000000000000000000000000000000000000000000000000000000000000000000000000000000000000000000000000000000000000000000000000000000000000000000000000000000000000000000000000000000000000000000000000000000000000000000000000000000000000000000000e+04 1.875939402139899253435376275886868355828730089151880289789216757699735649065313985857994673828991780515715484757483533928387262961166296960360224939519056235897661617049835408385022238576696431137654598592696676359349436628179975784341259938517686439922256651815339557583308990886575588045100000000000e-132
6.561000000000000000000000000000000000000000000000000000000000000000000000000000000000000000000000000000000000000000000000000000000000000000000000000000000000000000000000000000000000000000000000000000000000000000000000000000000000000000000000000000000000000000000000000000000000000000000000000000000000e+04 6.392567613813667015314817546596593543746754317707437471426666961775867182843208213226219345054600701610494666408423954566780366949991840602076117735810625516917397718167285895601300862743406845219202433010830256996961027938867156842986433292376669307718957739358436067114765451509055401859600000000000e-132
1.968300000000000000000000000000000000000000000000000000000000000000000000000000000000000000000000000000000000000000000000000000000000000000000000000000000000000000000000000000000000000000000000000000000000000000000000000000000000000000000000000000000000000000000000000000000000000000000000000000000000e+05 1.111802791580937484076528612346991345958770830251730459748114833274741377695100776837596487883141393434606000028396330493118204636307708284522058110879578331127278339132859188154526586945497218361748582181965990831642895350514428095114453920166025944586219669324728861068181644048055164092200000000000e-131
5.904900000000000000000000000000000000000000000000000000000000000000000000000000000000000000000000000000000000000000000000000000000000000000000000000000000000000000000000000000000000000000000000000000000000000000000000000000000000000000000000000000000000000000000000000000000000000000000000000000000000e+05 1.822202934603673190299412367505801592242670882697120303265362362760709058823263534355579069408818244998547644445435342153780142865045612021593331735421176866631171582033403960787082666999560452266868064782540663728760329119008451579734164129481721574647713564079562658751315811015930375555900000000000e-131
1.771470000000000000000000000000000000000000000000000000000000000000000000000000000000000000000000000000000000000000000000000000000000000000000000000000000000000000000000000000000000000000000000000000000000000000000000000000000000000000000000000000000000000000000000000000000000000000000000000000000000e+06 8.692559817125949533119511601773969448747624356257914897206109588165593828740428097624380377301155117891739800618423249800393176021200052419049010987102781447505859064031299679769878417276182580808360101472667742122760302240403560766395709907545701428773024771759371155525580583757311003855100000000000e-131
5.314410000000000000000000000000000000000000000000000000000000000000000000000000000000000000000000000000000000000000000000000000000000000000000000000000000000000000000000000000000000000000000000000000000000000000000000000000000000000000000000000000000000000000000000000000000000000000000000000000000000e+06 2.817185837418695091859801256328239030987011474621999886613875010346520060458552401748465399871365718635708146587199899215377298712336391425422741219201155080723144285185229123581243674961764682610289409550938759966985899763108747947160044648716582612853332440666713822674153770474745679964800000000000e-130
1.594323000000000000000000000000000000000000000000000000000000000000000000000000000000000000000000000000000000000000000000000000000000000000000000000000000000000000000000000000000000000000000000000000000000000000000000000000000000000000000000000000000000000000000000000000000000000000000000000000000000e+07 6.906559719478508620343435501308645393982377468462800719798687884298393074968199736193788659716271477597650928256863826740912220400216899778736587476031238908059150300005831227750769599944628994579226508085022562296185358139229072684837087468505089458441568674165195691122838673191383695008500000000000e-130
4.782969000000000000000000000000000000000000000000000000000000000000000000000000000000000000000000000000000000000000000000000000000000000000000000000000000000000000000000000000000000000000000000000000000000000000000000000000000000000000000000000000000000000000000000000000000000000000000000000000000000e+07 2.319200030933527869603064314312981733779667500582525662182552170585324338811191592581879261580408269178641339915972640150630220543351593593734618960208260920259583759722736979192776391355766856985113857914485719061946722597163903109749712773662036359916350123901672788028488827098330451220500000000000e-129
1.434890700000000000000000000000000000000000000000000000000000000000000000000000000000000000000000000000000000000000000000000000000000000000000000000000000000000000000000000000000000000000000000000000000000000000000000000000000000000000000000000000000000000000000000000000000000000000000000000000000000e+08 6.442131793230512363714400152333342890165515944798737537227972588904864746281576469049775014304047912160766033063296425758043769758399002721952704503951475696982055706950095496185354428976544643604130164330481218771031874344750690056047510064264903715472457795520863124312380275016001038485700000000000e-129
4.304672100000000000000000000000000000000000000000000000000000000000000000000000000000000000000000000000000000000000000000000000000000000000000000000000000000000000000000000000000000000000000000000000000000000000000000000000000000000000000000000000000000000000000000000000000000000000000000000000000000e+08 1.353332750649114467297886418821796128916367933579673668879510492175458682347738112368214536751479889291306311635896016078477405514741944856254230345654376639627353766779549706618936650792285226309081682667579758412359988026507294261764144071049165768660365250269778018860984030765117783583100000000000e-128
1.291401630000000000000000000000000000000000000000000000000000000000000000000000000000000000000000000000000000000000000000000000000000000000000000000000000000000000000000000000000000000000000000000000000000000000000000000000000000000000000000000000000000000000000000000000000000000000000000000000000000e+09 1.506692102496781829918499981118642710692659397482149179325231427377372974694160448914521279273159555087760195718780433869891185938129783804254370672053019210335074227989543984888527150695266340008238561641347716934677401607384611057960630708282860727017770446237895637306917734750507133305300000000000e-128
3.874204890000000000000000000000000000000000000000000000000000000000000000000000000000000000000000000000000000000000000000000000000000000000000000000000000000000000000000000000000000000000000000000000000000000000000000000000000000000000000000000000000000000000000000000000000000000000000000000000000000e+09 4.094596778691291713351157871373783514923002776229754590467565631787739941814057076879014224544713952018616929037391384555235239074003016502961352358071934271035034357567722252253307691489804535447386633538173682989735259302493658335246054746631206262865972088917417092648758898506951055502600000000000e-128
1.162261467000000000000000000000000000000000000000000000000000000000000000000000000000000000000000000000000000000000000000000000000000000000000000000000000000000000000000000000000000000000000000000000000000000000000000000000000000000000000000000000000000000000000000000000000000000000000000000000000000e+10 2.322260025341524727035528269095699383048638769080696139926723971243219716838392873616510902050137474306344925226352190922551021753050926141791229269773829297907422739537130644821400207076948472683786868843182733658134355711944722870814530514735482543150251469410933324144826851006996332889600000000000e-127
3.486784401000000000000000000000000000000000000000000000000000000000000000000000000000000000000000000000000000000000000000000000000000000000000000000000000000000000000000000000000000000000000000000000000000000000000000000000000000000000000000000000000000000000000000000000000000000000000000000000000000e+10 1.494964916510882256184700711497538842631315117016012949679564234138698124450588170843056671676322357409875464788484312824301848511688048023869063681076487381261783716867013515615147813747763009246579881446084885323242863800062998521775529712031616349430142363529009082866740052371348784316000000000000e-126
1.046035320300000000000000000000000000000000000000000000000000000000000000000000000000000000000000000000000000000000000000000000000000000000000000000000000000000000000000000000000000000000000000000000000000000000000000000000000000000000000000000000000000000000000000000000000000000000000000000000000000e+11 5.206394906793988343828065741997096314979555346162421143114742407636561345790434518690715215890855647691018690967626331094285764778361561211299565836526836889844605226971180107441974965936931725173991888180055300729732961159774547465536382785072929837945737692186737991200411378768502670771100000000000e-126
3.138105960900000000000000000000000000000000000000000000000000000000000000000000000000000000000000000000000000000000000000000000000000000000000000000000000000000000000000000000000000000000000000000000000000000000000000000000000000000000000000000000000000000000000000000000000000000000000000000000000000e+11 6.894737218681291100473125397528313312963910108917038918459557255141709275139983740584908044011476852835406830087065006069151125870394569026509642880492682168618532961264633176228023875770766792357112600538090477724595659243968204944519375093797968522939218234015824177618359094254857785384900000000000e-126
9.414317882700000000000000000000000000000000000000000000000000000000000000000000000000000000000000000000000000000000000000000000000000000000000000000000000000000000000000000000000000000000000000000000000000000000000000000000000000000000000000000000000000000000000000000000000000000000000000000000000000e+11 1.445412415974228986717893707009226463110111802535434492473317348946071715788682968897846039605664099283431284861681127865185682443628463527465670453321864025515498287943682569467256336877052277038330566519391524572187287341032238089589222659058579436866295655558999480686577725583069465885200000000000e-125
2.824295364810000000000000000000000000000000000000000000000000000000000000000000000000000000000000000000000000000000000000000000000000000000000000000000000000000000000000000000000000000000000000000000000000000000000000000000000000000000000000000000000000000000000000000000000000000000000000000000000000e+12 8.957285221950775999561299023976072584066439596400435309238358867957367973093363757963486764659435258001585105172386474493456759947407367307024872031817226612676089399798418850310024762715074954367217074807001976128334360760060402246113766713933233861394105005489063822932652092963268571132700000000000e-125
8.472886094430000000000000000000000000000000000000000000000000000000000000000000000000000000000000000000000000000000000000000000000000000000000000000000000000000000000000000000000000000000000000000000000000000000000000000000000000000000000000000000000000000000000000000000000000000000000000000000000000e+12 1.587419895873394255701119731199447449501000429102629739153743861706761309257227469577028331799716830723936256307884502373404968689790324333089317973558455832961703399186499460355275750401281470521793979295335197744227502643498561162911084642775916564308254685905946904558739071014871829161500000000000e-124
2.541865828329000000000000000000000000000000000000000000000000000000000000000000000000000000000000000000000000000000000000000000000000000000000000000000000000000000000000000000000000000000000000000000000000000000000000000000000000000000000000000000000000000000000000000000000000000000000000000000000000e+13 6.642136952703144388519579636096970319105982358095646639786723772130076694666551781968500876118833815861510457550692940434167984655301514894766246526324891185135673403741478866741090163637121299336021766622473348647127191039514605662821486024581836868232490180302031543835994311929551115638600000000000e-124
7.625597484987000000000000000000000000000000000000000000000000000000000000000000000000000000000000000000000000000000000000000000000000000000000000000000000000000000000000000000000000000000000000000000000000000000000000000000000000000000000000000000000000000000000000000000000000000000000000000000000000e+13 4.430754175851579625168077025504646686149394188965475391104216397619843384355619542813504608211027919496713653595400314368116608839492913914478567443167289439836246982392892018127600013349499134350083189127930095165364642977678561964539109743225106373203140155711447958505909711121722706813900000000000e-123
2.287679245496100000000000000000000000000000000000000000000000000000000000000000000000000000000000000000000000000000000000000000000000000000000000000000000000000000000000000000000000000000000000000000000000000000000000000000000000000000000000000000000000000000000000000000000000000000000000000000000000e+14 4.630288735679102913439727123554799681544311239354949498440365774917604499075440394133018260118612890524426176460214720522944382314355982942797060687918867866242967586902833138840018831022028755470821937396939851123265094575752834429999818149775580090905008912493845796625943578824036519168900000000000e-123
6.863037736488300000000000000000000000000000000000000000000000000000000000000000000000000000000000000000000000000000000000000000000000000000000000000000000000000000000000000000000000000000000000000000000000000000000000000000000000000000000000000000000000000000000000000000000000000000000000000000000000e+14 3.260032435856859310451279926388764253349598050557019933499477506939159709834461731057815630999997107148868557007852349914170846722936245336915617412733390630373970966000998396721999577599285721575836169403582824804991853447135520010149841053666918681047037576049628043488184434070982284528500000000000e-122
2.058911320946490000000000000000000000000000000000000000000000000000000000000000000000000000000000000000000000000000000000000000000000000000000000000000000000000000000000000000000000000000000000000000000000000000000000000000000000000000000000000000000000000000000000000000000000000000000000000000000000e+15 5.293617198824382512076483645120227669953991058269533016170594551704964673067117896826836474170367766416422519876092354180688845633760443254158311615371838696867132781508182363049795184927726356236435351742280797771025489951841410808395051972113476850781644567254457686357451407029913581826200000000000e-122
6.176733962839470000000000000000000000000000000000000000000000000000000000000000000000000000000000000000000000000000000000000000000000000000000000000000000000000000000000000000000000000000000000000000000000000000000000000000000000000000000000000000000000000000000000000000000000000000000000000000000000e+15 2.988678988818544580126961249287172558621100960881844280457869106563509140187163852975388726279218980469826398146050202746058645991918220605692999871154043470089505658531485349013622469161465063801757333953223672208704487154126045485062917971362166821700548579242463791677022569936804209889000000000000e-121
