1.000000000000000000000000000000000000000000000000000000000000000000000000000000000000000000000000000000000000000000000000000000000000000000000000000000000000000000000000000000000000000000000000000000000000000000000000000000000000000000000000000000000000000000000000000000000000000000000000000000000000e+00 3.828994477671463721445292534424621682814399622789240274972509220948136532136721097600778587122064633120560461851386063587425746714663885534880047213169832102629445695770135122412074312503147957365425072317657349987185770817538487755033914237536180652944104307859550766145802285027364446660900000000000e-16
3.000000000000000000000000000000000000000000000000000000000000000000000000000000000000000000000000000000000000000000000000000000000000000000000000000000000000000000000000000000000000000000000000000000000000000000000000000000000000000000000000000000000000000000000000000000000000000000000000000000000000e+00 3.946897469785778822089355401621455386421943098884680209052388177016966865262498408091991939832292654755581132819820551254316369109727340799010993467466530724160429687438531673452913009891257258645474320237272242240358318781594539900123836613918909077121003789524009279592593282746417673145500000000000e-16
9.000000000000000000000000000000000000000000000000000000000000000000000000000000000000000000000000000000000000000000000000000000000000000000000000000000000000000000000000000000000000000000000000000000000000000000000000000000000000000000000000000000000000000000000000000000000000000000000000000000000000e+00 1.243278356493098864843112482398432615328413014998302457941766351725492886440715458114690910341366616699588246647454073644204277331644895640610072025826187472506111431114857733133195119805651860879892485415188782126161920194727761648032643666895591369201530862435711801787401167627080390545000000000000e-15
2.700000000000000000000000000000000000000000000000000000000000000000000000000000000000000000000000000000000000000000000000000000000000000000000000000000000000000000000000000000000000000000000000000000000000000000000000000000000000000000000000000000000000000000000000000000000000000000000000000000000000e+01 1.457322817216961350365825005070432488236218711089835837866740075343389415953120675373621735484994021652498370406421137418780886379590834412752440852976855250092714726708451773558402404741248156087063789812176163969665155459909776307279575110859633175748922437935692219370495275298404731263400000000000e-15
8.100000000000000000000000000000000000000000000000000000000000000000000000000000000000000000000000000000000000000000000000000000000000000000000000000000000000000000000000000000000000000000000000000000000000000000000000000000000000000000000000000000000000000000000000000000000000000000000000000000000000e+01 8.861956594352294272589561290411201786666097980885808686531795162960575628073497902101352989944034928129628301502711547373949230429652530437611900795139030846248089738202727952642497437353864572407873507153399354939758224627449705243396765889218130132850884908913929805974868942408256669872800000000000e-15
2.430000000000000000000000000000000000000000000000000000000000000000000000000000000000000000000000000000000000000000000000000000000000000000000000000000000000000000000000000000000000000000000000000000000000000000000000000000000000000000000000000000000000000000000000000000000000000000000000000000000000e+02 1.074286781730763760954415668292974433782345038051161206385842832714622005146250334349962398462793058218684290074644353036999608296068359196606895407033727325411360072603528638399940772132831814971611343188867034608611708835052558743539902555280045023371419339240641395908728747482911272546100000000000e-14
7.290000000000000000000000000000000000000000000000000000000000000000000000000000000000000000000000000000000000000000000000000000000000000000000000000000000000000000000000000000000000000000000000000000000000000000000000000000000000000000000000000000000000000000000000000000000000000000000000000000000000e+02 7.866483094509982018960946500006626981612898402557494313523489310011839276877765161023291706297901263489113655186889997766337573150845534286344550619454144904470382930495454315738096698816663632974598849437384860795442546365249784745315112213295126954120810186324451801076288824643679256800000000000000e-14
2.187000000000000000000000000000000000000000000000000000000000000000000000000000000000000000000000000000000000000000000000000000000000000000000000000000000000000000000000000000000000000000000000000000000000000000000000000000000000000000000000000000000000000000000000000000000000000000000000000000000000e+03 6.595068735491153717363626611587088589627274965846833498699293564928337573517600412085398075864591066151213449438798709395241418633096720981202127407461719828709293493980895444800101600236027207220252599263454095616809310350893292861207954462623574160388315238896948104326743827075961850215400000000000e-14
6.561000000000000000000000000000000000000000000000000000000000000000000000000000000000000000000000000000000000000000000000000000000000000000000000000000000000000000000000000000000000000000000000000000000000000000000000000000000000000000000000000000000000000000000000000000000000000000000000000000000000e+03 7.873956980568353124449832751941874298819185401280032455859762380762902320462506977017512686388795287059502249975721959748592034327181839805767688663512950815591623340962207036574383834520767063003198683572163699742916645888116294202270564837581209659880764921536436118651335978093933269399400000000000e-14
1.968300000000000000000000000000000000000000000000000000000000000000000000000000000000000000000000000000000000000000000000000000000000000000000000000000000000000000000000000000000000000000000000000000000000000000000000000000000000000000000000000000000000000000000000000000000000000000000000000000000000e+04 2.123782712933493650788043226756720530982801391878389140484538354231721430702564677549817585220831903416104729118907365426248587328485704489971834422220067332045940406975087350125239761194951168657114023115991159081503204743890839089098650051109387066845142454529847636476588049086829663799200000000000e-13
5.904900000000000000000000000000000000000000000000000000000000000000000000000000000000000000000000000000000000000000000000000000000000000000000000000000000000000000000000000000000000000000000000000000000000000000000000000000000000000000000000000000000000000000000000000000000000000000000000000000000000e+04 1.410053637142957956489306011899032557968426515919227094190268715821645630599845309722981851229555859398623439374798088974775967970822166285672742597430755932719916850602513318955475903144908635612326500949598690748263057646282262735009167727076228023037573451994548353926022956135292636875600000000000e-12
1.771470000000000000000000000000000000000000000000000000000000000000000000000000000000000000000000000000000000000000000000000000000000000000000000000000000000000000000000000000000000000000000000000000000000000000000000000000000000000000000000000000000000000000000000000000000000000000000000000000000000e+05 1.213365171239279131592992858120303718795976293517603374220936677903591368271384518099732580314195720868207240994282849374766816900721159843579409181646578736023819724347550454786000078501333962988010871535676751557854062460734936868273840673331057871232920374840255000179716594661803064820200000000000e-11
5.314410000000000000000000000000000000000000000000000000000000000000000000000000000000000000000000000000000000000000000000000000000000000000000000000000000000000000000000000000000000000000000000000000000000000000000000000000000000000000000000000000000000000000000000000000000000000000000000000000000000e+05 3.498859758003186499586814870611637327063847089062219238807669245362406844572149981103695495801014669868345447317679424711570488832893382915694996288299482419421142090261199996266177495048907349940857929271408732590009298050800715708476966809753929815690338297412209615195735596291694513933200000000000e-11
1.594323000000000000000000000000000000000000000000000000000000000000000000000000000000000000000000000000000000000000000000000000000000000000000000000000000000000000000000000000000000000000000000000000000000000000000000000000000000000000000000000000000000000000000000000000000000000000000000000000000000e+06 1.116159438752539641256495577751266060507208165727058505799283960224670652579637314930098266079067425035799145907652443112662536104909708555531801035943248208285573225345484657070718753208869799095156341683822884076273049108217414431862947625587159009459923340076558799455055036333047715254000000000000e-11
4.782969000000000000000000000000000000000000000000000000000000000000000000000000000000000000000000000000000000000000000000000000000000000000000000000000000000000000000000000000000000000000000000000000000000000000000000000000000000000000000000000000000000000000000000000000000000000000000000000000000000e+06 7.382067510704010424329116343620771936229760128604656328780690024930756107285892523161726542615436341289693895685488250230375713667559513325512070218466981119830955946776528389531679979152570821176112578913385630577751514266129601511304868289582974224940375987101279235353378033835246364907800000000000e-11
1.434890700000000000000000000000000000000000000000000000000000000000000000000000000000000000000000000000000000000000000000000000000000000000000000000000000000000000000000000000000000000000000000000000000000000000000000000000000000000000000000000000000000000000000000000000000000000000000000000000000000e+07 1.061604097220949096996934492570743197760820654223580900252389286042742091938686429397243467782008989766205440185895071108188980189174601992455283447310102048204914367526745706559663531349993976335103012238956772612674859670032774306010677626705098242744129841596168106295653305625698181777700000000000e-10
4.304672100000000000000000000000000000000000000000000000000000000000000000000000000000000000000000000000000000000000000000000000000000000000000000000000000000000000000000000000000000000000000000000000000000000000000000000000000000000000000000000000000000000000000000000000000000000000000000000000000000e+07 5.629832674022590008461963265970382860541415328665772980714641940563618128837678463452543182272572428859418809414660038988881598091467309345941122906941267397934402781224432617880667941648783548685180968981371941538779724612064026962291552045438043261652604764278027701614947053194061554854600000000000e-10
1.291401630000000000000000000000000000000000000000000000000000000000000000000000000000000000000000000000000000000000000000000000000000000000000000000000000000000000000000000000000000000000000000000000000000000000000000000000000000000000000000000000000000000000000000000000000000000000000000000000000000e+08 4.289620025784646576253479178931492706009623958381623742016260812060606561295388787288072220950590320642147897702192926435296581159437926848247267567298530974978756924630554007975410338467542261111365278869564403853076297669118424642559830742295711567564431259140842962256473910607865888201000000000000e-09
3.874204890000000000000000000000000000000000000000000000000000000000000000000000000000000000000000000000000000000000000000000000000000000000000000000000000000000000000000000000000000000000000000000000000000000000000000000000000000000000000000000000000000000000000000000000000000000000000000000000000000e+08 2.971062941715820754275404929899406517608008557654466556132277647986905439860830055874115955180907484391966494390322432796640445812115232595286662828675721570137346369351907872221602287418479069361081211065776100526995606381814803790148110786113317013183623028545284533724527760024161020434700000000000e-08
1.162261467000000000000000000000000000000000000000000000000000000000000000000000000000000000000000000000000000000000000000000000000000000000000000000000000000000000000000000000000000000000000000000000000000000000000000000000000000000000000000000000000000000000000000000000000000000000000000000000000000e+09 5.583937699238734642008501709063525682866689342409577416923977495708320975422484991234176802402272521535833876868879173812853986123753135949366529721661947234743280372565470637403281863610122434490879095058436588314047679904331792844901665146533332743023477433249859529932347340904255404563700000000000e-08
3.486784401000000000000000000000000000000000000000000000000000000000000000000000000000000000000000000000000000000000000000000000000000000000000000000000000000000000000000000000000000000000000000000000000000000000000000000000000000000000000000000000000000000000000000000000000000000000000000000000000000e+09 3.952303506953316544940598725130357968299356998850311915409903702485918323950634694277386739364987306300328212389321865228924793786500877633624506491337350708456062805542806646910603281721344685011023285216489186416516920635593654784399461384685275930058341694637268315817302989733041927005300000000000e-08
1.046035320300000000000000000000000000000000000000000000000000000000000000000000000000000000000000000000000000000000000000000000000000000000000000000000000000000000000000000000000000000000000000000000000000000000000000000000000000000000000000000000000000000000000000000000000000000000000000000000000000e+10 2.833049018438222128939544555320546738584181578268558063709044678554707193780258302143800120849265684596686058316758027132385968980818397320865513394863275131887708574685373884485755568520835821079872465340037259030102830665565982678550385252882015786580858342959559873725591181802951979108200000000000e-07
3.138105960900000000000000000000000000000000000000000000000000000000000000000000000000000000000000000000000000000000000000000000000000000000000000000000000000000000000000000000000000000000000000000000000000000000000000000000000000000000000000000000000000000000000000000000000000000000000000000000000000e+10 2.474351974554017897945458557042335422623371371156125999446879196644836820704318536149572868784901929916341593428515552709201170045118896572428697888389272203162395183068344518821497105775432654356351820585732012218253000546413418096164740738075130306742699192153097591699979420755587680454700000000000e-06
9.414317882700000000000000000000000000000000000000000000000000000000000000000000000000000000000000000000000000000000000000000000000000000000000000000000000000000000000000000000000000000000000000000000000000000000000000000000000000000000000000000000000000000000000000000000000000000000000000000000000000e+10 2.842960368600041708772544348565689988448269866613033869059444592919097160101600653465777909535863090656925167061582332566660836706661123545298845884807333494033072565575247703229151154482452934637251093093889077988495001407054195768640869356863657498690489045465968301951026271682096612794600000000000e-06
2.824295364810000000000000000000000000000000000000000000000000000000000000000000000000000000000000000000000000000000000000000000000000000000000000000000000000000000000000000000000000000000000000000000000000000000000000000000000000000000000000000000000000000000000000000000000000000000000000000000000000e+11 2.292824918822350410792915576343077768133746768570753617847476012890845900339280164406349349848421674915204923574589477228430096248755089590203910070043027312462537038554290724664737516420585453005773812350973534801794866105151281230401576127591096989586829502771943379143922884236653373056800000000000e-06
8.472886094430000000000000000000000000000000000000000000000000000000000000000000000000000000000000000000000000000000000000000000000000000000000000000000000000000000000000000000000000000000000000000000000000000000000000000000000000000000000000000000000000000000000000000000000000000000000000000000000000e+11 6.864127376321891678871706950483564172706884426248907785689356158723557674205344702008453948615585135484010899954297441810038102618940728691347685608653465521030222772788279691172050017797216867386860308346266044985034746720578156931302322946854942417716297134662686734675833350599286348258300000000000e-05
2.541865828329000000000000000000000000000000000000000000000000000000000000000000000000000000000000000000000000000000000000000000000000000000000000000000000000000000000000000000000000000000000000000000000000000000000000000000000000000000000000000000000000000000000000000000000000000000000000000000000000e+12 4.939082448312843939545485854300722036194683624564043173183653934009644395303091833312533657746960905383395216258821232088633269429175962220941676613622584267627528779291623920239561736860646565625296108420252804577892391190945530371252420548321642214084601835069704830892156841957513561465400000000000e-05
7.625597484987000000000000000000000000000000000000000000000000000000000000000000000000000000000000000000000000000000000000000000000000000000000000000000000000000000000000000000000000000000000000000000000000000000000000000000000000000000000000000000000000000000000000000000000000000000000000000000000000e+12 2.034319171555199418246177795781075169250976204108890429857809272228366039074589250973472081527458402673180021169372594652022908465827727648671715191970288089446814268377725336654221719118584332153929970746531560441833231995365179457940346134943207444570546469224438196841475864158193729491700000000000e-04
2.287679245496100000000000000000000000000000000000000000000000000000000000000000000000000000000000000000000000000000000000000000000000000000000000000000000000000000000000000000000000000000000000000000000000000000000000000000000000000000000000000000000000000000000000000000000000000000000000000000000000e+13 6.480654739563666664327579359259811792485499086874384968950694776906633888324201633398688359376806578817109171365299818132025989601343713624117518888460754571804775548111614587677297000077011182939038303280474993881315707811477752516115990578077928939379963605885005084553953581286346990824800000000000e-04
6.863037736488300000000000000000000000000000000000000000000000000000000000000000000000000000000000000000000000000000000000000000000000000000000000000000000000000000000000000000000000000000000000000000000000000000000000000000000000000000000000000000000000000000000000000000000000000000000000000000000000e+13 7.826305299834257848693953895405649280564451453239077431934496967431599153170494004809363002458672065558603534559622794492602060908149521990222562524625976581433701460331659776946457389888181359698271297779658378354267299127984658952905270142326804112762883322029897982485638523736492160914800000000000e-03
2.058911320946490000000000000000000000000000000000000000000000000000000000000000000000000000000000000000000000000000000000000000000000000000000000000000000000000000000000000000000000000000000000000000000000000000000000000000000000000000000000000000000000000000000000000000000000000000000000000000000000e+14 7.653105155731242266463942888841441247627961506746646811667407453120468192800971927951076000825262665058717395500652839462602680122834570133923226286729498354123083738583332434678099941364761774417452250401372625660544935252635836933488292502355252301773796826498112770767298816211636687328300000000000e-03
6.176733962839470000000000000000000000000000000000000000000000000000000000000000000000000000000000000000000000000000000000000000000000000000000000000000000000000000000000000000000000000000000000000000000000000000000000000000000000000000000000000000000000000000000000000000000000000000000000000000000000e+14 4.378521244420332981588417706937256726571657420044160209860271096820653390693208173401682101015156465158276200451556746199448653654055107126323325633465655513128494076144256140796503806693850173036886024004973101052952821270290915165201237037659614496483895545490120036998659404786618713023500000000000e-03
1.853020188851841000000000000000000000000000000000000000000000000000000000000000000000000000000000000000000000000000000000000000000000000000000000000000000000000000000000000000000000000000000000000000000000000000000000000000000000000000000000000000000000000000000000000000000000000000000000000000000000e+15 6.101747468969090120095822978262136901065870063551133323309346270134686206273388224059714047832956649093019717329017612918572611831309325245354664988360962606503810104451961811166515573003158247718173336015952740802322990432479815185018141715559927478524740050606201350542665772508233601887900000000000e-02
5.559060566555523000000000000000000000000000000000000000000000000000000000000000000000000000000000000000000000000000000000000000000000000000000000000000000000000000000000000000000000000000000000000000000000000000000000000000000000000000000000000000000000000000000000000000000000000000000000000000000000e+15 2.030775751780663777350970420321637238034361943506729115558710911736569693262446244161107528017218446488815421984871113336259167407012210077997775819779904577730485962227560243449287194739491315719371124234056582986478204063115877330964689903673287350371928279510524213457350989280675300627900000000000e-01
