1.000000000000000000000000000000000000000000000000000000000000000000000000000000000000000000000000000000000000000000000000000000000000000000000000000000000000000000000000000000000000000000000000000000000000000000000000000000000000000000000000000000000000000000000000000000000000000000000000000000000000e+00 4.198806832661272431569341206066158037007070669631781760890841017862520912073256903502359003264840336641725600432834113766008632028885963141192566381757724883607107382852312545378045577419033832972738427699842977054294368785714181594517770912196105597262670181213918275601877637904669225920500000000000e-07
3.000000000000000000000000000000000000000000000000000000000000000000000000000000000000000000000000000000000000000000000000000000000000000000000000000000000000000000000000000000000000000000000000000000000000000000000000000000000000000000000000000000000000000000000000000000000000000000000000000000000000e+00 5.304043042062224269219718650010667943924503389883617376336432843874124871680404806222244817642583245283569107833202117301375047156236523882510909897191074279487925690013973209772426873777964102948493595466669913815861653466159263081405251525496139729490863566601182265635300087966571850186500000000000e-07
9.000000000000000000000000000000000000000000000000000000000000000000000000000000000000000000000000000000000000000000000000000000000000000000000000000000000000000000000000000000000000000000000000000000000000000000000000000000000000000000000000000000000000000000000000000000000000000000000000000000000000e+00 3.270774454550365758981337242332446040036950264745816583399377247987108926385492389296764821897229704252328402478507034633971493034869171646848072560574426893820250669370479551893473174226325709477502389367078023649417241312867041195516703401819609120961878693169881474873121043810559778954600000000000e-07
2.700000000000000000000000000000000000000000000000000000000000000000000000000000000000000000000000000000000000000000000000000000000000000000000000000000000000000000000000000000000000000000000000000000000000000000000000000000000000000000000000000000000000000000000000000000000000000000000000000000000000e+01 7.168592858996119457518850323970136380148954197887278341755769506873474584558093289642743506342288201763946192544678001538901809394394401592098159216557549170090709774009282138110531710325240165159221393813478927422543415174970187029270845944944850159783600494587458789585685723419440651769900000000000e-07
8.100000000000000000000000000000000000000000000000000000000000000000000000000000000000000000000000000000000000000000000000000000000000000000000000000000000000000000000000000000000000000000000000000000000000000000000000000000000000000000000000000000000000000000000000000000000000000000000000000000000000e+01 1.974677298881167152982949308702441420064959034265445885826699778576867018851978484615897329662608115853555345518647646556372664837178084356287904797052104286371360348112784300753715720476075595342432487529171600211177321393984616464336861190145127432932609979948725986864204024296424555863800000000000e-06
2.430000000000000000000000000000000000000000000000000000000000000000000000000000000000000000000000000000000000000000000000000000000000000000000000000000000000000000000000000000000000000000000000000000000000000000000000000000000000000000000000000000000000000000000000000000000000000000000000000000000000e+02 3.124233283746628666512122746525079502639260475675050000963548666137005398941869682220784975082407154082339494005022915178032491546020779108576104075708906338100555041940402991632050394681692949334894691667863418334215582426133227522042533644001896098546631263526187165240630914752160089331500000000000e-06
7.290000000000000000000000000000000000000000000000000000000000000000000000000000000000000000000000000000000000000000000000000000000000000000000000000000000000000000000000000000000000000000000000000000000000000000000000000000000000000000000000000000000000000000000000000000000000000000000000000000000000e+02 1.528010329800562292795623441051784620191849101490153257334608753484500477745035875998682428859918819451406451016381894805058051601357660430298814733559981731341572289148609829112029963530220578481767760773209319644242448866240202267395041119265678043845028073273132057558557912905757793082900000000000e-05
2.187000000000000000000000000000000000000000000000000000000000000000000000000000000000000000000000000000000000000000000000000000000000000000000000000000000000000000000000000000000000000000000000000000000000000000000000000000000000000000000000000000000000000000000000000000000000000000000000000000000000e+03 2.593769174399379861803900553496899063996131369235602130922309213336031745317008602787124638464912655730705091051330096833731491078207219907942605394562387299798923441264984708656740724544775839667656814562726816972288507715304211849310401407344240363660027961308095495181650637135491729716900000000000e-05
6.561000000000000000000000000000000000000000000000000000000000000000000000000000000000000000000000000000000000000000000000000000000000000000000000000000000000000000000000000000000000000000000000000000000000000000000000000000000000000000000000000000000000000000000000000000000000000000000000000000000000e+03 1.200441927821603237523240546692293349887690150021903034742678186552369165823170966404131997417173106805288750329064500326898325994171689187311524330612095705086017706637166392660087042508570763808158104177995706844123727515826895867412300896066333952489091783048811608291580925224699886701500000000000e-04
1.968300000000000000000000000000000000000000000000000000000000000000000000000000000000000000000000000000000000000000000000000000000000000000000000000000000000000000000000000000000000000000000000000000000000000000000000000000000000000000000000000000000000000000000000000000000000000000000000000000000000e+04 1.598914315282232830693681445846871067092501752080320009250561274211026276474861035794994034864507776789141163244510962142894004985585701836499740763114988216441590837931783816176778032161724859940629192104278439519792200783841950281846311353149336893483668379305313327567745502262184662167900000000000e-04
5.904900000000000000000000000000000000000000000000000000000000000000000000000000000000000000000000000000000000000000000000000000000000000000000000000000000000000000000000000000000000000000000000000000000000000000000000000000000000000000000000000000000000000000000000000000000000000000000000000000000000e+04 6.752563605151033359894493668538910836524753688740236711378560201963627930389979030360588210881041781193468471449144731524793870717026796227679854954292631020472467759537412520138832355911814556611100300881278171769120602564541399700092287128495677798087959199883193346456478848672497012521700000000000e-04
1.771470000000000000000000000000000000000000000000000000000000000000000000000000000000000000000000000000000000000000000000000000000000000000000000000000000000000000000000000000000000000000000000000000000000000000000000000000000000000000000000000000000000000000000000000000000000000000000000000000000000e+05 8.927301048923120320879634013649782453120400322491441662164340435872424034638582815517398794277082447647330151068589273612794681524329088605098345658165822448152213567682009016944811385322948106644874673819119394186437972649304629324442844525473220680944332022762926891274608622414896287614400000000000e-04
5.314410000000000000000000000000000000000000000000000000000000000000000000000000000000000000000000000000000000000000000000000000000000000000000000000000000000000000000000000000000000000000000000000000000000000000000000000000000000000000000000000000000000000000000000000000000000000000000000000000000000e+05 4.903760882198435263003222385063362114713890768978690118395460081963600460195584272466665558760360507125414015364752876232873666940592440155847819953520150653604614691284369803267426920216917432444228721148046429104541160887541496443874446447570177568674054388280949572286978961429989900692200000000000e-03
1.594323000000000000000000000000000000000000000000000000000000000000000000000000000000000000000000000000000000000000000000000000000000000000000000000000000000000000000000000000000000000000000000000000000000000000000000000000000000000000000000000000000000000000000000000000000000000000000000000000000000e+06 1.562879854181791917262870559443784409130351618495948043802939724894010850912092369410365529951069552831333352673446709126182586672759525363181230165076482978493131516606715888398409502082782682055321536618100172954114341327728997703280567302056375687869359958399029563549378218117174622916900000000000e-02
4.782969000000000000000000000000000000000000000000000000000000000000000000000000000000000000000000000000000000000000000000000000000000000000000000000000000000000000000000000000000000000000000000000000000000000000000000000000000000000000000000000000000000000000000000000000000000000000000000000000000000e+06 6.907274761977388085093916964681712333974164583963798610084048176248865823268969288102158133413559109684662049433790826526725619037674502420588994263597093192132313933165662937393118101193737077972527074752055650922016851973511212792625981237060407279593977162865711714984502455002563632915200000000000e-02
1.434890700000000000000000000000000000000000000000000000000000000000000000000000000000000000000000000000000000000000000000000000000000000000000000000000000000000000000000000000000000000000000000000000000000000000000000000000000000000000000000000000000000000000000000000000000000000000000000000000000000e+07 2.347622862281863772021422653973085908865143367425505229305285606589128162862755518434867472457897326707536228965840847509377548702900289688772535957351192983683351500268546195403485692115036065833681762633433849082209821208343499788161741577171088411884147612315553421381498930439234587732300000000000e-01
4.304672100000000000000000000000000000000000000000000000000000000000000000000000000000000000000000000000000000000000000000000000000000000000000000000000000000000000000000000000000000000000000000000000000000000000000000000000000000000000000000000000000000000000000000000000000000000000000000000000000000e+07 2.538928860914320081053894584067536065603189440575758841978604576875798232668036096180820565272030530005299592495011940775162144962995434397583319366150986823064962352370217314951801880653471282409044589546682482358688266142114447414902036281798682420147274639816343295931023906462216570060300000000000e-01
1.291401630000000000000000000000000000000000000000000000000000000000000000000000000000000000000000000000000000000000000000000000000000000000000000000000000000000000000000000000000000000000000000000000000000000000000000000000000000000000000000000000000000000000000000000000000000000000000000000000000000e+08 7.683881222099074374972425605096415529781018381313101577769672320417714335353044970185362526543449057055130338398558395004072885553610999649382596091093077191719744555245413606349554728872079988120934940292329997590827097788394002062670972453625009754439207141723567605466792046474820006920900000000000e-01
3.874204890000000000000000000000000000000000000000000000000000000000000000000000000000000000000000000000000000000000000000000000000000000000000000000000000000000000000000000000000000000000000000000000000000000000000000000000000000000000000000000000000000000000000000000000000000000000000000000000000000e+08 1.877577582057866744762167087467798257975452358727519701254555970339284835118469708350893083081049832939879431606107703087730329359194980899012133444746426371870703437507227200846605920894619747884333333469179837361131310816188561482209423071067052216682917773442310023755257308115603312936100000000000e-01
1.162261467000000000000000000000000000000000000000000000000000000000000000000000000000000000000000000000000000000000000000000000000000000000000000000000000000000000000000000000000000000000000000000000000000000000000000000000000000000000000000000000000000000000000000000000000000000000000000000000000000e+09 1.149234056543421691461177622771791764506469009390735132967981804787076594115068586971058969039906100577954148683898209544798105481686585183933927889126914359690186570468779322527669405538140406550483369371143683616734835409427081964253584631152363377386340101947387161161809092309240181714500000000000e+00
3.486784401000000000000000000000000000000000000000000000000000000000000000000000000000000000000000000000000000000000000000000000000000000000000000000000000000000000000000000000000000000000000000000000000000000000000000000000000000000000000000000000000000000000000000000000000000000000000000000000000000e+09 1.000129033294415256650212356999001191703972701914568304791046999730528039923836186965000173675565658376363594621835397181873375668638432791329001613941422183386407734584723880957231556871027417068274053971851998977579161716345312491409055363992983786182223274161864073216749674950119316711800000000000e+00
1.046035320300000000000000000000000000000000000000000000000000000000000000000000000000000000000000000000000000000000000000000000000000000000000000000000000000000000000000000000000000000000000000000000000000000000000000000000000000000000000000000000000000000000000000000000000000000000000000000000000000e+10 1.304722786284348862762553079674835168809136162770709067330469534276924403053630217944436611624315777622406752932241542421121118877521659108016065064919979216947162543600296191799870522849678459546424582591178619528031331752395140978675825919897384091086037060860433622831115772476822103610300000000000e+00
3.138105960900000000000000000000000000000000000000000000000000000000000000000000000000000000000000000000000000000000000000000000000000000000000000000000000000000000000000000000000000000000000000000000000000000000000000000000000000000000000000000000000000000000000000000000000000000000000000000000000000e+10 1.268081779057243054016512317110786485251867801431624517197014249928298332864494005255355575903426015748335247933327604272814889910052547591010196464723319350572224481616708128036768409790214677410282890864566215365216861316222763839976231051947967958708861135910477273666312554194242741666400000000000e+00
9.414317882700000000000000000000000000000000000000000000000000000000000000000000000000000000000000000000000000000000000000000000000000000000000000000000000000000000000000000000000000000000000000000000000000000000000000000000000000000000000000000000000000000000000000000000000000000000000000000000000000e+10 1.122626644527321173873397647118561856456011277306408796192456324800124979803192476528010912039434358810351801796925954562526679227534016543043091595519144296258938257807466578088379678031386758970099415821373328993862386513341862240294066096788731004263245863028889310486684286006823916154200000000000e+00
2.824295364810000000000000000000000000000000000000000000000000000000000000000000000000000000000000000000000000000000000000000000000000000000000000000000000000000000000000000000000000000000000000000000000000000000000000000000000000000000000000000000000000000000000000000000000000000000000000000000000000e+11 1.178151324473052799990159773497624281946960663481435896283211081471390422010284799862074436617895188539158291033891302226321738076691361062270539542366150118660327556935441568688267341680209239331176043293995501282836072992716891759686995694363721704213248584509375491465263659958305568990000000000000e+00
8.472886094430000000000000000000000000000000000000000000000000000000000000000000000000000000000000000000000000000000000000000000000000000000000000000000000000000000000000000000000000000000000000000000000000000000000000000000000000000000000000000000000000000000000000000000000000000000000000000000000000e+11 1.459601420759579647514635224413282473217127602557721409015472324846012561864429795888263939806215208432467338644302484842599207474637274452035068855207423173513503848618385410819585969556280429409407682725588872259826047694385327988298677164340160199315548884410537192283085340026385401801700000000000e+00
2.541865828329000000000000000000000000000000000000000000000000000000000000000000000000000000000000000000000000000000000000000000000000000000000000000000000000000000000000000000000000000000000000000000000000000000000000000000000000000000000000000000000000000000000000000000000000000000000000000000000000e+12 1.436971064409869807427367584122012932038832784740328584952118497279280985367680261976244030953310255386457852271546663280139797294084843425857428073307762856767036189999719863811905208426981396601547661350208950307889853726106172503465489330303507781031260187281747432678844643542561807481000000000000e+00
7.625597484987000000000000000000000000000000000000000000000000000000000000000000000000000000000000000000000000000000000000000000000000000000000000000000000000000000000000000000000000000000000000000000000000000000000000000000000000000000000000000000000000000000000000000000000000000000000000000000000000e+12 1.375166892696818009927269304932454315443714395188112652276113143896700604225331030528916575077600167405290107565664288572778091194745905551400830003295051813630313802586496128969114475101924378106898008289931557190353917015105247781010644789644930102470290208714433560655626384566265944711600000000000e+00
2.287679245496100000000000000000000000000000000000000000000000000000000000000000000000000000000000000000000000000000000000000000000000000000000000000000000000000000000000000000000000000000000000000000000000000000000000000000000000000000000000000000000000000000000000000000000000000000000000000000000000e+13 1.489880601541533596478433672585650295598142496238949338903717681305518844206469331212152212887731752433404943916961017124434037470314751921437456668788422784699136391358257577738755568986907524468318093080250039922337310130910184897453405719756508835623556716232557791770365431834069928088000000000000e+00
6.863037736488300000000000000000000000000000000000000000000000000000000000000000000000000000000000000000000000000000000000000000000000000000000000000000000000000000000000000000000000000000000000000000000000000000000000000000000000000000000000000000000000000000000000000000000000000000000000000000000000e+13 1.201092496118777010721345416903282123003616363471550029982185622300864484890316804614849919144753016773281520366713438385202881851830284969786705272034906295370480582840964823243538270738983075597573297553690448788640988959153456213906438866790460185981218673151074365301042300860527905850300000000000e+00
2.058911320946490000000000000000000000000000000000000000000000000000000000000000000000000000000000000000000000000000000000000000000000000000000000000000000000000000000000000000000000000000000000000000000000000000000000000000000000000000000000000000000000000000000000000000000000000000000000000000000000e+14 1.427165115612635262604545934580522016034964431831483553387927933543100700096869255481600145787562432849282066926783030289196919771410809560806026153000463337762635785818245122407331274896009852649873577301839122428357695049696741551252944599906623835292161807545174567978406552123757123721300000000000e+00
6.176733962839470000000000000000000000000000000000000000000000000000000000000000000000000000000000000000000000000000000000000000000000000000000000000000000000000000000000000000000000000000000000000000000000000000000000000000000000000000000000000000000000000000000000000000000000000000000000000000000000e+14 1.027506778378624616664773445002012893171298004972164546354400823138099626768884427659151165103634057986528094925894163340895617245993513407119676394783173838812201333392414605949645814998265263867283258588079814257611111884103793585067893342418432131689201226285750113304469141984805300261300000000000e+00
1.853020188851841000000000000000000000000000000000000000000000000000000000000000000000000000000000000000000000000000000000000000000000000000000000000000000000000000000000000000000000000000000000000000000000000000000000000000000000000000000000000000000000000000000000000000000000000000000000000000000000e+15 1.393421984928151640769291197006321430128581441686340926374839387990911927881622782038186069874316090376096126683827752721717326002318294596556050836342555393604534798038253123838649463982196560672646598913098174297210442650759492959640268762686424331615678775444240706335181166184988352200100000000000e+00
5.559060566555523000000000000000000000000000000000000000000000000000000000000000000000000000000000000000000000000000000000000000000000000000000000000000000000000000000000000000000000000000000000000000000000000000000000000000000000000000000000000000000000000000000000000000000000000000000000000000000000e+15 1.199823116746252255370652489632965276946997722114902322634525458301237992976481182346113871727347555338065207829602355417789283961919416390714015310085774701139244893037035992890340345368405266479024285408899356482556017493538547881082514203043825484049014866430093071502428237367950617393800000000000e+00
