1.000000000000000000000000000000000000000000000000000000000000000000000000000000000000000000000000000000000000000000000000000000000000000000000000000000000000000000000000000000000000000000000000000000000000000000000000000000000000000000000000000000000000000000000000000000000000000000000000000000000000e+00 5.264355590538843848433975503045194793373901698364286957467148704813522010954112225541773287614075876301741834368622545955096705512816452375679244153796840653659828216768330670440877478845631253890268955030239099415709357912284635241298959295358327491860745680952153453645442541904111152108400000000000e-16
3.000000000000000000000000000000000000000000000000000000000000000000000000000000000000000000000000000000000000000000000000000000000000000000000000000000000000000000000000000000000000000000000000000000000000000000000000000000000000000000000000000000000000000000000000000000000000000000000000000000000000e+00 5.311769956390238331918300783774034391829203901320399198774360807572342746737614215733903846075927747895290333450808662259754707664680053643784211004093937191015043112847155215903370780726776374461063008277076916462405262609808361915538678286883442454038711221158137003336360413598467535094300000000000e-16
9.000000000000000000000000000000000000000000000000000000000000000000000000000000000000000000000000000000000000000000000000000000000000000000000000000000000000000000000000000000000000000000000000000000000000000000000000000000000000000000000000000000000000000000000000000000000000000000000000000000000000e+00 5.253615152316282330053044190105008014695818229654450725495636172091506451519820353480223786445448226183319507439321877993248617773382682918203901019687991770577438105038403550375297024426035954034444175891048401258878279147354102928085502662567709854882746677510768093815317027303881935091200000000000e-16
2.700000000000000000000000000000000000000000000000000000000000000000000000000000000000000000000000000000000000000000000000000000000000000000000000000000000000000000000000000000000000000000000000000000000000000000000000000000000000000000000000000000000000000000000000000000000000000000000000000000000000e+01 5.549371961698915629028134293818582268237981636842484599964855400673758791758556454134572527067210508489127633615749403541569827553650806851629153713657211704614003046947227190596160927763268637938975964854965892705911612075186536007232066788533244566705280105948349345378598541330239186559100000000000e-16
8.100000000000000000000000000000000000000000000000000000000000000000000000000000000000000000000000000000000000000000000000000000000000000000000000000000000000000000000000000000000000000000000000000000000000000000000000000000000000000000000000000000000000000000000000000000000000000000000000000000000000e+01 6.877715610475150967046270266992027440127002315393899555116676771273162748516318931267560477819413548674674156039937278224513577839393499054886259620986594433431473950591594152074444039737118388772228347914663857627148642879970876156070221753345782745371922172511359595925259968174267419103900000000000e-16
2.430000000000000000000000000000000000000000000000000000000000000000000000000000000000000000000000000000000000000000000000000000000000000000000000000000000000000000000000000000000000000000000000000000000000000000000000000000000000000000000000000000000000000000000000000000000000000000000000000000000000e+02 1.879844207125925776015457465754213521584285917333412647480767427924060159892531937831379916022163631533569017103000780317526383725104239789299555672373869812938008673545333056301145270027533264056317309567630718497124472155569050461161165268850148448807216107717677763932278322183700671395200000000000e-15
7.290000000000000000000000000000000000000000000000000000000000000000000000000000000000000000000000000000000000000000000000000000000000000000000000000000000000000000000000000000000000000000000000000000000000000000000000000000000000000000000000000000000000000000000000000000000000000000000000000000000000e+02 2.546278055928893083543348953071906817833032783450781411736187144567020640372060311325337530112302170766816511810268640503460134640552434869672235896902264674811033203694539733561952727843738720200200335582529017924607360617365412492338366072657481445592469825676439566050860105860011401442700000000000e-15
2.187000000000000000000000000000000000000000000000000000000000000000000000000000000000000000000000000000000000000000000000000000000000000000000000000000000000000000000000000000000000000000000000000000000000000000000000000000000000000000000000000000000000000000000000000000000000000000000000000000000000e+03 1.066642485126888067095531625870713416569032597731335349751739620336637435821741254884787238776354588523896293930162911148587044531230156976208876336698879873785680420478589539618409514070132187832215554801493969619206392046214115245165109230192985380664827498091694865631983559219052456584300000000000e-14
6.561000000000000000000000000000000000000000000000000000000000000000000000000000000000000000000000000000000000000000000000000000000000000000000000000000000000000000000000000000000000000000000000000000000000000000000000000000000000000000000000000000000000000000000000000000000000000000000000000000000000e+03 1.139553317724644517997555102025028743714039123019882734623917730340284390155857134550943278240926713348888805753976765501107473142613085921664517895675893490296750665543804525343266213678894138367078080905895364997956686389461123135816490644167748055582098212129462394338300023100903205122100000000000e-14
1.968300000000000000000000000000000000000000000000000000000000000000000000000000000000000000000000000000000000000000000000000000000000000000000000000000000000000000000000000000000000000000000000000000000000000000000000000000000000000000000000000000000000000000000000000000000000000000000000000000000000e+04 4.268084082660711680805273344809471876642679827989688219730681055973690339864102196195038247587898035521706436357464195858990729644328709074870810252943854020272885676391699632385880636819882838379130149864202531511886628785483221587464189854035722167327775676638235319448295579183416208540300000000000e-14
5.904900000000000000000000000000000000000000000000000000000000000000000000000000000000000000000000000000000000000000000000000000000000000000000000000000000000000000000000000000000000000000000000000000000000000000000000000000000000000000000000000000000000000000000000000000000000000000000000000000000000e+04 6.829857997251603620216918767529062157469629144412245105109800211808672231482499436360503889367938923943518063061985964515821829329087191962932713460640817631603362192472943431971396880488395377173896737435659594217550765091501109557683976799370085289549039673201507636970816893371869227101200000000000e-14
1.771470000000000000000000000000000000000000000000000000000000000000000000000000000000000000000000000000000000000000000000000000000000000000000000000000000000000000000000000000000000000000000000000000000000000000000000000000000000000000000000000000000000000000000000000000000000000000000000000000000000e+05 4.420889480991407979680176875696884928344668971227288899844740724586886886063421108599309175446632114868977836293551682913020431169713026848074423291076488621709201505012282203570555118206242214525708229188811423216664230677702033069173541497883102525122538762376075429628847691775469764199500000000000e-13
5.314410000000000000000000000000000000000000000000000000000000000000000000000000000000000000000000000000000000000000000000000000000000000000000000000000000000000000000000000000000000000000000000000000000000000000000000000000000000000000000000000000000000000000000000000000000000000000000000000000000000e+05 5.263608168873134320233543154073230810615173597688544071170680319633955451547402597618378026108993569656551225509176801437481045204191812231780528424543618470135189932177685103252119835507681190660923223619285331258086042892615111119626967254544456362838676162156762889728493852992372711971800000000000e-13
1.594323000000000000000000000000000000000000000000000000000000000000000000000000000000000000000000000000000000000000000000000000000000000000000000000000000000000000000000000000000000000000000000000000000000000000000000000000000000000000000000000000000000000000000000000000000000000000000000000000000000e+06 2.639580008249650829351350621282596835010599918430752424252685366081586698611278005678796851499820963119918405701248987557041271635294755307259870926608438726674491136375239646797577742901519779161623138864230320868907246378484603987958895556983812244882081947882404057250819334129892154332900000000000e-12
4.782969000000000000000000000000000000000000000000000000000000000000000000000000000000000000000000000000000000000000000000000000000000000000000000000000000000000000000000000000000000000000000000000000000000000000000000000000000000000000000000000000000000000000000000000000000000000000000000000000000000e+06 6.365186319478349520521912073937556777891357807514967091501248669388540558053799724122897185994875207356871860155446599591973542246691464217285297187622955030405108537153352930245237678015727813449849819060597702333578934324303491385862832029483055730423534457479857681038967992582718236381100000000000e-12
1.434890700000000000000000000000000000000000000000000000000000000000000000000000000000000000000000000000000000000000000000000000000000000000000000000000000000000000000000000000000000000000000000000000000000000000000000000000000000000000000000000000000000000000000000000000000000000000000000000000000000e+07 1.162712031110436904922532788449795432241104918329356485837815099098932873339864913401017096048836424504538966067177180422081328631405388576914387317012404734854168342775809113573912467255581714429253485674570821129306669629863869636678960051312747491839717282093802661385874097744234223951800000000000e-11
4.304672100000000000000000000000000000000000000000000000000000000000000000000000000000000000000000000000000000000000000000000000000000000000000000000000000000000000000000000000000000000000000000000000000000000000000000000000000000000000000000000000000000000000000000000000000000000000000000000000000000e+07 4.963969106764258903708499989420895334290801568143178135240284308729027308643148917231190827109980114199282070148824474613391379709441743871107216891733192121547278012776030245586729368061146147250936955209627768777516326613108398944133763891554072682561583583105039373353852096210900983593200000000000e-11
1.291401630000000000000000000000000000000000000000000000000000000000000000000000000000000000000000000000000000000000000000000000000000000000000000000000000000000000000000000000000000000000000000000000000000000000000000000000000000000000000000000000000000000000000000000000000000000000000000000000000000e+08 1.063254540528299961113098351293260481483660237409415213534025369603799369204514248722954127063607967105059811187319786151405369073243726971391095685634022156279276287162930716373066796825312943259639427356850340040064808781042030771601878534582738888276946433553274272872448317582304934023000000000000e-10
3.874204890000000000000000000000000000000000000000000000000000000000000000000000000000000000000000000000000000000000000000000000000000000000000000000000000000000000000000000000000000000000000000000000000000000000000000000000000000000000000000000000000000000000000000000000000000000000000000000000000000e+08 1.841043769676413638399221073711131830420856479610138420061523726088337902756985151787077545219666813194023409810003093763694862956762350193215901572045157604665211106289270347215546746474180833712811704204985252313165898924616932580390419193252416774646762499135017844783914738437811049338900000000000e-10
1.162261467000000000000000000000000000000000000000000000000000000000000000000000000000000000000000000000000000000000000000000000000000000000000000000000000000000000000000000000000000000000000000000000000000000000000000000000000000000000000000000000000000000000000000000000000000000000000000000000000000e+09 2.849636543172961119402243350827063757674436886279516223141802890366986450762697844483915667688067614609899370592379776161006582379699097177405417188536206230441651915794446294316931785305065704603124232352384399627311729577366559197010117077502022647540253028725340732459906071591424304609500000000000e-10
3.486784401000000000000000000000000000000000000000000000000000000000000000000000000000000000000000000000000000000000000000000000000000000000000000000000000000000000000000000000000000000000000000000000000000000000000000000000000000000000000000000000000000000000000000000000000000000000000000000000000000e+09 1.510147668253706357779805265215901099089371908230805720170430968556105429295961604448971526185337528980167784466647742688448932684782646270543839061875243996518220326473845763388780636234859283999318204111454464638804068371389505446560314381572675318986292693397215714765521175995983886628500000000000e-09
1.046035320300000000000000000000000000000000000000000000000000000000000000000000000000000000000000000000000000000000000000000000000000000000000000000000000000000000000000000000000000000000000000000000000000000000000000000000000000000000000000000000000000000000000000000000000000000000000000000000000000e+10 3.187302550698531685974922650952557572437459356094760931299573402161578061367324109829459047020338252532979217301582593271237923569525203152526417176090661115673582298050149588362214775643427057453236135266661776304056002454482614437655909386937381134434718610911663281237397332203762870932500000000000e-09
3.138105960900000000000000000000000000000000000000000000000000000000000000000000000000000000000000000000000000000000000000000000000000000000000000000000000000000000000000000000000000000000000000000000000000000000000000000000000000000000000000000000000000000000000000000000000000000000000000000000000000e+10 1.005494809640533182218326256289888447619933165986183130695573693478236643981316544320097624217496133365409623714053990774487252871065590016605424648365450743357600117604700490152164980460733546031115049214183047435845234996349412583597144635843616654288133829816922418055756653472944752898900000000000e-08
9.414317882700000000000000000000000000000000000000000000000000000000000000000000000000000000000000000000000000000000000000000000000000000000000000000000000000000000000000000000000000000000000000000000000000000000000000000000000000000000000000000000000000000000000000000000000000000000000000000000000000e+10 1.229894223601295102282587447309147948587614981636545144292574149208069282459183770742772160959053894638230958043204523183838986072427391833796983239246355806086415587240694063567158797364090100212385174156980964671582779423233479459934238648730584284145876839911287303360202077826645519444300000000000e-08
2.824295364810000000000000000000000000000000000000000000000000000000000000000000000000000000000000000000000000000000000000000000000000000000000000000000000000000000000000000000000000000000000000000000000000000000000000000000000000000000000000000000000000000000000000000000000000000000000000000000000000e+11 5.382750074439685925984302808136954284447620295948964470579876099402426197028618337827963143518030315659293377124277281719340131334342011812217977506583962883136731036035837539202618202098753131186655212266459036399979675529076058248803208589826593757183164344452863881780217664310712388155400000000000e-08
8.472886094430000000000000000000000000000000000000000000000000000000000000000000000000000000000000000000000000000000000000000000000000000000000000000000000000000000000000000000000000000000000000000000000000000000000000000000000000000000000000000000000000000000000000000000000000000000000000000000000000e+11 2.051222003320797064296066970267048718759907873265944503898509222865926508916177281992127731244112419710715068842111304181503466784599214933870607259031298578920903945479824274326382203545633375997851443397370740577594204626687260683580253697179929389171017378266167500546536999260527231647800000000000e-07
2.541865828329000000000000000000000000000000000000000000000000000000000000000000000000000000000000000000000000000000000000000000000000000000000000000000000000000000000000000000000000000000000000000000000000000000000000000000000000000000000000000000000000000000000000000000000000000000000000000000000000e+12 2.488828560002241884898052844825913941786877019039804187987529724305782846338568631001824480995234401220586420504523173467548554981878146502611344458054329725817271885086475336156767348652418137425020543434273716530603127620921738676298978691617087558181025026575643307906449888866487976117700000000000e-07
7.625597484987000000000000000000000000000000000000000000000000000000000000000000000000000000000000000000000000000000000000000000000000000000000000000000000000000000000000000000000000000000000000000000000000000000000000000000000000000000000000000000000000000000000000000000000000000000000000000000000000e+12 6.037618736048662214591076154320612381161518692524791572477180111642025742876483986573801007808524218628593442489803990253269443941714655069837726740173581159878195476162854691023210889216963662128060296965222013209171082554102406847599737328107006622448134338016986097057657744947386443695600000000000e-07
2.287679245496100000000000000000000000000000000000000000000000000000000000000000000000000000000000000000000000000000000000000000000000000000000000000000000000000000000000000000000000000000000000000000000000000000000000000000000000000000000000000000000000000000000000000000000000000000000000000000000000e+13 3.847223256371614586407233319280172949898917628819149155185736522100569778052488781309554861880351470305240165518432402088588504862425582011559013223338186728954373835938903010105859952998244713745533619668893709287439070349133007373826314734863207181544496443894225658355063934011180669757700000000000e-06
6.863037736488300000000000000000000000000000000000000000000000000000000000000000000000000000000000000000000000000000000000000000000000000000000000000000000000000000000000000000000000000000000000000000000000000000000000000000000000000000000000000000000000000000000000000000000000000000000000000000000000e+13 9.031988355286644873824832235092426112047984115053941305446817232364456805268622940661689978080944251360360615362877336767872019567621229710116454736995721260000237397159332524351061075448253802840768912645667565160390142632079296925919523580895009527786003960190477125806944520241068693890700000000000e-06
2.058911320946490000000000000000000000000000000000000000000000000000000000000000000000000000000000000000000000000000000000000000000000000000000000000000000000000000000000000000000000000000000000000000000000000000000000000000000000000000000000000000000000000000000000000000000000000000000000000000000000e+14 1.246862606522865934271638984500405598671539311031005212187240400983774768561428901607415296380127618494208599683842404525821472266275511729970996245263527518148877464748355529724153820163354845012568760588727761593472540578176675047193037090238707271746098299140396520690059554826724188494900000000000e-05
6.176733962839470000000000000000000000000000000000000000000000000000000000000000000000000000000000000000000000000000000000000000000000000000000000000000000000000000000000000000000000000000000000000000000000000000000000000000000000000000000000000000000000000000000000000000000000000000000000000000000000e+14 1.565320147108019576486714010060095580620160910045575501545658876223360973181697853266797658977303998146717492099109930842505904875430631627862628164991630389410509347389892657180339950138172549875440560529877784460692592508615814390551950104695670084142104280252973922519317841060773046461800000000000e-04
1.853020188851841000000000000000000000000000000000000000000000000000000000000000000000000000000000000000000000000000000000000000000000000000000000000000000000000000000000000000000000000000000000000000000000000000000000000000000000000000000000000000000000000000000000000000000000000000000000000000000000e+15 9.535747851859126383152685256445534033530732234400521277761242910698294222542907295963721213036930603879735335782262238446439837089531449338443677293950644638159649373497576105802085690219783466489718495269805743064282615194734807966755706056249146621749390563213818134602190926188659244829200000000000e-05
5.559060566555523000000000000000000000000000000000000000000000000000000000000000000000000000000000000000000000000000000000000000000000000000000000000000000000000000000000000000000000000000000000000000000000000000000000000000000000000000000000000000000000000000000000000000000000000000000000000000000000e+15 2.082942008486261615162392826665046874204951201801490144437268542602426799808436245248942095858120225896390815792468978119479080401682435691399528924940130275915947862085209998160489566131865265246009910097916827112958779203464755783222092941771575355491315630230788717746173644068805606888600000000000e-04
