1.000000000000000000000000000000000000000000000000000000000000000000000000000000000000000000000000000000000000000000000000000000000000000000000000000000000000000000000000000000000000000000000000000000000000000000000000000000000000000000000000000000000000000000000000000000000000000000000000000000000000e+01 2.075135756783321022421405125697374227475599744298882109499729324875632725148366909378666792569077232434775101580797980492144759131766074838763742032824904951844159672760829683702782007821260413091235904158228191963939877984818557570656738271957477512075194279620723322985732071425653037161900000000000e-02
3.000000000000000000000000000000000000000000000000000000000000000000000000000000000000000000000000000000000000000000000000000000000000000000000000000000000000000000000000000000000000000000000000000000000000000000000000000000000000000000000000000000000000000000000000000000000000000000000000000000000000e+01 4.272128485168467205455475062878082276116431176118426346109345993438821882930910341879863847477405175676146638974702958882249207205655534861893774240219917200351655838060003833836472841100415494193581894655838952029589842289996110723608738732743264442483704838605052405691050096581392413413200000000000e-02
9.000000000000000000000000000000000000000000000000000000000000000000000000000000000000000000000000000000000000000000000000000000000000000000000000000000000000000000000000000000000000000000000000000000000000000000000000000000000000000000000000000000000000000000000000000000000000000000000000000000000000e+01 2.125556880920347797065275256792671997502252372349513643308638786792130379096293930603907142206542589013894155755506920083470839210443082683969388329781132664931745010500054625362219202490867243011548494531336535230053798169670697039337312822498684181284143257734356595112115550858851002962500000000000e-01
2.700000000000000000000000000000000000000000000000000000000000000000000000000000000000000000000000000000000000000000000000000000000000000000000000000000000000000000000000000000000000000000000000000000000000000000000000000000000000000000000000000000000000000000000000000000000000000000000000000000000000e+02 5.844258311954332951603678287080776864541697886617531069905099833289443805691114147677659812230666793130994598972536826081014383065637627323357373087066603615832008042024808030545561383837683230282926197688190895518414778844609326753297655982614171852192664955219020895286320352778842905939200000000000e-01
8.100000000000000000000000000000000000000000000000000000000000000000000000000000000000000000000000000000000000000000000000000000000000000000000000000000000000000000000000000000000000000000000000000000000000000000000000000000000000000000000000000000000000000000000000000000000000000000000000000000000000e+02 6.776532321873636730519970827387800592258635245640554428575712918078661260159292708056100762636421874064883402888733847963136478421730396598797586955856146835486880083065442085345591858040422905276865087560850045271935988765552325486372636464468483348017887789012415362698147233840958492470000000000000e-01
2.430000000000000000000000000000000000000000000000000000000000000000000000000000000000000000000000000000000000000000000000000000000000000000000000000000000000000000000000000000000000000000000000000000000000000000000000000000000000000000000000000000000000000000000000000000000000000000000000000000000000e+03 6.591850978462010875735767408048697738432413393835860991179256524931260670885395379934516719851028779772529540682445922712724637339297952638231682913478372827991462202711541677013088287712839376950007221949181645633368804394208859258167210240102702289343329566870961082732766308413916825361800000000000e-01
7.290000000000000000000000000000000000000000000000000000000000000000000000000000000000000000000000000000000000000000000000000000000000000000000000000000000000000000000000000000000000000000000000000000000000000000000000000000000000000000000000000000000000000000000000000000000000000000000000000000000000e+03 9.114753323982519608372527750669940009726150175341013760714979688387484406006409170575024270044305902012296080734793391646150272537538663756067493899457825814228788225966070277920240536970695589825659760934899069199950548802562828148649219774679514952324767388695827703879521800053202304351900000000000e-01
2.187000000000000000000000000000000000000000000000000000000000000000000000000000000000000000000000000000000000000000000000000000000000000000000000000000000000000000000000000000000000000000000000000000000000000000000000000000000000000000000000000000000000000000000000000000000000000000000000000000000000e+04 9.115280397780561014504151022025117298941274229854525248993902696366889038336830032095543991336974138310924377705011555470470315204755486583063535603558555398758670737347176834407851005958337267297925326355244029376627651100898953470094295482948463207881489419228893672870163102759225733916900000000000e-01
6.561000000000000000000000000000000000000000000000000000000000000000000000000000000000000000000000000000000000000000000000000000000000000000000000000000000000000000000000000000000000000000000000000000000000000000000000000000000000000000000000000000000000000000000000000000000000000000000000000000000000e+04 9.922947849547719665437970426506858197685356222422725312800337832353687258125463838775470265188540155861454628438270321705881111660330541660852624425199102312221305021328483247098659552202893575399640529418054594150038912965952509989400070968629462543123485179116275252742505381298118710442500000000000e-01
1.968300000000000000000000000000000000000000000000000000000000000000000000000000000000000000000000000000000000000000000000000000000000000000000000000000000000000000000000000000000000000000000000000000000000000000000000000000000000000000000000000000000000000000000000000000000000000000000000000000000000e+05 9.194092800483475925812284668452572306386229077442462651010964805920737585375764300758741511517149922715371023782165864245300629134802817866616293846922436040427556523984235388198231618751886172590645051173351298063992035964657292239920867971115698611202419284560074200963550932719957687039900000000000e-01
5.904900000000000000000000000000000000000000000000000000000000000000000000000000000000000000000000000000000000000000000000000000000000000000000000000000000000000000000000000000000000000000000000000000000000000000000000000000000000000000000000000000000000000000000000000000000000000000000000000000000000e+05 8.826874306741463838432852914414164069586527057612832633503858597395238796175599673879079248722825144550043189697170016555636506469978691981950241735265946342284256031282292062133775477128396129285424946176854205793264594549435783363251285645073924990882203213628371817756583689667551963070300000000000e-01
1.771470000000000000000000000000000000000000000000000000000000000000000000000000000000000000000000000000000000000000000000000000000000000000000000000000000000000000000000000000000000000000000000000000000000000000000000000000000000000000000000000000000000000000000000000000000000000000000000000000000000e+06 9.646144841547306550726659410171719352709745820859192390281026923405686759876100118118207828657238591837907867507969873023394433427606544437445661090409214950133714887176965694547201374628175578253693596039014572291893684060614137337686346452615536088553537809440573802380764958052518774632100000000000e-01
5.314410000000000000000000000000000000000000000000000000000000000000000000000000000000000000000000000000000000000000000000000000000000000000000000000000000000000000000000000000000000000000000000000000000000000000000000000000000000000000000000000000000000000000000000000000000000000000000000000000000000e+06 9.749914198105742911482350501082315007748070686744084388828432371064710779495791513495281143191121008016532447472426987712718549462030792272908269515462258776917374155553665578252002908990433945079962618377230806189929509053670112889886455245265906230446521186151475172217079826633015153481700000000000e-01
1.594323000000000000000000000000000000000000000000000000000000000000000000000000000000000000000000000000000000000000000000000000000000000000000000000000000000000000000000000000000000000000000000000000000000000000000000000000000000000000000000000000000000000000000000000000000000000000000000000000000000e+07 9.916487142924837067912363948046736125607646061103496954534862590385537561500088227660558251331367230897382363063957533414919112026385354175927297449428023505764298425363333673908320472468649472419032634135442778096823494923774954239984448079575852985877365400823908600537695753519227404305300000000000e-01
4.782969000000000000000000000000000000000000000000000000000000000000000000000000000000000000000000000000000000000000000000000000000000000000000000000000000000000000000000000000000000000000000000000000000000000000000000000000000000000000000000000000000000000000000000000000000000000000000000000000000000e+07 9.151969690215570737645866552526871025338924919905148019593067153726278999044736996562500556152152386369080548791317051789443359747781076970448379926704690570861154280630783017453073654378495680694092981757015048038340745103301316680623121512782416270523227975299978713437387539768016460133100000000000e-01
1.434890700000000000000000000000000000000000000000000000000000000000000000000000000000000000000000000000000000000000000000000000000000000000000000000000000000000000000000000000000000000000000000000000000000000000000000000000000000000000000000000000000000000000000000000000000000000000000000000000000000e+08 9.846199060365386983374909226743005712817554868402814324175181039291811504066522311966196903789727858345381832585556437239615390526224491364003254187601048349818170276306302590585316569837322273754315178629164892783992084756973118873442528673111657751001844329744150996249428114493235300211500000000000e-01
4.304672100000000000000000000000000000000000000000000000000000000000000000000000000000000000000000000000000000000000000000000000000000000000000000000000000000000000000000000000000000000000000000000000000000000000000000000000000000000000000000000000000000000000000000000000000000000000000000000000000000e+08 9.930492156599656043596473200089170855196258976657689301088561688309227755225417258728036904095720540395281529685801258692072950306657082375867224901584737795601699065724519901153921915832603882203672799396618155088567006865655994851261503044861604068385514785638031180414980524134156937698000000000000e-01
1.291401630000000000000000000000000000000000000000000000000000000000000000000000000000000000000000000000000000000000000000000000000000000000000000000000000000000000000000000000000000000000000000000000000000000000000000000000000000000000000000000000000000000000000000000000000000000000000000000000000000e+09 9.533631546236262777321173164056292908247065316319689952096720085300747946798565916039859065386430429454485174952429187409525011579640185655901793473254252677982903416410879458439805330439868614360063802183387051304810522466415528532591727074026875399149920862602011288442983209699074551606500000000000e-01
3.874204890000000000000000000000000000000000000000000000000000000000000000000000000000000000000000000000000000000000000000000000000000000000000000000000000000000000000000000000000000000000000000000000000000000000000000000000000000000000000000000000000000000000000000000000000000000000000000000000000000e+09 9.698751683840466368630106990072184958189196911271996557913471073501912644915894827863077979575486569836538901081122251636058463936805567483917356733683535048082108723367823405025529023267191532192778653364220986127796594940191378232281185240889354830157276255224485165169416873871519742386400000000000e-01
1.162261467000000000000000000000000000000000000000000000000000000000000000000000000000000000000000000000000000000000000000000000000000000000000000000000000000000000000000000000000000000000000000000000000000000000000000000000000000000000000000000000000000000000000000000000000000000000000000000000000000e+10 1.032403959710048969731848668408400164294311952719367068465169679107840670312287157066992828322117369069947866425315544478053040041920258724845120574057148079449910457901834664390598192373141730941717034950275481148405818750747362703266932199183236764644361335336993015469838205187306536172500000000000e+00
3.486784401000000000000000000000000000000000000000000000000000000000000000000000000000000000000000000000000000000000000000000000000000000000000000000000000000000000000000000000000000000000000000000000000000000000000000000000000000000000000000000000000000000000000000000000000000000000000000000000000000e+10 1.002630142475929613607139192495040780427023628051087270820549484816359414382931466877766676232926365652825802933263703613006468978593550253975631882123254657543420572051767335315105165227957332271806843607378104513804674820649300569242871568404267449407159966558838978612262439465202555993800000000000e+00
1.046035320300000000000000000000000000000000000000000000000000000000000000000000000000000000000000000000000000000000000000000000000000000000000000000000000000000000000000000000000000000000000000000000000000000000000000000000000000000000000000000000000000000000000000000000000000000000000000000000000000e+11 1.108663477639822553005248602374671043827761903685381367201427977833066765287013118717620756861225867544897760504378898247216982993238394657008871776133317194446510932636845086217004034759811104623205666837191905587567946130409612263956978468531132347129229745238631948177463823672626482218600000000000e+00
3.138105960900000000000000000000000000000000000000000000000000000000000000000000000000000000000000000000000000000000000000000000000000000000000000000000000000000000000000000000000000000000000000000000000000000000000000000000000000000000000000000000000000000000000000000000000000000000000000000000000000e+11 1.030388680899746012605410040680625637570264411109549678347295937702943002948013673921691673957754255835297064167140097547734870849976153969078542238777886592042670927473010211872410040976023988040531883572729463340672781412340626474165345875221362347958654164664009558190366215368634871555500000000000e+00
9.414317882700000000000000000000000000000000000000000000000000000000000000000000000000000000000000000000000000000000000000000000000000000000000000000000000000000000000000000000000000000000000000000000000000000000000000000000000000000000000000000000000000000000000000000000000000000000000000000000000000e+11 1.106389892901806286263458341133054838889440373938326746672848461478786108916288598905857002630933448720229391040141617022241309703216758272819452654105035045043660520492848177215479613864219652942967903763843008105668258102581212741161057795370050422622562899366211169348409500820966543629000000000000e+00
2.824295364810000000000000000000000000000000000000000000000000000000000000000000000000000000000000000000000000000000000000000000000000000000000000000000000000000000000000000000000000000000000000000000000000000000000000000000000000000000000000000000000000000000000000000000000000000000000000000000000000e+12 1.079148964654953692827275688632907849181648276758145648544425850889545162064375506398510030105515983266896497395124664966515753475791333981986771871943515605502403606934932808872622640435100536996134000484763341853123141885754839428872870715138730436242049091385206840156661834313567373638100000000000e+00
8.472886094430000000000000000000000000000000000000000000000000000000000000000000000000000000000000000000000000000000000000000000000000000000000000000000000000000000000000000000000000000000000000000000000000000000000000000000000000000000000000000000000000000000000000000000000000000000000000000000000000e+12 1.068665403309314376331405835548596872978380733753389089265939199563551283045576035892147973837548028350604784478147733219336773337970345183671580406226663369431447099624743482926743501597771612942279270321222093543777863625185159453732239303241238968189763339568855346678277203808349233330300000000000e+00
2.541865828329000000000000000000000000000000000000000000000000000000000000000000000000000000000000000000000000000000000000000000000000000000000000000000000000000000000000000000000000000000000000000000000000000000000000000000000000000000000000000000000000000000000000000000000000000000000000000000000000e+13 1.083405347429581717726246807581660053298906400340942811220874579856288973265297731552460143300193296097949827447251216312800983791074317217600788649574854420443953684718379919397451198464958218304078575505493184249279721902742037028237392531080533819706571995662132968353030025191196336343300000000000e+00
7.625597484987000000000000000000000000000000000000000000000000000000000000000000000000000000000000000000000000000000000000000000000000000000000000000000000000000000000000000000000000000000000000000000000000000000000000000000000000000000000000000000000000000000000000000000000000000000000000000000000000e+13 1.134164974163030844105938717424208141411594331851238273967097861701292696098580161689030943364935223496742247260303352691847348755243457255074160160205199632153100440366333201633013125020391718534176217558061695186613718054432124397169992201838464990072044660524131951765847382134363967166000000000000e+00
2.287679245496100000000000000000000000000000000000000000000000000000000000000000000000000000000000000000000000000000000000000000000000000000000000000000000000000000000000000000000000000000000000000000000000000000000000000000000000000000000000000000000000000000000000000000000000000000000000000000000000e+14 1.119875675704021721955561355711397649358002946883204404625432804027343630427668467879053501174613477709138248464319293875269643202463956422270328786026804492636839072000038312546130064517324800259946735619144445188500549354456925934924857005235629993112586337474386932948002974579345767422600000000000e+00
6.863037736488300000000000000000000000000000000000000000000000000000000000000000000000000000000000000000000000000000000000000000000000000000000000000000000000000000000000000000000000000000000000000000000000000000000000000000000000000000000000000000000000000000000000000000000000000000000000000000000000e+14 1.170020346368017521594009889421904637705560707132333285212029428637413243366931677322814808725606383599952268363933695167655977736185915577842082333298221890716314541798127204377445612577587122922675048096763410405697994518147336148584231633976781267147755979815379657858724909655477729872700000000000e+00
2.058911320946490000000000000000000000000000000000000000000000000000000000000000000000000000000000000000000000000000000000000000000000000000000000000000000000000000000000000000000000000000000000000000000000000000000000000000000000000000000000000000000000000000000000000000000000000000000000000000000000e+15 1.170696933272910183734558947679810311276121875665966855475206206892124727687722744031826397404372697533106471660950904355057647100211507329683532105381173199363314053897864886068455010686470294952410187600002410240216884603278208912111902354188212651634804407552850028283310675377854855329700000000000e+00
6.176733962839470000000000000000000000000000000000000000000000000000000000000000000000000000000000000000000000000000000000000000000000000000000000000000000000000000000000000000000000000000000000000000000000000000000000000000000000000000000000000000000000000000000000000000000000000000000000000000000000e+15 1.082615117040585535324933125152967998334281651633840959790719756881653917398229345410004197573911966089813803445915967349346135364986066501906796730062090258809552786052545720504948832501430059854619965381657189395046346800456848732964528651098195639579444102572916329162537975808020660651000000000000e+00
