1.000000000000000000000000000000000000000000000000000000000000000000000000000000000000000000000000000000000000000000000000000000000000000000000000000000000000000000000000000000000000000000000000000000000000000000000000000000000000000000000000000000000000000000000000000000000000000000000000000000000000e+01 7.354028896682919251503949568762369836066215459268429372318576876196305742297974576068268560719705033036714716854213312365738674825832593239434887062922210926120338935676592912692895794808587645428002185853468892497708727986722937695833456589317754104371700824359488147751225559044872347286000000000000e-59
3.000000000000000000000000000000000000000000000000000000000000000000000000000000000000000000000000000000000000000000000000000000000000000000000000000000000000000000000000000000000000000000000000000000000000000000000000000000000000000000000000000000000000000000000000000000000000000000000000000000000000e+01 1.306192768592740781013267581992131176429125856021295125277335798624264500644973068010151754055704838231955000396833511720522799832540248979013243158448899134825484688191407921587035199594887114016267641959891293598525494661330538139266304812511410535609340598357982123719494856231811133077900000000000e-58
9.000000000000000000000000000000000000000000000000000000000000000000000000000000000000000000000000000000000000000000000000000000000000000000000000000000000000000000000000000000000000000000000000000000000000000000000000000000000000000000000000000000000000000000000000000000000000000000000000000000000000e+01 4.966807659727810855042494279787565801380830484855155885832892549203074734158414097191271538705425458574081206392601107764508204886536889921088731310041392142786843937532207909675875042307602766833348759465671174104904088519378004903771909348647199670496895833864932441779769826678722921804300000000000e-58
2.700000000000000000000000000000000000000000000000000000000000000000000000000000000000000000000000000000000000000000000000000000000000000000000000000000000000000000000000000000000000000000000000000000000000000000000000000000000000000000000000000000000000000000000000000000000000000000000000000000000000e+02 5.258720808941047915376678657128561955955944752677765353874873413199744287564881852512360676916571254682585566998761907306172429729122025114901932920346176379850318279844755589972347467699023355523999928003470477680745003941453660071882558361003813270437387688793391816680328223490560147489900000000000e-58
8.100000000000000000000000000000000000000000000000000000000000000000000000000000000000000000000000000000000000000000000000000000000000000000000000000000000000000000000000000000000000000000000000000000000000000000000000000000000000000000000000000000000000000000000000000000000000000000000000000000000000e+02 1.887562017145547081635952419147906168537103118735658325579594196315614357693165878136601186543607909019817119733557595936084679092860951483387983213338546677833321029796499539272676287560673199842833137386875670629307135120051482296122834990357965532907565134649919185708431873245168646481700000000000e-57
2.430000000000000000000000000000000000000000000000000000000000000000000000000000000000000000000000000000000000000000000000000000000000000000000000000000000000000000000000000000000000000000000000000000000000000000000000000000000000000000000000000000000000000000000000000000000000000000000000000000000000e+03 7.323644139064473429716618475890288942249162939668963648415894217157422089087895694468632979641273381148571811440371637977421547353940485540079663572023459095219207634233593544872035491591003195162121232885571007340209215648187436368861502771724725563567183366765095495557973015463497637145200000000000e-57
7.290000000000000000000000000000000000000000000000000000000000000000000000000000000000000000000000000000000000000000000000000000000000000000000000000000000000000000000000000000000000000000000000000000000000000000000000000000000000000000000000000000000000000000000000000000000000000000000000000000000000e+03 5.210568349678754634345502099935288196132328010458478295991766408399815590633171781091370943048410725124340347645068859828675436946257412916534458711424878476699655054214777172044903868489787684641925697712577546271396348419115914615886368759075163264539381856438539423505987952671001761971200000000000e-56
2.187000000000000000000000000000000000000000000000000000000000000000000000000000000000000000000000000000000000000000000000000000000000000000000000000000000000000000000000000000000000000000000000000000000000000000000000000000000000000000000000000000000000000000000000000000000000000000000000000000000000e+04 1.704795656516596866602528719636259101189191124573343333632212649942811102168519832994177587065440673849937526362410381213125764907055372331876983112024987873564934089092868562788938885341299035748752092820018194493755844285657527871880687995441059163965012066897354747725432805015628460128500000000000e-55
6.561000000000000000000000000000000000000000000000000000000000000000000000000000000000000000000000000000000000000000000000000000000000000000000000000000000000000000000000000000000000000000000000000000000000000000000000000000000000000000000000000000000000000000000000000000000000000000000000000000000000e+04 7.451112316288416670056634634277530870756115119533823113473228541796861092991985727688650771805321471204554836685401598875879106309064596933541241747760985571489232311097690511921323234142521955398352416543639082859624173612413538135881639496406655504694324266588049794435353458198203732537500000000000e-55
1.968300000000000000000000000000000000000000000000000000000000000000000000000000000000000000000000000000000000000000000000000000000000000000000000000000000000000000000000000000000000000000000000000000000000000000000000000000000000000000000000000000000000000000000000000000000000000000000000000000000000e+05 1.947012999674051142392530437987093443393271576513701902756443871129407265597749132200449074921790503696937241541850584301154237105436325920594715026559592460272127974502793238981242356014857341126564730893725129828654866487919202680935488362729491538075635847236599317796249534051074449803600000000000e-54
5.904900000000000000000000000000000000000000000000000000000000000000000000000000000000000000000000000000000000000000000000000000000000000000000000000000000000000000000000000000000000000000000000000000000000000000000000000000000000000000000000000000000000000000000000000000000000000000000000000000000000e+05 3.450480517396569078647727289710198704138125323794228434639751556663231119861531095758286280871281939670671784117737619538370329358415109996424870463987441542931122605097083497274344581236792755147490145105118595909144416819713370786863715461966470331401682672407030197905522853343986976120500000000000e-54
1.771470000000000000000000000000000000000000000000000000000000000000000000000000000000000000000000000000000000000000000000000000000000000000000000000000000000000000000000000000000000000000000000000000000000000000000000000000000000000000000000000000000000000000000000000000000000000000000000000000000000e+06 6.268030647481324947942454473831217070378376410181102698657176833002019993984425151098850051735601992293026423602809970911596354752006655218423586624892817071040974879625964148822478858573400545662978811352447104945215090177260567236125145051732745016777407600029843202049001126122030320079200000000000e-54
5.314410000000000000000000000000000000000000000000000000000000000000000000000000000000000000000000000000000000000000000000000000000000000000000000000000000000000000000000000000000000000000000000000000000000000000000000000000000000000000000000000000000000000000000000000000000000000000000000000000000000e+06 1.089389908729497948532860712016310319108887801970562483924028520553708479010007709187420095438490797915168684323007478819167110770457825353377602239245997963067874437389874704871305735274132426279397083666541628723306870970176484849158214888909543620437327800985000666717950728716781492168100000000000e-53
1.594323000000000000000000000000000000000000000000000000000000000000000000000000000000000000000000000000000000000000000000000000000000000000000000000000000000000000000000000000000000000000000000000000000000000000000000000000000000000000000000000000000000000000000000000000000000000000000000000000000000e+07 1.103485676253309918690891054571777991605849367535445940757194960932401820668551794560014093164604689464393853742247375034606861774053088680515226674831631589493849596876643758976118871322364752317373826452629295465894774020755869136584551248679625687446474426251855237819417028696215614963600000000000e-52
4.782969000000000000000000000000000000000000000000000000000000000000000000000000000000000000000000000000000000000000000000000000000000000000000000000000000000000000000000000000000000000000000000000000000000000000000000000000000000000000000000000000000000000000000000000000000000000000000000000000000000e+07 9.943475492106768323264800018961716353627209001637230169430515652975190171905043767354071411656598719083371731711207839363697658994445834031432570039170022680424619286108700105303183259511438421675266510769915347891856904898745012083090502000857808264938364287013680098724308249264483923223400000000000e-53
1.434890700000000000000000000000000000000000000000000000000000000000000000000000000000000000000000000000000000000000000000000000000000000000000000000000000000000000000000000000000000000000000000000000000000000000000000000000000000000000000000000000000000000000000000000000000000000000000000000000000000e+08 5.548654873085485477969050599214330031510006482103677110344225695574333961816878713518994075663260558339886975958705500355834638520854593656248516405646153913822143379860974177391062536797881121449755969380863557095639875770699382737303027303019553002160925035356246027754757758878082997191800000000000e-52
4.304672100000000000000000000000000000000000000000000000000000000000000000000000000000000000000000000000000000000000000000000000000000000000000000000000000000000000000000000000000000000000000000000000000000000000000000000000000000000000000000000000000000000000000000000000000000000000000000000000000000e+08 4.329684883300338591827852455514146554028863174818647038188453324855846960825432897504025075215956444671612243808376449915061319158616486287742203347130008608653766510695934989367835987701835195619014252861816067069554604993163808888293064416502394981489684635790414552615952386719844782582400000000000e-51
1.291401630000000000000000000000000000000000000000000000000000000000000000000000000000000000000000000000000000000000000000000000000000000000000000000000000000000000000000000000000000000000000000000000000000000000000000000000000000000000000000000000000000000000000000000000000000000000000000000000000000e+09 2.382970957948656159319306440017240288747492313138063222341058919979330236241794569846970398287046428542920597253113224629133622908072097983045565998046916998146685494317088654884716705175374698688254909916644038782822001436347139353168269264428118040471813722502750008324621806535089908935500000000000e-51
3.874204890000000000000000000000000000000000000000000000000000000000000000000000000000000000000000000000000000000000000000000000000000000000000000000000000000000000000000000000000000000000000000000000000000000000000000000000000000000000000000000000000000000000000000000000000000000000000000000000000000e+09 2.388262897598363330846043867240500835356609310416665654325019960797553307746493515533467755866665252922049047510306984180940931979625626336308130549731979596732132918677526602687549437772829940141415474916876126414026989000150796259637864087910039928618093780400457204988425323573500325343400000000000e-50
1.162261467000000000000000000000000000000000000000000000000000000000000000000000000000000000000000000000000000000000000000000000000000000000000000000000000000000000000000000000000000000000000000000000000000000000000000000000000000000000000000000000000000000000000000000000000000000000000000000000000000e+10 2.287157779727470688929840508459297060510289383842839316233405098062630109546925487153543798894457163991223969029883812064471136472244039921069269676373986050869948377174777644028656937121887691479012152519825836568120260179542206242716315187520792281262649147069020441189576993270247716354400000000000e-51
3.486784401000000000000000000000000000000000000000000000000000000000000000000000000000000000000000000000000000000000000000000000000000000000000000000000000000000000000000000000000000000000000000000000000000000000000000000000000000000000000000000000000000000000000000000000000000000000000000000000000000e+10 1.026949697902729883504891246355163570393658271858023393914358595095327027725529974427816740454510539450368493729550375064824281934631361697423312962953489996532634240663484561419047252592910916456324635033237410455710397288269849771821331588980658060441818353390988318598005783463006583347700000000000e-49
1.046035320300000000000000000000000000000000000000000000000000000000000000000000000000000000000000000000000000000000000000000000000000000000000000000000000000000000000000000000000000000000000000000000000000000000000000000000000000000000000000000000000000000000000000000000000000000000000000000000000000e+11 1.252454297595115664672604419395137189614754292599474548337887663571022245666921680284541577515446431271323212134303921089419256351525563910632342458649413230908101691817125223452438237371292601949951347389165055056546787906473154829207565216128840041083219208723096068698056340080729732259800000000000e-49
3.138105960900000000000000000000000000000000000000000000000000000000000000000000000000000000000000000000000000000000000000000000000000000000000000000000000000000000000000000000000000000000000000000000000000000000000000000000000000000000000000000000000000000000000000000000000000000000000000000000000000e+11 1.180777608411550287677277829031725091206461914268574645298396523467068776850532410832939778801216346197232936688743328278522442197992006434328518051354289888707018738446231135586580351229143388235285237513101807523703103237534026078812430298028065061668852045103789535245804861596335497501600000000000e-48
9.414317882700000000000000000000000000000000000000000000000000000000000000000000000000000000000000000000000000000000000000000000000000000000000000000000000000000000000000000000000000000000000000000000000000000000000000000000000000000000000000000000000000000000000000000000000000000000000000000000000000e+11 6.519065627242870740811919878657062733661307139322050907978733733348508801038010581446384183068452924243968462527281280959715051694265671386895217534114057263422840009930639294624145368053975158036433866492655063829592276058456942332476696234889259429063816547570531409701709214583714792219400000000000e-48
2.824295364810000000000000000000000000000000000000000000000000000000000000000000000000000000000000000000000000000000000000000000000000000000000000000000000000000000000000000000000000000000000000000000000000000000000000000000000000000000000000000000000000000000000000000000000000000000000000000000000000e+12 2.198430343318614650308954537024320448942609440206919180752754765651502987533062736650015584784908740324636404463812729607394615848610592301112108582470635812457423322712896288225583286847995689300016048908149706966124956939206368778102109468855343583896272247243383333842628627112462771834600000000000e-48
8.472886094430000000000000000000000000000000000000000000000000000000000000000000000000000000000000000000000000000000000000000000000000000000000000000000000000000000000000000000000000000000000000000000000000000000000000000000000000000000000000000000000000000000000000000000000000000000000000000000000000e+12 4.010756248644952682900868270729966061876795906052059151526382810360285864000238489413841795862401168786063290109808770448528006543916760758923873834826987463798502401135011998431368699319300498009734466277170013492435294484419675576277508230123021972205969414530707122499856681780024757914800000000000e-47
2.541865828329000000000000000000000000000000000000000000000000000000000000000000000000000000000000000000000000000000000000000000000000000000000000000000000000000000000000000000000000000000000000000000000000000000000000000000000000000000000000000000000000000000000000000000000000000000000000000000000000e+13 1.590018221504101327288210143255578386420912633620805130303360130612388584202284236028540401714367957038993042401517536396909657173253876018572221018608992313743573908789260643651931655012181908950667660542361202363552122381377493806437208599172418372441988674297820380087053079020823073759700000000000e-46
7.625597484987000000000000000000000000000000000000000000000000000000000000000000000000000000000000000000000000000000000000000000000000000000000000000000000000000000000000000000000000000000000000000000000000000000000000000000000000000000000000000000000000000000000000000000000000000000000000000000000000e+13 5.278223268038057344572148394536663583899417294193432892603863517006897725129079411066566147039385694135063419464058054666033090663134204494148200609818123770042855879185586007054384021066824337089132115105158732209897068631901697271551327897676914550736368202935672804166874940952373947734400000000000e-46
2.287679245496100000000000000000000000000000000000000000000000000000000000000000000000000000000000000000000000000000000000000000000000000000000000000000000000000000000000000000000000000000000000000000000000000000000000000000000000000000000000000000000000000000000000000000000000000000000000000000000000e+14 6.251579789324171737522174011552939123965963880155290061465488227187812503584588465704119810170211902155579742015691241104340262373665139573754097983343770827618800276315643238091565542552217882267715085003269328825999727598467361541078060796466326504744771777633674978198967071956720814282300000000000e-46
6.863037736488300000000000000000000000000000000000000000000000000000000000000000000000000000000000000000000000000000000000000000000000000000000000000000000000000000000000000000000000000000000000000000000000000000000000000000000000000000000000000000000000000000000000000000000000000000000000000000000000e+14 2.737446969579246036320217873284241918249838731334049054383757069295620354809903031381634557207451666745902295677915437253124479776361077468777977443709648669641173930215247524767870914288836182173656953856469576160402117866922635815639927614212494408068024816232643602769875224441864707262800000000000e-45
2.058911320946490000000000000000000000000000000000000000000000000000000000000000000000000000000000000000000000000000000000000000000000000000000000000000000000000000000000000000000000000000000000000000000000000000000000000000000000000000000000000000000000000000000000000000000000000000000000000000000000e+15 6.971733845237575098586913986504842660302079295784085561204467609338495785353163162868610722447085850379956389747281991005667400808201108409025025012902157986562735355962996510015726977293982879889786711931771119189447933311704660038077250684292427863749652746822744324314082977751131211011900000000000e-45
6.176733962839470000000000000000000000000000000000000000000000000000000000000000000000000000000000000000000000000000000000000000000000000000000000000000000000000000000000000000000000000000000000000000000000000000000000000000000000000000000000000000000000000000000000000000000000000000000000000000000000e+15 5.499539509417261609323566484419995744363675592356652932654578328830189629597681963958060611523549713861886858287650546685810297367375651347772836573444192757346169079612864441084060524010340290729918016705533095232962261335224543113273778068261062232378635339138269721172746717848105163511600000000000e-44
