1.000000000000000000000000000000000000000000000000000000000000000000000000000000000000000000000000000000000000000000000000000000000000000000000000000000000000000000000000000000000000000000000000000000000000000000000000000000000000000000000000000000000000000000000000000000000000000000000000000000000000e+00 1.718447446660556172685428097831355348034031964898848196642881413253972261413171524762961030892235409177237577325340805677497054201515855532332943662821573819343707828987998222921513448413371000656500792424477312254973558000030125222586330348267660403470898006492741576525859667803309503413900000000000e-03
3.000000000000000000000000000000000000000000000000000000000000000000000000000000000000000000000000000000000000000000000000000000000000000000000000000000000000000000000000000000000000000000000000000000000000000000000000000000000000000000000000000000000000000000000000000000000000000000000000000000000000e+00 5.924144904116329952854516679743196696057475855395599661661883673154657273956848717583015869579295658694675377989952735071320322002078998963211341396940767234978570722034202838956456346829470919313374230836967425422561651733022489945939839067884544044319973342570763136338667384405862957789500000000000e-03
9.000000000000000000000000000000000000000000000000000000000000000000000000000000000000000000000000000000000000000000000000000000000000000000000000000000000000000000000000000000000000000000000000000000000000000000000000000000000000000000000000000000000000000000000000000000000000000000000000000000000000e+00 1.348183561162618222409115319454285160153979413183387213676242261967926094459839992566958875227138681303456080946764226692619078690479568376373447606988868788481241767502649208965087451231236846445137881449867833630720638580989060586495355872880214374202196699118923138503105654611046299074800000000000e-02
2.700000000000000000000000000000000000000000000000000000000000000000000000000000000000000000000000000000000000000000000000000000000000000000000000000000000000000000000000000000000000000000000000000000000000000000000000000000000000000000000000000000000000000000000000000000000000000000000000000000000000e+01 3.303243013210962543540526636285990953608521063052291856053750870875936576496417692921940661283566027622853475771456396488333283464771376583753308243021532307348094661002235404674739389371454044450764449314257346492650396308323878906210876183733608887928469489211236597880834621083637959381400000000000e-02
8.100000000000000000000000000000000000000000000000000000000000000000000000000000000000000000000000000000000000000000000000000000000000000000000000000000000000000000000000000000000000000000000000000000000000000000000000000000000000000000000000000000000000000000000000000000000000000000000000000000000000e+01 1.004301428805738073093505948285650540867710286610727076989821678673180579704459029611861569700617612883442105798227321085986149766478254526999343365022372458685567278663024440556401085503759428002232182795124411662788594377521217290258847234857575063044678500854452740934430916969024843460000000000000e-01
2.430000000000000000000000000000000000000000000000000000000000000000000000000000000000000000000000000000000000000000000000000000000000000000000000000000000000000000000000000000000000000000000000000000000000000000000000000000000000000000000000000000000000000000000000000000000000000000000000000000000000e+02 2.333674505949874066008544354502509731954000620445669964789671542294405263584883126381095016053688596815195182092446660064477035222522742985934509560613062058816223546511424932756874881496801965413307218535524800911617670376998827123621212686787500294153783464474428434980218127830888428484700000000000e-01
7.290000000000000000000000000000000000000000000000000000000000000000000000000000000000000000000000000000000000000000000000000000000000000000000000000000000000000000000000000000000000000000000000000000000000000000000000000000000000000000000000000000000000000000000000000000000000000000000000000000000000e+02 7.406722766337359939106110212985469557597120167100707867978213700928548605112815856882142080173803615804368614296028519996647226129779707286642282630436515989305661492992819869971755016477038885903640290062158872379516264178469021079290351716156120442850355371243816043258034275167541921988600000000000e-01
2.187000000000000000000000000000000000000000000000000000000000000000000000000000000000000000000000000000000000000000000000000000000000000000000000000000000000000000000000000000000000000000000000000000000000000000000000000000000000000000000000000000000000000000000000000000000000000000000000000000000000e+03 1.000542193041413270558972835211189774336231912206499577949822385855221012175294189806474720982124934988473067617622212145117522487554886832951930096633808438960691055454537459793703933087319664416201466424455533525290265467857728146794599746954777747640895953933771005105456837617627141828800000000000e+00
6.561000000000000000000000000000000000000000000000000000000000000000000000000000000000000000000000000000000000000000000000000000000000000000000000000000000000000000000000000000000000000000000000000000000000000000000000000000000000000000000000000000000000000000000000000000000000000000000000000000000000e+03 1.262009466244963210312976651421672292645577463675244248104921512846220547882590573124840521746445175690985624580205291749163322613048250959837716865052276888199591761638786983569513886324655802886924220096368679314093968713282743472244417771406793251002628916514172579510850271910256892078500000000000e+00
1.968300000000000000000000000000000000000000000000000000000000000000000000000000000000000000000000000000000000000000000000000000000000000000000000000000000000000000000000000000000000000000000000000000000000000000000000000000000000000000000000000000000000000000000000000000000000000000000000000000000000e+04 1.183172311092397141086233867230988778868951582386386353835670166115391478891520008819396755538611211446684389468053133228994854051798130240838179366029314773820205515276882071472569669705390559987445096904722104076490621828344825764758085550856958195683109363935754956043874262409149045851300000000000e+00
5.904900000000000000000000000000000000000000000000000000000000000000000000000000000000000000000000000000000000000000000000000000000000000000000000000000000000000000000000000000000000000000000000000000000000000000000000000000000000000000000000000000000000000000000000000000000000000000000000000000000000e+04 1.767733167754341077318665741671894934334327508277928648517529888739853968488075437983553460894285479420374919285054705812375104478331222945693779513063026323251161386813402077762867948208997757998477576828618006128828589045990776393016774466137941124246150549776809533837141233250909641202500000000000e+00
1.771470000000000000000000000000000000000000000000000000000000000000000000000000000000000000000000000000000000000000000000000000000000000000000000000000000000000000000000000000000000000000000000000000000000000000000000000000000000000000000000000000000000000000000000000000000000000000000000000000000000e+05 1.411706559751362721553568856980241116752226990293611411475610242313152533626343615634846328328576904175702051647735074935963130217156832092368760594601778511401542939737662173291128559402711130659138717809149647041935919822071861559227655622870345648479166021559734188652938601743616913834100000000000e+00
5.314410000000000000000000000000000000000000000000000000000000000000000000000000000000000000000000000000000000000000000000000000000000000000000000000000000000000000000000000000000000000000000000000000000000000000000000000000000000000000000000000000000000000000000000000000000000000000000000000000000000e+05 1.675746322912736252230128551301466413886301545623909324800361296595291066039515874529519417996397052966018368952947808941821965320206132979146409941658959996384341195254311570085660076979412591136960456602921163019275039878097019649826454963427187769230931258224959440337527071794779148140300000000000e+00
1.594323000000000000000000000000000000000000000000000000000000000000000000000000000000000000000000000000000000000000000000000000000000000000000000000000000000000000000000000000000000000000000000000000000000000000000000000000000000000000000000000000000000000000000000000000000000000000000000000000000000e+06 1.608215220873923800814275734439287584838141725129809396810274214720049448438659129845214869720008046859711849717131799725998852837851333023571655300648791881912638307081493336222058864957841170792506206670292692658314081795556186578300551030115440729525403341069417971808507099532850398794900000000000e+00
4.782969000000000000000000000000000000000000000000000000000000000000000000000000000000000000000000000000000000000000000000000000000000000000000000000000000000000000000000000000000000000000000000000000000000000000000000000000000000000000000000000000000000000000000000000000000000000000000000000000000000e+06 1.592944229322665559354225715109640627130915681539557710817764545428278613667542173769350129809555493702135170648279931385780722575842473942847384248563994071163559764873527808698880797140238765013143272980020661852607710495979500857855613642038091820659661036379818785137758904147157455208200000000000e+00
1.434890700000000000000000000000000000000000000000000000000000000000000000000000000000000000000000000000000000000000000000000000000000000000000000000000000000000000000000000000000000000000000000000000000000000000000000000000000000000000000000000000000000000000000000000000000000000000000000000000000000e+07 1.393868093117362250428132032117896073488976964732918371567739159825496764519667382983556290006054061087776821700172671351329235893731278254937118403493915470139834549191344180141201338686187700499771436397108195138891327837291632088047379840098934701037700782016716240007665130766474352201900000000000e+00
4.304672100000000000000000000000000000000000000000000000000000000000000000000000000000000000000000000000000000000000000000000000000000000000000000000000000000000000000000000000000000000000000000000000000000000000000000000000000000000000000000000000000000000000000000000000000000000000000000000000000000e+07 1.743640074178526969617134753553847822904730199612319076183588013582092290730908612893844839612806892752091717731425746005086547798605199136901918387309263691616095940549619192644813546713416735153684829217365919616695029288196503869037157873463069383014431667225404741085236352245019422492300000000000e+00
1.291401630000000000000000000000000000000000000000000000000000000000000000000000000000000000000000000000000000000000000000000000000000000000000000000000000000000000000000000000000000000000000000000000000000000000000000000000000000000000000000000000000000000000000000000000000000000000000000000000000000e+08 1.783745801580229352324208818177301734188885792440383609443929143613763569843454320242752356110933159269131265811005498463915031134235376418018628012440326022348951714977732571779611368772569626812522484033858566497331618996890867398390951315860454086726271375131198022323932636653090083820800000000000e+00
3.874204890000000000000000000000000000000000000000000000000000000000000000000000000000000000000000000000000000000000000000000000000000000000000000000000000000000000000000000000000000000000000000000000000000000000000000000000000000000000000000000000000000000000000000000000000000000000000000000000000000e+08 1.576154590083856300839252822909587991194857082889372847572144079432227104946990184908534440619752545819205685673472426974539373786671568789663889669207563504193078901273207460445609827810885550355921570530590973381168346695839808092097167291652335065336913244940197642601781386820240271120000000000000e+00
1.162261467000000000000000000000000000000000000000000000000000000000000000000000000000000000000000000000000000000000000000000000000000000000000000000000000000000000000000000000000000000000000000000000000000000000000000000000000000000000000000000000000000000000000000000000000000000000000000000000000000e+09 1.551017975593154209205881868840583083825860141577705209785615134682726686992625211473037318268504381754481768620428179125017106317620799348749854348064639491064923668412293766734646268703309345145924914114104971528189250372769395882825703264191011133672150425953843122933201965148026014390400000000000e+00
3.486784401000000000000000000000000000000000000000000000000000000000000000000000000000000000000000000000000000000000000000000000000000000000000000000000000000000000000000000000000000000000000000000000000000000000000000000000000000000000000000000000000000000000000000000000000000000000000000000000000000e+09 1.603221767717586727593587860163953162605476165066394446133350862038870093023574572626254594926697055124271294704750059974191768631814543462261309604984722812868301838534715046034565818843323993408686019843466185776989543023099194726571561480086905675959235147386168857269010820400335447189900000000000e+00
1.046035320300000000000000000000000000000000000000000000000000000000000000000000000000000000000000000000000000000000000000000000000000000000000000000000000000000000000000000000000000000000000000000000000000000000000000000000000000000000000000000000000000000000000000000000000000000000000000000000000000e+10 1.577120944444558088092634362327445827410157008281176690106791542602458431890645767108678332873913134848289783493138956226357571195637793193020241071883768734031558492996683450975588894114395076971952055193214294186470347347079859147736042720283530597455348851976765445735744664593590972530800000000000e+00
3.138105960900000000000000000000000000000000000000000000000000000000000000000000000000000000000000000000000000000000000000000000000000000000000000000000000000000000000000000000000000000000000000000000000000000000000000000000000000000000000000000000000000000000000000000000000000000000000000000000000000e+10 1.506533990557060435285110023862079502381269483757666801723829815455120599738127347777161914571565552890510806038592004539584211970299850718690941168686408654767989955159830559837022167294377888957984606055012590871634251447449543345354406138272998435481048629147216259389347600186361717306300000000000e+00
9.414317882700000000000000000000000000000000000000000000000000000000000000000000000000000000000000000000000000000000000000000000000000000000000000000000000000000000000000000000000000000000000000000000000000000000000000000000000000000000000000000000000000000000000000000000000000000000000000000000000000e+10 1.521946111452076604283748093887815632590371994853901962253132307707100905744565013288233037814792788973784836205096893182871536216520677428887015754932358142154059740506999897638933842633066187224410661625999649202302112640898291611566275684606929884740242416611400602156297590776684702714600000000000e+00
2.824295364810000000000000000000000000000000000000000000000000000000000000000000000000000000000000000000000000000000000000000000000000000000000000000000000000000000000000000000000000000000000000000000000000000000000000000000000000000000000000000000000000000000000000000000000000000000000000000000000000e+11 1.375993116229099649626532397163653349628074908886558934254979339054782867498284606630642072225416962377490732139328583596235730293127832942362489523825054717824177661808125764730865306287293654820080734723184762345059769901539518790713086151539817610882256935413966996738631104016476089344000000000000e+00
8.472886094430000000000000000000000000000000000000000000000000000000000000000000000000000000000000000000000000000000000000000000000000000000000000000000000000000000000000000000000000000000000000000000000000000000000000000000000000000000000000000000000000000000000000000000000000000000000000000000000000e+11 1.532010717472994385237598423480169681854500878277817277163878229172262885014200229154002646977153568629755813220937353533670942874679552400450520756008096644030062682154357474482670466479573729910558655909150903582357495926970813559766728511095640402464974363893071831282131402020166480738100000000000e+00
2.541865828329000000000000000000000000000000000000000000000000000000000000000000000000000000000000000000000000000000000000000000000000000000000000000000000000000000000000000000000000000000000000000000000000000000000000000000000000000000000000000000000000000000000000000000000000000000000000000000000000e+12 1.324626623965921170977936015361604175927153532233127113491447808873191196241105028574074304881242575543965883804524208738936199969105930859531486637404967522666841736506282143934555586521446273723952559066914452818699237176141782398220556720452347568526799010308220231780709403830432592356400000000000e+00
7.625597484987000000000000000000000000000000000000000000000000000000000000000000000000000000000000000000000000000000000000000000000000000000000000000000000000000000000000000000000000000000000000000000000000000000000000000000000000000000000000000000000000000000000000000000000000000000000000000000000000e+12 1.496732888389345121039315104429349276764737217774132340253617188532415215298332045452926113643413595993993118512947076893449045516023613559663647940102854596952829027869586758835808073678325674672920409345061798278056403594099135220364006234939398987207520319772586366119936117582458988495600000000000e+00
2.287679245496100000000000000000000000000000000000000000000000000000000000000000000000000000000000000000000000000000000000000000000000000000000000000000000000000000000000000000000000000000000000000000000000000000000000000000000000000000000000000000000000000000000000000000000000000000000000000000000000e+13 1.385667542260330610317786131357127534642145574316941054160288691996176261110782060688734909158011254260663636714041390768260784061350980906884449356163390840317201605041094725069551427810366947316359145385535908841871365653319924496985962529052308895374208919993825147564705582654608348754300000000000e+00
6.863037736488300000000000000000000000000000000000000000000000000000000000000000000000000000000000000000000000000000000000000000000000000000000000000000000000000000000000000000000000000000000000000000000000000000000000000000000000000000000000000000000000000000000000000000000000000000000000000000000000e+13 1.432829210182143389376473625553290372284494923988043697829587855706604607953336827843930682499828830040364922788905048577424619239962122660374981994312636771377097955536683935344659459610922935367874656444491843622921466177889715032384755675715931375824207315487281598548588106158362913665800000000000e+00
2.058911320946490000000000000000000000000000000000000000000000000000000000000000000000000000000000000000000000000000000000000000000000000000000000000000000000000000000000000000000000000000000000000000000000000000000000000000000000000000000000000000000000000000000000000000000000000000000000000000000000e+14 1.353845343712863371304513733854028014100374240962887515945706616838723941003540181611554918394907117721820677570822342946895153347368552704470079096209126753903976660854015343456637637825812317680594779850885286287794197994903594861314663066581862785985151884905903498659323249447639032620700000000000e+00
6.176733962839470000000000000000000000000000000000000000000000000000000000000000000000000000000000000000000000000000000000000000000000000000000000000000000000000000000000000000000000000000000000000000000000000000000000000000000000000000000000000000000000000000000000000000000000000000000000000000000000e+14 1.379413954701174090642622705711676513706190909546988021817642741810433186747549382480459304918688509986489140201800529369089437282742507134784556429972779012340520282777714972376736304257273388513484090379761841379220654577830049195158882899745996505117478522006097424849349718320280863836400000000000e+00
1.853020188851841000000000000000000000000000000000000000000000000000000000000000000000000000000000000000000000000000000000000000000000000000000000000000000000000000000000000000000000000000000000000000000000000000000000000000000000000000000000000000000000000000000000000000000000000000000000000000000000e+15 1.355834241449435075313908089402959877062549688531131433234803278965900328753961846939657576858340808569797015400178625667970487943043401637120216375405589494364419778381982599701042278029610474575164196971757815652448029034936034649398266268614633850941900400062528354879015571887808170395600000000000e+00
5.559060566555523000000000000000000000000000000000000000000000000000000000000000000000000000000000000000000000000000000000000000000000000000000000000000000000000000000000000000000000000000000000000000000000000000000000000000000000000000000000000000000000000000000000000000000000000000000000000000000000e+15 1.379805727402822005922214720469004146168984872384379951928622728924643048819563315381944103910097276891444802127160060296070281801511771721514866083385737052570578028243683638537159185102189769112470817287031451454832925637593018867944213007835413742815708809784643321070821605439520478186400000000000e+00
