1.000000000000000000000000000000000000000000000000000000000000000000000000000000000000000000000000000000000000000000000000000000000000000000000000000000000000000000000000000000000000000000000000000000000000000000000000000000000000000000000000000000000000000000000000000000000000000000000000000000000000e+00 6.901094426716874954784559738763233545199891846141181691132175356393519844754134210614916051956490966909930340654838618902225356708067284176844686346015544791258164457793844538365340579903712452504931397027548932972433247730865078256771097315002014068855787447323487676339855688026343501769400000000000e-04
3.000000000000000000000000000000000000000000000000000000000000000000000000000000000000000000000000000000000000000000000000000000000000000000000000000000000000000000000000000000000000000000000000000000000000000000000000000000000000000000000000000000000000000000000000000000000000000000000000000000000000e+00 3.536973029133584435013045459462014444956906700466143037816654398334144192702376172814102294239724186260219168955601541428237795921288940143042143776363660425503180466930574123317613538383711318782440298049562045464592016757629281114549120356875401621782727322638026990241808298438698257907900000000000e-03
9.000000000000000000000000000000000000000000000000000000000000000000000000000000000000000000000000000000000000000000000000000000000000000000000000000000000000000000000000000000000000000000000000000000000000000000000000000000000000000000000000000000000000000000000000000000000000000000000000000000000000e+00 3.341479714400508153055761815850143600387286670971316194278506797772480303729003169961914385103346511512956536696409860153383339782119191815781583398960113281382083799437097523064126842370491569184015270072280690184420572927284717889221418106512836410817000972657201005993437765631560577795000000000000e-03
2.700000000000000000000000000000000000000000000000000000000000000000000000000000000000000000000000000000000000000000000000000000000000000000000000000000000000000000000000000000000000000000000000000000000000000000000000000000000000000000000000000000000000000000000000000000000000000000000000000000000000e+01 3.302723350992162300736901830559593491669035757658617893581432679291859103845262765329223296951923640448563375166070302684284008661268820766841761633308816519719421630348785360213194998678642971484861124667957484365853638053228906038828689923242998315171701754399005470703811998544724583942000000000000e-03
8.100000000000000000000000000000000000000000000000000000000000000000000000000000000000000000000000000000000000000000000000000000000000000000000000000000000000000000000000000000000000000000000000000000000000000000000000000000000000000000000000000000000000000000000000000000000000000000000000000000000000e+01 4.255433256594090813575556748466257229925634218061509994975519429446430942202326802450504519279827527728670911279726021655236430113472541246013207060487524399005859220794396570300337577862445524046041668318257408923909459788136527665402169641283565187514297966330250236436306900082744423427500000000000e-03
2.430000000000000000000000000000000000000000000000000000000000000000000000000000000000000000000000000000000000000000000000000000000000000000000000000000000000000000000000000000000000000000000000000000000000000000000000000000000000000000000000000000000000000000000000000000000000000000000000000000000000e+02 9.863599355695797928096140979429600119629818542732449615890418594833198017861638613687415701646095673719895295954215454586060160797376328608153529942115749975162793194225202926084226721666450652864006428045839137067581355963165450035717303528640170566252736122223076071229497115679009477860100000000000e-03
7.290000000000000000000000000000000000000000000000000000000000000000000000000000000000000000000000000000000000000000000000000000000000000000000000000000000000000000000000000000000000000000000000000000000000000000000000000000000000000000000000000000000000000000000000000000000000000000000000000000000000e+02 2.181278430425449969974784514976239183857586289630670464250231005212557182718935037974507964795405796964547251673139833450859213647149260871353971992088350510876989218032563238594284633530702589021742884742816650365337472653494755958202112686573456647940240154020088700220409783251965882908000000000000e-02
2.187000000000000000000000000000000000000000000000000000000000000000000000000000000000000000000000000000000000000000000000000000000000000000000000000000000000000000000000000000000000000000000000000000000000000000000000000000000000000000000000000000000000000000000000000000000000000000000000000000000000e+03 2.158172503195156347444105343603923114268334223101773565004959285890402132941189141149742707851247118764791539548079995370328523656526058839781735619004494721966803817484451017567386718718712724000097331057316042686792908837292854573160170923925095970850231957738862685293360533441735596290800000000000e-02
6.561000000000000000000000000000000000000000000000000000000000000000000000000000000000000000000000000000000000000000000000000000000000000000000000000000000000000000000000000000000000000000000000000000000000000000000000000000000000000000000000000000000000000000000000000000000000000000000000000000000000e+03 2.262994626225421611653388478411792304870491740811482671072921549953844645675690259242409547479617877250626987629660348895929913271821130926256738350599958147168768214247390365359090517530221711407795079123066759843777890890331309431006745569607577170664573984452514342415081772122725668398100000000000e-02
1.968300000000000000000000000000000000000000000000000000000000000000000000000000000000000000000000000000000000000000000000000000000000000000000000000000000000000000000000000000000000000000000000000000000000000000000000000000000000000000000000000000000000000000000000000000000000000000000000000000000000e+04 6.542814620913575366883975120174798123622061788306632129195331376793002326847591035488736257322342762739613698822126199720253889617312478684132387297976348710363399701734273566703513224910840342110504467207342819048216625348580565452152486048167515136009250871170161953800458968717645430184600000000000e-02
5.904900000000000000000000000000000000000000000000000000000000000000000000000000000000000000000000000000000000000000000000000000000000000000000000000000000000000000000000000000000000000000000000000000000000000000000000000000000000000000000000000000000000000000000000000000000000000000000000000000000000e+04 4.367456416039847890335040640184446663618075215442022526171736247587215721527902268086291381424421842632513113371011394180726502646887173827888810472489220515539464585660361512213542288341056855141778304824892312102586271964272548810771051287866060571315006729495522910252473850177165654634700000000000e-02
1.771470000000000000000000000000000000000000000000000000000000000000000000000000000000000000000000000000000000000000000000000000000000000000000000000000000000000000000000000000000000000000000000000000000000000000000000000000000000000000000000000000000000000000000000000000000000000000000000000000000000e+05 1.191557110934430737034671847734613285592914230341657890112292274397248971175209909888960117697035123482358428344327213411080688039772555739811123002924668763573619081821929581373888443160960173103362220702436626950610937156872405901185854106667354043376736068491602027352595129122474588399500000000000e-01
5.314410000000000000000000000000000000000000000000000000000000000000000000000000000000000000000000000000000000000000000000000000000000000000000000000000000000000000000000000000000000000000000000000000000000000000000000000000000000000000000000000000000000000000000000000000000000000000000000000000000000e+05 1.342092214495968603613521550453819892194913971389304142839432877149974245334094211961300408616956470390062521844998652247100214797700206363673846916490197287097489480916864104453521667994402907998165886237153171687090244044552180919336086493548919225045997376109212844998304472252261873933500000000000e-01
1.594323000000000000000000000000000000000000000000000000000000000000000000000000000000000000000000000000000000000000000000000000000000000000000000000000000000000000000000000000000000000000000000000000000000000000000000000000000000000000000000000000000000000000000000000000000000000000000000000000000000e+06 1.452255614442067093209787803470343360749660791069232463028712163914794358773722096436403081927447913965060682760809472139561610033293873209060021830189113956226945350680598281065464527487062296888798537946224158118986428009707662985576630019469256986527285632638414453291142090386030168419900000000000e-01
4.782969000000000000000000000000000000000000000000000000000000000000000000000000000000000000000000000000000000000000000000000000000000000000000000000000000000000000000000000000000000000000000000000000000000000000000000000000000000000000000000000000000000000000000000000000000000000000000000000000000000e+06 8.109800356401419731456258658900338861804397016454782799981112035305168954017467374132010827982940351889385539377708153925907447865059931267617692125824498171658881632962382428976550935701111446172224938090591437603963885238088827802761113251979382207928587033477533052062041320579085713311400000000000e-02
1.434890700000000000000000000000000000000000000000000000000000000000000000000000000000000000000000000000000000000000000000000000000000000000000000000000000000000000000000000000000000000000000000000000000000000000000000000000000000000000000000000000000000000000000000000000000000000000000000000000000000e+07 4.061815530339029919071646872017345311943096647475511135174689220165291788148237125569544429506070250672412381093890525954287233227416213492528555486889330883180746370276132923053068768803744729120640756362523219606557835032399250229152964927919862511180813482159788018980411139913979817452100000000000e-02
4.304672100000000000000000000000000000000000000000000000000000000000000000000000000000000000000000000000000000000000000000000000000000000000000000000000000000000000000000000000000000000000000000000000000000000000000000000000000000000000000000000000000000000000000000000000000000000000000000000000000000e+07 7.059719452583670460513863203734443744186217625549050816009189840393424555600437930834560333093318922610061377747173442353128245493866460435827040509108026532077881114966178881753920129667413405272561717733367817888337252807459949960992849399556581322828823933368541213377741824325382080603000000000000e-02
1.291401630000000000000000000000000000000000000000000000000000000000000000000000000000000000000000000000000000000000000000000000000000000000000000000000000000000000000000000000000000000000000000000000000000000000000000000000000000000000000000000000000000000000000000000000000000000000000000000000000000e+08 9.492657039291545955846983084017813834355969374707894020884331626165880322334062221956867885480652837235577073617348997006353622462131853204004406599355919394872692063698148174538662022129555608521775310998886079296628315794256440984940101709031376051925837822163548920179436925192369774851800000000000e-02
3.874204890000000000000000000000000000000000000000000000000000000000000000000000000000000000000000000000000000000000000000000000000000000000000000000000000000000000000000000000000000000000000000000000000000000000000000000000000000000000000000000000000000000000000000000000000000000000000000000000000000e+08 1.098247666839406497332137341436718911402648829730029820555750644227669851923050255880218287469800478294218627038437067939874391010071634953809641213263123912013895727039129904172221755600632868932960932885579524276319937297617939434621883974068969824446286668129274518022576887874503534954900000000000e-01
1.162261467000000000000000000000000000000000000000000000000000000000000000000000000000000000000000000000000000000000000000000000000000000000000000000000000000000000000000000000000000000000000000000000000000000000000000000000000000000000000000000000000000000000000000000000000000000000000000000000000000e+09 1.092903783132982286250628195502608716644060526101086199148291791636015656679489938413732249852542183929002641844490145928264240995688663508644798038571893939415937633847934966319379796301210090777056836331395529407080530964436632209299462869318381635711881641509341217410871131636807261937300000000000e-01
3.486784401000000000000000000000000000000000000000000000000000000000000000000000000000000000000000000000000000000000000000000000000000000000000000000000000000000000000000000000000000000000000000000000000000000000000000000000000000000000000000000000000000000000000000000000000000000000000000000000000000e+09 8.339110638326830761949613035822258605694340600305832547565754557157698779507412809693383798260550786905650458129814049985292920303185553114521970444685555931341844636927113788577186351004687785817405024623110603013075539128884889579404215138427331351287150391476706660765362861050160844144000000000000e-02
1.046035320300000000000000000000000000000000000000000000000000000000000000000000000000000000000000000000000000000000000000000000000000000000000000000000000000000000000000000000000000000000000000000000000000000000000000000000000000000000000000000000000000000000000000000000000000000000000000000000000000e+10 9.027935476401003079751639140006266720783031105255720695156704249250021349116764765483059188332596868775906907678501203547713446646688596008355000307947879977929511117651291695364641845197447100140806067176720782068855234299895701244849622465954872788380425312537703309650513048250407668564700000000000e-02
3.138105960900000000000000000000000000000000000000000000000000000000000000000000000000000000000000000000000000000000000000000000000000000000000000000000000000000000000000000000000000000000000000000000000000000000000000000000000000000000000000000000000000000000000000000000000000000000000000000000000000e+10 8.324727457781302095411542224183759431176269555385202100113199397945817712670975642676018372223190357239265610612264061974911946156350582480947040011986113426326345767619358533274277932619425351102332551538813143491884617395581869268732186513029585028201528145072610718738486055503774991279100000000000e-02
9.414317882700000000000000000000000000000000000000000000000000000000000000000000000000000000000000000000000000000000000000000000000000000000000000000000000000000000000000000000000000000000000000000000000000000000000000000000000000000000000000000000000000000000000000000000000000000000000000000000000000e+10 8.225389347262628853839359960880143959976324465063077145327918199193482128537632758933703956685211385575205504043439294032442276505817193629317714867385061751138580870625637346601611010415384455834608185157763803333432396503451724145064744029020353294782774225722486379400934026194042523067600000000000e-02
2.824295364810000000000000000000000000000000000000000000000000000000000000000000000000000000000000000000000000000000000000000000000000000000000000000000000000000000000000000000000000000000000000000000000000000000000000000000000000000000000000000000000000000000000000000000000000000000000000000000000000e+11 7.483319901597253306722127774894312757472609929000384316819158139956843367591634965935327679502005893693397225591859594361520000868874726953652080719496410814139226093842841766630991436920926022553267526349907085696708285638804242024434184308369222941246110043261921634188421864949024279256600000000000e-02
8.472886094430000000000000000000000000000000000000000000000000000000000000000000000000000000000000000000000000000000000000000000000000000000000000000000000000000000000000000000000000000000000000000000000000000000000000000000000000000000000000000000000000000000000000000000000000000000000000000000000000e+11 8.306396640382525213569135736138473449071735098253876272334141612852608747382377018095044602652809085423792420940241882313852810844746595381314761992454503697749984295540793828546313501334124424669626541538561612309892442562176371757324680233828066412641325883604408788324499441882352633125100000000000e-02
2.541865828329000000000000000000000000000000000000000000000000000000000000000000000000000000000000000000000000000000000000000000000000000000000000000000000000000000000000000000000000000000000000000000000000000000000000000000000000000000000000000000000000000000000000000000000000000000000000000000000000e+12 2.853488981169243223661164349507478564704825190827101928607440574456637524146816428752579648093596266396078780911346357463001535951806519902423663692526282576126945572640236835380422548274570171849873549806267853819242096753005420386239963495859582593996939653980049370488468483491960549737600000000000e-02
7.625597484987000000000000000000000000000000000000000000000000000000000000000000000000000000000000000000000000000000000000000000000000000000000000000000000000000000000000000000000000000000000000000000000000000000000000000000000000000000000000000000000000000000000000000000000000000000000000000000000000e+12 3.207783045382526045667471064804696286597626246416392484532266757782174674240405511603896037364669235526827477014799799788606493555363873635604455246238214242537936763818911127958243614024433924261784384615238698246303647223919326653954809230924917111553726867770778023651383925245006437597700000000000e-02
2.287679245496100000000000000000000000000000000000000000000000000000000000000000000000000000000000000000000000000000000000000000000000000000000000000000000000000000000000000000000000000000000000000000000000000000000000000000000000000000000000000000000000000000000000000000000000000000000000000000000000e+13 7.322278181173768233564419413883976267387973487386740798712674839693338910737187031969434376480060804825595226474510133607257587888211945922854676674803954444334262981687849023796610599582106139286017688354233016389340333656375549380469942089604006990215523435665650089353089265466032301043100000000000e-02
6.863037736488300000000000000000000000000000000000000000000000000000000000000000000000000000000000000000000000000000000000000000000000000000000000000000000000000000000000000000000000000000000000000000000000000000000000000000000000000000000000000000000000000000000000000000000000000000000000000000000000e+13 4.237223971857653392510305095197598177448599849939356620389388923749115866297222420565416868729194385169251613619972647899897495689643654183368813572210693181856039346799938560548584054586273843210425668091182342714998236247836375827654305257611454774881764832989881511289273363266225153724500000000000e-02
2.058911320946490000000000000000000000000000000000000000000000000000000000000000000000000000000000000000000000000000000000000000000000000000000000000000000000000000000000000000000000000000000000000000000000000000000000000000000000000000000000000000000000000000000000000000000000000000000000000000000000e+14 2.329737939775057480205650220203298164688836622474887186032854639470557954172500675028261518248843536878817129189813568477699789569613388368201952560536882448573871293520119315292333523085351611178360884398642950627681057624128603072739653383809568470242217063783703384762396641237027208352800000000000e-02
6.176733962839470000000000000000000000000000000000000000000000000000000000000000000000000000000000000000000000000000000000000000000000000000000000000000000000000000000000000000000000000000000000000000000000000000000000000000000000000000000000000000000000000000000000000000000000000000000000000000000000e+14 3.087232311672731429290129292537298903454013251325112447562079908384903860738929968509357029074083261993738789145751662865961229295590345445815031277049810986544947043685600727875371142774643182831836277469556780888149167866740477483663168683040660835083611754621480477632355550419746743979500000000000e-02
1.853020188851841000000000000000000000000000000000000000000000000000000000000000000000000000000000000000000000000000000000000000000000000000000000000000000000000000000000000000000000000000000000000000000000000000000000000000000000000000000000000000000000000000000000000000000000000000000000000000000000e+15 2.549209347813702163878576831166610418227170330269854493279535166616644814445581170964688422187512188966958377844142889769093571563521303504320982043536540479466888336278813849107052481021684416184090170319646570263449468136177272552915662921981377401218848213931647196113525959123472972548600000000000e-02
5.559060566555523000000000000000000000000000000000000000000000000000000000000000000000000000000000000000000000000000000000000000000000000000000000000000000000000000000000000000000000000000000000000000000000000000000000000000000000000000000000000000000000000000000000000000000000000000000000000000000000e+15 2.112011064194885542439248020198959075358856606636839741855840694388059345283277833341957687587422702162137582187097893015063304646586898741440410509645957933424867670820187550620783279310426887756033217964914157577349928284711511585829165541373185491405163105395118082915536866370302035033200000000000e-02
