1.000000000000000000000000000000000000000000000000000000000000000000000000000000000000000000000000000000000000000000000000000000000000000000000000000000000000000000000000000000000000000000000000000000000000000000000000000000000000000000000000000000000000000000000000000000000000000000000000000000000000e+01 5.492665530015529737521826612690188369214961807452931084823424078834149846347545105031813723844251967412659586593143205852130079756895416809870167267133854268482475945372225926064908674933105050969615399458418228878124055429054333630158681300074116807267849877253494714933098157141776992442200000000000e-16
3.000000000000000000000000000000000000000000000000000000000000000000000000000000000000000000000000000000000000000000000000000000000000000000000000000000000000000000000000000000000000000000000000000000000000000000000000000000000000000000000000000000000000000000000000000000000000000000000000000000000000e+01 3.358995707472329771113410390331270584443059589183629081937404281980612144327962028685277630883160217988812675071458608759843958453618243464532046404759964526168892207076631559887329612765588594889848165959045531653170678894558421483897858889763954148607940318641980849019125259832881641189600000000000e-15
9.000000000000000000000000000000000000000000000000000000000000000000000000000000000000000000000000000000000000000000000000000000000000000000000000000000000000000000000000000000000000000000000000000000000000000000000000000000000000000000000000000000000000000000000000000000000000000000000000000000000000e+01 2.198835489457834677731407325429971403564241979887662508161953582923521277161106308640847746501146861882726195813056573718026808076456866777096986170111665217683544060357355650574721868826464061477311328888881047700642440164726870330844076136039784897600198105585174932604191180196083869714300000000000e-15
2.700000000000000000000000000000000000000000000000000000000000000000000000000000000000000000000000000000000000000000000000000000000000000000000000000000000000000000000000000000000000000000000000000000000000000000000000000000000000000000000000000000000000000000000000000000000000000000000000000000000000e+02 1.373176176268001655030091435184771026010051600962516867467358760900328929522269083006029143905725516519265774635455730031669185064757494087336597281739803754360897357784269243178075202086612919563087350988167179274140840379918454326896253715184707074974839533838069107433104364939020402757600000000000e-14
8.100000000000000000000000000000000000000000000000000000000000000000000000000000000000000000000000000000000000000000000000000000000000000000000000000000000000000000000000000000000000000000000000000000000000000000000000000000000000000000000000000000000000000000000000000000000000000000000000000000000000e+02 2.278150629261861881483629668868196568080468073360804918649172856790974495322873528784489942227242705875160865728074555409870054193589838293136155319169061004075623272682596955139280983068996508902386729418404991052516749585922237783045273592687155129799480793568757529101937185885602728201600000000000e-14
2.430000000000000000000000000000000000000000000000000000000000000000000000000000000000000000000000000000000000000000000000000000000000000000000000000000000000000000000000000000000000000000000000000000000000000000000000000000000000000000000000000000000000000000000000000000000000000000000000000000000000e+03 1.479601610516639150125766282579205592207203138962572403787814181545284458320258872836057011791739537716341762069351956823195580570142380166724781612853002328373048543248336419327451741744391504983339727061583746865084776078440536492631789307489345866844463059795712629038904876368996878265000000000000e-13
7.290000000000000000000000000000000000000000000000000000000000000000000000000000000000000000000000000000000000000000000000000000000000000000000000000000000000000000000000000000000000000000000000000000000000000000000000000000000000000000000000000000000000000000000000000000000000000000000000000000000000e+03 4.318827555446395678655030736817335883370594414690196869008921359373276023635372228482390622094885520575556238786375427855574278632075293984191841825354739875034198670390076967189113269237652632151551907154221041591422579755384416676982450375181566820751201332246338962908343963939942385664900000000000e-13
2.187000000000000000000000000000000000000000000000000000000000000000000000000000000000000000000000000000000000000000000000000000000000000000000000000000000000000000000000000000000000000000000000000000000000000000000000000000000000000000000000000000000000000000000000000000000000000000000000000000000000e+04 1.582494393022930743614902958963908996921812875324946168480678490910994156381851655467366417075830644576946615016335202162523545594654608872387764204401894078480857411863024366356541755707241995563888572051525754213272584117632816689435398984979012478339048607072794911397728155096459547939100000000000e-12
6.561000000000000000000000000000000000000000000000000000000000000000000000000000000000000000000000000000000000000000000000000000000000000000000000000000000000000000000000000000000000000000000000000000000000000000000000000000000000000000000000000000000000000000000000000000000000000000000000000000000000e+04 1.320530294112901740465446094866192536502607633404519729461040314131361014132587265336092421598808851689230370256407464745804927165105432257741100694714613776862437117861306239917911978963113586174494382974523412992491937808997951250116151025145226700050885123951537625513906709127455225712800000000000e-12
1.968300000000000000000000000000000000000000000000000000000000000000000000000000000000000000000000000000000000000000000000000000000000000000000000000000000000000000000000000000000000000000000000000000000000000000000000000000000000000000000000000000000000000000000000000000000000000000000000000000000000e+05 2.401840460211861283529701515839223680875663656886800337858395037576817096061749353534763262669545566736672921603099880871255153959344151058435061433958408747325766452615814132260289627536154293155982858025917107225637535645819642764950087960660990714320404706063497917793550453390466744811100000000000e-12
5.904900000000000000000000000000000000000000000000000000000000000000000000000000000000000000000000000000000000000000000000000000000000000000000000000000000000000000000000000000000000000000000000000000000000000000000000000000000000000000000000000000000000000000000000000000000000000000000000000000000000e+05 2.025455209867988431732573472322389366279822981459656222980610954474732340202738589656859555466265588559709645291139209152651530550157826984813323269038741247118849413685962133064515307473859422651037534640997836599248708783355533953643737656178278260702230739257852965924108892965632646332400000000000e-11
1.771470000000000000000000000000000000000000000000000000000000000000000000000000000000000000000000000000000000000000000000000000000000000000000000000000000000000000000000000000000000000000000000000000000000000000000000000000000000000000000000000000000000000000000000000000000000000000000000000000000000e+06 6.688064280824747926089127915146824528725550655688004834757245520967788752049103815399640574042130565221623428430239501458829065546172631964368943677987183742028448733248823145358353861494948383141729453543451854463656071548410769741048560866063541808131920680021410865054851309722775033305900000000000e-11
5.314410000000000000000000000000000000000000000000000000000000000000000000000000000000000000000000000000000000000000000000000000000000000000000000000000000000000000000000000000000000000000000000000000000000000000000000000000000000000000000000000000000000000000000000000000000000000000000000000000000000e+06 4.604038629851206640785313668158927107492446479649453219674893101857055879316553190802791674664954104827974900693323175047640037502431679714600280486644487921613844038554685298688515192470089672870049447588767908816995984808391132561395086727408908459823326477689595372825136139185466332277200000000000e-10
1.594323000000000000000000000000000000000000000000000000000000000000000000000000000000000000000000000000000000000000000000000000000000000000000000000000000000000000000000000000000000000000000000000000000000000000000000000000000000000000000000000000000000000000000000000000000000000000000000000000000000e+07 6.527729958713822939174829749379367077630939996202429670142205839188742750287796857561019527847210496585165121875729433558941893049707491163507046154746288600229544286017023163616245376522854135856415622418066960919637312754681850390609513690095874393968816037724900487482345807247326662621100000000000e-10
4.782969000000000000000000000000000000000000000000000000000000000000000000000000000000000000000000000000000000000000000000000000000000000000000000000000000000000000000000000000000000000000000000000000000000000000000000000000000000000000000000000000000000000000000000000000000000000000000000000000000000e+07 1.594790259284197863210370882181149090087599340760364525752066253991991178620595307733625281633633665388468384005412813654490320445167404712653213706284749158623485219392901476355733045005009072300963081089358320535530388217742980716800325592210746102716128786599732699663233478528099514641000000000000e-09
1.434890700000000000000000000000000000000000000000000000000000000000000000000000000000000000000000000000000000000000000000000000000000000000000000000000000000000000000000000000000000000000000000000000000000000000000000000000000000000000000000000000000000000000000000000000000000000000000000000000000000e+08 6.012572965621426378643813221527591461783062716087362445522341936046406334231366855484462871722457876899112851259792003573331129709732855556992468777291597002449179728785422343874130068479952946451287047756721807932787624626957075653822705919183061416598369803016785614783625543548273861944100000000000e-09
4.304672100000000000000000000000000000000000000000000000000000000000000000000000000000000000000000000000000000000000000000000000000000000000000000000000000000000000000000000000000000000000000000000000000000000000000000000000000000000000000000000000000000000000000000000000000000000000000000000000000000e+08 3.113146547087390489475224225458024378820701195771787904409262600014958523616591897936950039504103235521550642876667137678422959122103256778675374377122305653234618164367094831841654836253493281751377903253475811550620257487154654688840244804507063318757395402704127559932212714723831293351800000000000e-08
1.291401630000000000000000000000000000000000000000000000000000000000000000000000000000000000000000000000000000000000000000000000000000000000000000000000000000000000000000000000000000000000000000000000000000000000000000000000000000000000000000000000000000000000000000000000000000000000000000000000000000e+09 3.821238511029428069052118263070241510607692728047198237587885836030876508394123030996316741505015022272485006974188016584650971527741585151674461188577942148095867226491791194412870840708064832636586547114069006387416614307263457552166309522346967814477566753536150718697304390584839332789200000000000e-08
3.874204890000000000000000000000000000000000000000000000000000000000000000000000000000000000000000000000000000000000000000000000000000000000000000000000000000000000000000000000000000000000000000000000000000000000000000000000000000000000000000000000000000000000000000000000000000000000000000000000000000e+09 2.983600307118849418452567923151323930554113953360611301644765100822290697519692769910196030020121386708074622322704759347991274233206195844282829716089192176426501683133591397422565740912367024580162092596650092469478221107462576999056614571737085992770216667287178495623858128451407586712600000000000e-07
1.162261467000000000000000000000000000000000000000000000000000000000000000000000000000000000000000000000000000000000000000000000000000000000000000000000000000000000000000000000000000000000000000000000000000000000000000000000000000000000000000000000000000000000000000000000000000000000000000000000000000e+10 5.803697985296433237015068487380855645794526798218124532530674467380318449711170248168101436527740870649578115049252320437151573347972241747529383956542842821427012679327145675440926539305509217748007066238206448316664103528761757348448061549013842250500485033639644273156143303020316689438000000000000e-07
3.486784401000000000000000000000000000000000000000000000000000000000000000000000000000000000000000000000000000000000000000000000000000000000000000000000000000000000000000000000000000000000000000000000000000000000000000000000000000000000000000000000000000000000000000000000000000000000000000000000000000e+10 5.516437635312626651916897791630900453959804294130510635653572551749202433620866263617504918925469036290132673358060067278355806914582281118892279594065839431574922971116904476193127672283958460248397465117014612352859600605652936449502642554442535556666722103120469837036779612454930540491900000000000e-07
1.046035320300000000000000000000000000000000000000000000000000000000000000000000000000000000000000000000000000000000000000000000000000000000000000000000000000000000000000000000000000000000000000000000000000000000000000000000000000000000000000000000000000000000000000000000000000000000000000000000000000e+11 7.389953711848006869129185484627938210359798116050813504472157959595708779704131417322903696093907037901236436687408406958969894910855025975628514888479204541167850932277280181473759164006806401411770019110650660290581377365239799453804054282554817662891464343645446348455491459522757948354200000000000e-06
3.138105960900000000000000000000000000000000000000000000000000000000000000000000000000000000000000000000000000000000000000000000000000000000000000000000000000000000000000000000000000000000000000000000000000000000000000000000000000000000000000000000000000000000000000000000000000000000000000000000000000e+11 2.452477292924947267902182318537932900784176523106152920741245355959903689220980932710526658706452916954279731761553322384210921345184435553841269241869397326277772115519647722262457920918808819619098080138058554044261218840155435321471726519284856436720847323228959098194814994896800343531700000000000e-05
9.414317882700000000000000000000000000000000000000000000000000000000000000000000000000000000000000000000000000000000000000000000000000000000000000000000000000000000000000000000000000000000000000000000000000000000000000000000000000000000000000000000000000000000000000000000000000000000000000000000000000e+11 7.648933978640866509242418131488610780129126857077275431373981506271543215813591731892366791521453649177226896233183181506779041250493933139322110992535402312389199088966883830979381963046225772899062960858546176225425120191221554982406325640832793936848120637564255228942167828241076232418200000000000e-05
2.824295364810000000000000000000000000000000000000000000000000000000000000000000000000000000000000000000000000000000000000000000000000000000000000000000000000000000000000000000000000000000000000000000000000000000000000000000000000000000000000000000000000000000000000000000000000000000000000000000000000e+12 1.316846445386182995207777228476321082479714505977619226943043390566448930879125433389610700882844751325227341709179083803224193086423389096411687106924983390322603935123920534685704900140383499286939696448785982843563113095047971767090430042162136218071465919523648603943028305556924452728800000000000e-04
8.472886094430000000000000000000000000000000000000000000000000000000000000000000000000000000000000000000000000000000000000000000000000000000000000000000000000000000000000000000000000000000000000000000000000000000000000000000000000000000000000000000000000000000000000000000000000000000000000000000000000e+12 5.303363598540280652024475476835495229168712632878249537704070692051457900835900645202090973808590384992109405562347670287075036180740080519640672526057192991518359388125815767580523417540563589212771172726249198726676912314151733103446513210301990739359863057513394437030772969621094378254500000000000e-04
2.541865828329000000000000000000000000000000000000000000000000000000000000000000000000000000000000000000000000000000000000000000000000000000000000000000000000000000000000000000000000000000000000000000000000000000000000000000000000000000000000000000000000000000000000000000000000000000000000000000000000e+13 6.255312386389640376450149182141479469349198199715803728022058195135801189757981195989740882803444616680138823338766096466772828687026129904600245768289190578619106672230719117858816842509318165692137799600124264511204046169134625664394553142096863597181484463784453472558798694264714376538900000000000e-04
7.625597484987000000000000000000000000000000000000000000000000000000000000000000000000000000000000000000000000000000000000000000000000000000000000000000000000000000000000000000000000000000000000000000000000000000000000000000000000000000000000000000000000000000000000000000000000000000000000000000000000e+13 6.534918439125401891336522751345140654673342202080827669976106291463089409282965546631348236023957449676252071899774579114675338229367334622803411336000894646058654532660769616434096812483125021130544456774312564719301027252464136962540788043275357794799589323898836000870594493376800265347400000000000e-03
2.287679245496100000000000000000000000000000000000000000000000000000000000000000000000000000000000000000000000000000000000000000000000000000000000000000000000000000000000000000000000000000000000000000000000000000000000000000000000000000000000000000000000000000000000000000000000000000000000000000000000e+14 3.695046349130360616184219375955925345420551132504576388081455654687622148687458528397634826015468607525240416710288926005897241553396826761047712441269720961020537648263258804007128218122890177820201148053046358277199187364956223980552791018231646820236035503484400359938716437492950241595000000000000e-02
6.863037736488300000000000000000000000000000000000000000000000000000000000000000000000000000000000000000000000000000000000000000000000000000000000000000000000000000000000000000000000000000000000000000000000000000000000000000000000000000000000000000000000000000000000000000000000000000000000000000000000e+14 1.613578129995135076028475517760518304117341542574680974828481991850741909977759963768686392112438037359317119646496620400076429896271709701746728499298106739604934348777393652927536258101974559978519354532799441855607957272963788909516174907515702579501883712599881484027697113435541099094600000000000e-02
2.058911320946490000000000000000000000000000000000000000000000000000000000000000000000000000000000000000000000000000000000000000000000000000000000000000000000000000000000000000000000000000000000000000000000000000000000000000000000000000000000000000000000000000000000000000000000000000000000000000000000e+15 7.160987856365916805332202961988866078633088163983206283423170854595223711103129836806071756606104295308656586885172755744576769333490737354390433860563317023003765996983792429922192828582617712773809268535644206234153265822081597087440863187141371942904571841551588471427875046875513231753700000000000e-02
6.176733962839470000000000000000000000000000000000000000000000000000000000000000000000000000000000000000000000000000000000000000000000000000000000000000000000000000000000000000000000000000000000000000000000000000000000000000000000000000000000000000000000000000000000000000000000000000000000000000000000e+15 4.262564215053241680900886610755814105921316545010571937389514679874302901867513203515260168372314030075569858108469048822786481527240358408721676621636178150603815334261790614821828434256634486536794829608644237081086874124773584224880148425710295557592846935201250097916794525410744802298400000000000e-01
