1.000000000000000000000000000000000000000000000000000000000000000000000000000000000000000000000000000000000000000000000000000000000000000000000000000000000000000000000000000000000000000000000000000000000000000000000000000000000000000000000000000000000000000000000000000000000000000000000000000000000000e+01 2.083099119295926883567759494861125289298953710206607757075726201747044612579806790550103536660150085153161508430065735863360122489656900178920635549529810897156086461202088091797130209814663748977526484762344600244074382245908682845712590185437498706972079486203276014732491407289166433373400000000000e-02
3.000000000000000000000000000000000000000000000000000000000000000000000000000000000000000000000000000000000000000000000000000000000000000000000000000000000000000000000000000000000000000000000000000000000000000000000000000000000000000000000000000000000000000000000000000000000000000000000000000000000000e+01 4.274609607224415528927652487824583392166718457393936435098669324870196280432189275419765246126412269931421699416819296355458181506022432982503738841322343446204272212472807665875760361559164647126515322874417277862888001162829875627194244666356109035806586392197382361215697580336860456920600000000000e-02
9.000000000000000000000000000000000000000000000000000000000000000000000000000000000000000000000000000000000000000000000000000000000000000000000000000000000000000000000000000000000000000000000000000000000000000000000000000000000000000000000000000000000000000000000000000000000000000000000000000000000000e+01 2.125370369689452467119511259279701943063281186966292435257907153182792200998776085421386850057941083603205120292358485472764465286243681208530655102438526393930052339428015206799051959702669659319131517157146349274175717798561039762210559918681305690617392945805354798862271253305484942880000000000000e-01
2.700000000000000000000000000000000000000000000000000000000000000000000000000000000000000000000000000000000000000000000000000000000000000000000000000000000000000000000000000000000000000000000000000000000000000000000000000000000000000000000000000000000000000000000000000000000000000000000000000000000000e+02 5.844608365401304709258212613676414805324190039152251823298714943075076081761019276305198652682253465664347099355443844428422264845034686393613347078690248762068906822631189471667396297559223973669859534826363308077384645130584541075551295971482728391929028950940043345491499234749025595562700000000000e-01
8.100000000000000000000000000000000000000000000000000000000000000000000000000000000000000000000000000000000000000000000000000000000000000000000000000000000000000000000000000000000000000000000000000000000000000000000000000000000000000000000000000000000000000000000000000000000000000000000000000000000000e+02 6.776492589566836353895240249675326230573464226024056673496841685115356407912207739355938893765681177886623790379833863057992035917296685904919459074061410410656274679343040851642796784312432722756031539871938326591262497509906644233239833446613596911071173030633807018432423727623104855529000000000000e-01
2.430000000000000000000000000000000000000000000000000000000000000000000000000000000000000000000000000000000000000000000000000000000000000000000000000000000000000000000000000000000000000000000000000000000000000000000000000000000000000000000000000000000000000000000000000000000000000000000000000000000000e+03 6.591896703784790298184604782112772862430547607461869484029354487374945563914696185135465186718497552138006283830456210658196819378419592157448760374555244675094442906284048496659164544735323401510989163706149641305096837725614855837689291615896500268505272544907835235482421171609001238189900000000000e-01
7.290000000000000000000000000000000000000000000000000000000000000000000000000000000000000000000000000000000000000000000000000000000000000000000000000000000000000000000000000000000000000000000000000000000000000000000000000000000000000000000000000000000000000000000000000000000000000000000000000000000000e+03 9.114614351453898412108792463655132040330185379463784985036968239646778833967777316283680384560006670985137217544434653835060974397963956460639136572231483896102707808419269088013913280307129521995607001976634208370276477270589700203453807392262697462940910321558276208985064921150768450771400000000000e-01
2.187000000000000000000000000000000000000000000000000000000000000000000000000000000000000000000000000000000000000000000000000000000000000000000000000000000000000000000000000000000000000000000000000000000000000000000000000000000000000000000000000000000000000000000000000000000000000000000000000000000000e+04 9.115324098400649440263618252408623419631990263628733094782401536797932339445658294088348986457807229944280487774807670152126135542983304939073211969494405429629059966806379794751786276677693619658186474997802078444874163617021148287956626243209050652791767657124313287746148787080191616094100000000000e-01
6.561000000000000000000000000000000000000000000000000000000000000000000000000000000000000000000000000000000000000000000000000000000000000000000000000000000000000000000000000000000000000000000000000000000000000000000000000000000000000000000000000000000000000000000000000000000000000000000000000000000000e+04 9.923041448282751080589939606448721546299106362159762230019142717609596279325153191478292845143293247668114989618736788847033831882494479905542533871892250090894829944554424509472132315398367605769099235763134650446858951402049972600543215018689185299226152359443286669147117561891364589488000000000000e-01
1.968300000000000000000000000000000000000000000000000000000000000000000000000000000000000000000000000000000000000000000000000000000000000000000000000000000000000000000000000000000000000000000000000000000000000000000000000000000000000000000000000000000000000000000000000000000000000000000000000000000000e+05 9.194034363249398654752248208776345699739907735505309607594566155112725581549796852558544610278474460437938787484766177775926224708717536421265856465996878138787320571295367566713214767557832460356481019189049887746210491763913549983319838858770058305281697772616818311998410368890285459041500000000000e-01
5.904900000000000000000000000000000000000000000000000000000000000000000000000000000000000000000000000000000000000000000000000000000000000000000000000000000000000000000000000000000000000000000000000000000000000000000000000000000000000000000000000000000000000000000000000000000000000000000000000000000000e+05 8.826700761735573026675282898971546051984364683125340565408124341619660575070829132044133221082062199293182221185522375043970570742506036412645510005116298149731751359258169005802690658805317547032629232605895736308440597473231543474563011611302354356337365462597398975411269754301653097346700000000000e-01
1.771470000000000000000000000000000000000000000000000000000000000000000000000000000000000000000000000000000000000000000000000000000000000000000000000000000000000000000000000000000000000000000000000000000000000000000000000000000000000000000000000000000000000000000000000000000000000000000000000000000000e+06 9.646162398306850042041502883576114037974550038440520522221394523153424908588588351043030587086443692521596051299313495231420186769744702268851249176276598553826304178152995692700209934088437770060886902633279162408535906629893926907358234512137412948512656247921986858202228622925080216321700000000000e-01
5.314410000000000000000000000000000000000000000000000000000000000000000000000000000000000000000000000000000000000000000000000000000000000000000000000000000000000000000000000000000000000000000000000000000000000000000000000000000000000000000000000000000000000000000000000000000000000000000000000000000000e+06 9.749893151951492186816351880573048928617900323890175986256558314809009982828412370798892230699315457486634627279980526403821356288740826206318857734771286874216174179010096983360447571687455456924080880355322789368009292911578660163226618231292775430055800876012081388865198312200965623424800000000000e-01
1.594323000000000000000000000000000000000000000000000000000000000000000000000000000000000000000000000000000000000000000000000000000000000000000000000000000000000000000000000000000000000000000000000000000000000000000000000000000000000000000000000000000000000000000000000000000000000000000000000000000000e+07 9.916556552905755373831960409210198388491754902564280573509783524680471996215701690234804000892461963898180034354437825564189017613213106500387109271777989610693201279428423440064264117183096360669010045691554135373000303053949321179725236032184389346824752895814098584256562895888342768739400000000000e-01
4.782969000000000000000000000000000000000000000000000000000000000000000000000000000000000000000000000000000000000000000000000000000000000000000000000000000000000000000000000000000000000000000000000000000000000000000000000000000000000000000000000000000000000000000000000000000000000000000000000000000000e+07 9.151269239073402630648428377147759529895435682638099721520740164689056124436513102644864277637908346572947485580290427939291606964977892198082087953277553890822298525704643845089654271797394788842881441736066507608237445442987527544952718021434963003817789428962531801364607350491218365052100000000000e-01
1.434890700000000000000000000000000000000000000000000000000000000000000000000000000000000000000000000000000000000000000000000000000000000000000000000000000000000000000000000000000000000000000000000000000000000000000000000000000000000000000000000000000000000000000000000000000000000000000000000000000000e+08 9.846131059199511611251480641217219883634776891276677108193855440488041758315762985920234330484587374951399051324036986081737524424739255715469874319325485973993716233635033981504597151008825979777571237727456726949714849176500372266294863607791699682379354428112346442905116157599166036653800000000000e-01
4.304672100000000000000000000000000000000000000000000000000000000000000000000000000000000000000000000000000000000000000000000000000000000000000000000000000000000000000000000000000000000000000000000000000000000000000000000000000000000000000000000000000000000000000000000000000000000000000000000000000000e+08 9.930445051558698224710529649570444282005814468100550718620031383923663723442035575353308604312799428608356270505747685539457438781600265717228993410545074536250809874309439480155356803276779359716906959113373539002609491922619758562462923470269507746175885631087545442272535434679484181519300000000000e-01
1.291401630000000000000000000000000000000000000000000000000000000000000000000000000000000000000000000000000000000000000000000000000000000000000000000000000000000000000000000000000000000000000000000000000000000000000000000000000000000000000000000000000000000000000000000000000000000000000000000000000000e+09 9.533344467558931399316576263872890731331527937750350362432151640398348116532925937774128213516341745763553430348820596162626948512818004240318082994169497894949363106187273158791142709648680622271164783559445295786083607450743763059133628350522109495951133540186805073709283120504028256204300000000000e-01
3.874204890000000000000000000000000000000000000000000000000000000000000000000000000000000000000000000000000000000000000000000000000000000000000000000000000000000000000000000000000000000000000000000000000000000000000000000000000000000000000000000000000000000000000000000000000000000000000000000000000000e+09 9.698977205288059534541837262419153770365938463911632942144197005305597596260456427581751312878859491583858275378731964623211078187327613198337630691982084299167444377546393481321159455669470718158160481373775348315784317652089232723287652526009666765874740725694174931560784991739990157561600000000000e-01
1.162261467000000000000000000000000000000000000000000000000000000000000000000000000000000000000000000000000000000000000000000000000000000000000000000000000000000000000000000000000000000000000000000000000000000000000000000000000000000000000000000000000000000000000000000000000000000000000000000000000000e+10 1.032279752214046780513818171963489246512586872364938596319470385026324288306837422412598054802623498215905814401938490951108201905892014096048158954344745680873485921614768304251622690359851295414105513016209393838029898869846092300751652245190137356031766841456820804460305807035815554849000000000000e+00
3.486784401000000000000000000000000000000000000000000000000000000000000000000000000000000000000000000000000000000000000000000000000000000000000000000000000000000000000000000000000000000000000000000000000000000000000000000000000000000000000000000000000000000000000000000000000000000000000000000000000000e+10 1.002586459335470109304114038755296453795680685131340420801958693847224488634020274404992809682889363279394443456341414285981018470020654104336750899288817532467897156756138296962042387535632164357408540919565856503514239925015541561679046357397429381294196256734186616975458869954433739191900000000000e+00
1.046035320300000000000000000000000000000000000000000000000000000000000000000000000000000000000000000000000000000000000000000000000000000000000000000000000000000000000000000000000000000000000000000000000000000000000000000000000000000000000000000000000000000000000000000000000000000000000000000000000000e+11 1.108555237025737130990693354712739367891453925177320031031909098080870009722587601556432568785763013787096898248762702281465956874041372090217647996229825434268788751096650052953994865744913187713532107158292495993163033972352067044221845331813505202160089876506032053597494275912166121910600000000000e+00
3.138105960900000000000000000000000000000000000000000000000000000000000000000000000000000000000000000000000000000000000000000000000000000000000000000000000000000000000000000000000000000000000000000000000000000000000000000000000000000000000000000000000000000000000000000000000000000000000000000000000000e+11 1.030384827198457100637244679658455306399779185968830991763347159074829772610369083673995431839185746846066050772170837998684023818761955069442694036389871900040583396640083978411259949685083694688148218130025936399627486530710506628136938901112996250546006632183786694631515480442939404056600000000000e+00
9.414317882700000000000000000000000000000000000000000000000000000000000000000000000000000000000000000000000000000000000000000000000000000000000000000000000000000000000000000000000000000000000000000000000000000000000000000000000000000000000000000000000000000000000000000000000000000000000000000000000000e+11 1.106359587341110251258299161939136996708847058049758155543214125004015439243049122981668127540776539322828823969149560181316308381411724061684598105894409983159467912437111219214948834164103897274375050835176020656247405771855813493333375798740087105579898111708748029957514377701480554275600000000000e+00
2.824295364810000000000000000000000000000000000000000000000000000000000000000000000000000000000000000000000000000000000000000000000000000000000000000000000000000000000000000000000000000000000000000000000000000000000000000000000000000000000000000000000000000000000000000000000000000000000000000000000000e+12 1.079158845541061966323237708815734824082465630611052927895412024433182248335307718611001390408390395320525474701151619246661714075391310946703779762608301203851022850167376799315636703988279381819778527696581507041283240883410720609634329677549793525622767963133261999766870026779008517313500000000000e+00
8.472886094430000000000000000000000000000000000000000000000000000000000000000000000000000000000000000000000000000000000000000000000000000000000000000000000000000000000000000000000000000000000000000000000000000000000000000000000000000000000000000000000000000000000000000000000000000000000000000000000000e+12 1.068584236380020612270084746364710797562727974939495747156210145569986626116504374343279745628176036674446947435191229409972226040684704331241455994027429623174397298175427281928629871928757445153192759838072396584486668180813818434319199230412881988294576533368378565773864930162584583868200000000000e+00
2.541865828329000000000000000000000000000000000000000000000000000000000000000000000000000000000000000000000000000000000000000000000000000000000000000000000000000000000000000000000000000000000000000000000000000000000000000000000000000000000000000000000000000000000000000000000000000000000000000000000000e+13 1.083405629323471638511661412288753600465882896603315482744905453314598090638796557255222886735738395013749495870934978269297262634563420068477969343489229392890605609673026046647706517709119326977868310886552175507855047077825714891282388936376676917031285458348017055744152217728913719022400000000000e+00
7.625597484987000000000000000000000000000000000000000000000000000000000000000000000000000000000000000000000000000000000000000000000000000000000000000000000000000000000000000000000000000000000000000000000000000000000000000000000000000000000000000000000000000000000000000000000000000000000000000000000000e+13 1.134218044612192831390432267030078541176625782993255447430647950606178876436590951935306889144017356946312989045575229975047020419686141495671331097245585116538157218047298044920153653979531699095257460754010559379708838628454882722896913778565011184317663450522516652690973712624401350706300000000000e+00
2.287679245496100000000000000000000000000000000000000000000000000000000000000000000000000000000000000000000000000000000000000000000000000000000000000000000000000000000000000000000000000000000000000000000000000000000000000000000000000000000000000000000000000000000000000000000000000000000000000000000000e+14 1.119910555278705815500725752566942969027793374416731917058908001510445126148127079568833191767173587540558147527398039796573196714056698826729376162438125279098877048767621556561918244987220050852733883047068505312146478925567052600930464352449972432391484137131280733708762867255502735334900000000000e+00
6.863037736488300000000000000000000000000000000000000000000000000000000000000000000000000000000000000000000000000000000000000000000000000000000000000000000000000000000000000000000000000000000000000000000000000000000000000000000000000000000000000000000000000000000000000000000000000000000000000000000000e+14 1.170092789136743794399793627458371366044177091802001272444465052329454487106824076115531392058654369659288562257231309584067466941925809059271687313480658889258837151044229867262713226713032258571657345024632744258083154087694202932963621963417270795697505909468936539229096565536922062787000000000000e+00
2.058911320946490000000000000000000000000000000000000000000000000000000000000000000000000000000000000000000000000000000000000000000000000000000000000000000000000000000000000000000000000000000000000000000000000000000000000000000000000000000000000000000000000000000000000000000000000000000000000000000000e+15 1.170750193577589095506035472755203264980979510178016853356079620161002559405898286545058405188450739355819394182800623696936116959839759944032588869703951784427566816586676864375824005148921341474730351934126951928930648179899602116452244774189108250421662037474893063055795286604581909662300000000000e+00
6.176733962839470000000000000000000000000000000000000000000000000000000000000000000000000000000000000000000000000000000000000000000000000000000000000000000000000000000000000000000000000000000000000000000000000000000000000000000000000000000000000000000000000000000000000000000000000000000000000000000000e+15 1.082661363810137254548547752215531355680003386504647960446724836348125205726350903320649408734873714838913922293686817767070692513365725533862189932808272267775284943228459471910813312961751980557615849766169951705478855441765248524557865225308022390504737695820803167654478564528945081334600000000000e+00
