1.000000000000000000000000000000000000000000000000000000000000000000000000000000000000000000000000000000000000000000000000000000000000000000000000000000000000000000000000000000000000000000000000000000000000000000000000000000000000000000000000000000000000000000000000000000000000000000000000000000000000e+01 4.471573137091246666959753353137318538446070800104421808848457861170932672462927889935288569949376099109736602482060898993495226591924020046845960321208801172962263126321755516397356509680675708031002620370030013503825563846877275501017744020118565735617557551911747587173535758930380550378300000000000e-07
3.000000000000000000000000000000000000000000000000000000000000000000000000000000000000000000000000000000000000000000000000000000000000000000000000000000000000000000000000000000000000000000000000000000000000000000000000000000000000000000000000000000000000000000000000000000000000000000000000000000000000e+01 4.521353247287932354688065641727742957367616150691147942811216102117337082648492774811912433308681302759411181184348311885617751423988206517206656327501820503158544670641949260339805551351788122840576459034848698162440115901576582486973839703048190978952353662531759807203911113222160219810900000000000e-07
9.000000000000000000000000000000000000000000000000000000000000000000000000000000000000000000000000000000000000000000000000000000000000000000000000000000000000000000000000000000000000000000000000000000000000000000000000000000000000000000000000000000000000000000000000000000000000000000000000000000000000e+01 5.836527468020193905016720239110087960977455053415793571473751384564959826023431847573008290029556194050536273896989120734474174419256211310728996469080044228259930825448085853993928874935613787144422891368121795768273988236636864785726139128145767887491320698170118761374247038711457238679300000000000e-07
2.700000000000000000000000000000000000000000000000000000000000000000000000000000000000000000000000000000000000000000000000000000000000000000000000000000000000000000000000000000000000000000000000000000000000000000000000000000000000000000000000000000000000000000000000000000000000000000000000000000000000e+02 4.873488336290626270689617434270878387736638065709455612643244763012805511838030831558568067390684366831453139431825706622139746979535411081186989018907475789912749956393642293172153869334810775319622538312335848394586956971066224861102814796513182488452378983155938358762102207021830382338600000000000e-07
8.100000000000000000000000000000000000000000000000000000000000000000000000000000000000000000000000000000000000000000000000000000000000000000000000000000000000000000000000000000000000000000000000000000000000000000000000000000000000000000000000000000000000000000000000000000000000000000000000000000000000e+02 4.945532045787789820491119325933904828804486427377387395337445318485607663989786934846082540098223012753027345116697333153044517651364464729459703505353697005548434863590317583105423314999506022920751667109170984152569477215308199738566927788380550160160293193123298803087743735335442926520100000000000e-07
2.430000000000000000000000000000000000000000000000000000000000000000000000000000000000000000000000000000000000000000000000000000000000000000000000000000000000000000000000000000000000000000000000000000000000000000000000000000000000000000000000000000000000000000000000000000000000000000000000000000000000e+03 3.678693961642083000705027259327468249491169045000796913844960213844762006161194565533592893151173329347674884033431761736878117094543981075708679604242544067306319900496542373101068367641568930596240489559461535953498663735843873694075369617413130660260797006204234102729397920865769093177800000000000e-07
7.290000000000000000000000000000000000000000000000000000000000000000000000000000000000000000000000000000000000000000000000000000000000000000000000000000000000000000000000000000000000000000000000000000000000000000000000000000000000000000000000000000000000000000000000000000000000000000000000000000000000e+03 4.968662646729975013352654065844110387033568905742434065223692785968957660068853829739585272128810306662088389786234421804683423646416048338877152135274881597830139054191757420581817924778911020476717943243658770679953168515298808694426937636990519321633652462018086020607280807048399350383000000000000e-07
2.187000000000000000000000000000000000000000000000000000000000000000000000000000000000000000000000000000000000000000000000000000000000000000000000000000000000000000000000000000000000000000000000000000000000000000000000000000000000000000000000000000000000000000000000000000000000000000000000000000000000e+04 4.202309655293987165311219086099810886255357991466996805406161286129792460482468320264327799469748466383304163060829119312239410707589266055593577901528488386059227055464120599101986346118295296167563175132602860143652743629916950263808546313386379575312936762622164838592381695266856630007600000000000e-07
6.561000000000000000000000000000000000000000000000000000000000000000000000000000000000000000000000000000000000000000000000000000000000000000000000000000000000000000000000000000000000000000000000000000000000000000000000000000000000000000000000000000000000000000000000000000000000000000000000000000000000e+04 5.733954187313649725246614886534808475839618449191129821058873463642966603645924056318638848774678461462994731695131204657722290465672064696733288729784749503195958986924134813222019699100693067308668374861450423244372937306201394141278062800862514985865680628311686201547235716221608771468700000000000e-07
1.968300000000000000000000000000000000000000000000000000000000000000000000000000000000000000000000000000000000000000000000000000000000000000000000000000000000000000000000000000000000000000000000000000000000000000000000000000000000000000000000000000000000000000000000000000000000000000000000000000000000e+05 5.733088052366094992547485598763223059758980549264350299367215861047346738152759028831551284791601164030287848960990090166398798052793751808218259623353475592399560766967316546735715944748101753582936999238194674930001917296097727280339212527961014587869855430218836035892744223900389949040100000000000e-07
5.904900000000000000000000000000000000000000000000000000000000000000000000000000000000000000000000000000000000000000000000000000000000000000000000000000000000000000000000000000000000000000000000000000000000000000000000000000000000000000000000000000000000000000000000000000000000000000000000000000000000e+05 4.447719102640766322679776034700442989551117905214288507295886370258068962283668254320498045261757131628980999273771899604329459150298280814151553188296515564188798528108874555560232625896048131979215437089724727624814157902804108215113592556940159686057466314709419792012113019990801940859000000000000e-07
1.771470000000000000000000000000000000000000000000000000000000000000000000000000000000000000000000000000000000000000000000000000000000000000000000000000000000000000000000000000000000000000000000000000000000000000000000000000000000000000000000000000000000000000000000000000000000000000000000000000000000e+06 6.871267763758849764270419689273857163544888002255074144804822301888686716850346085081277762831118307580387895886203495310320527356386933139185899487014155447270257504586389813361591085141481671621565025995326830923689266059543355765625176881707167537260064299088068357318788070282210589344800000000000e-07
5.314410000000000000000000000000000000000000000000000000000000000000000000000000000000000000000000000000000000000000000000000000000000000000000000000000000000000000000000000000000000000000000000000000000000000000000000000000000000000000000000000000000000000000000000000000000000000000000000000000000000e+06 4.838413854652277750459216910582004381094954035529201816221280229672851017206095053470718258994093933258888228010635660679223413549186087116699105515002975478557142530375947411381046750601133791329436004935466410797249093470299266029149972864631202997383920995569438411527115311150678099344800000000000e-07
1.594323000000000000000000000000000000000000000000000000000000000000000000000000000000000000000000000000000000000000000000000000000000000000000000000000000000000000000000000000000000000000000000000000000000000000000000000000000000000000000000000000000000000000000000000000000000000000000000000000000000e+07 5.026788139766430584787522592433586083644829819034274103931700660705581436703595658803207695417039469611724270559119529000990721764041932282482591310749837310378396779840235276025247263873653521933340287675370536379774925548507896043406177489364322885211093597556886866144105265762779005483800000000000e-07
4.782969000000000000000000000000000000000000000000000000000000000000000000000000000000000000000000000000000000000000000000000000000000000000000000000000000000000000000000000000000000000000000000000000000000000000000000000000000000000000000000000000000000000000000000000000000000000000000000000000000000e+07 4.977746561222257140087842982144408224865587110652611553684937949159132131117713750866324781980679642558777021275104177508858246063792943741128530902649299122929468864249139761167881969006581801800354244278018305399332266534287066532219482643825421999396963392137746205033421650472584181236900000000000e-07
1.434890700000000000000000000000000000000000000000000000000000000000000000000000000000000000000000000000000000000000000000000000000000000000000000000000000000000000000000000000000000000000000000000000000000000000000000000000000000000000000000000000000000000000000000000000000000000000000000000000000000e+08 4.417057025293906670038797752379123918811791008650883180983782274835973611894700551155967337993613854592749368733409726962928237748013853467907700445914376408970952797650188562127119202714470683955099678319664502534118886482102893837681987815741894713009193541229518910444886657706509508905300000000000e-07
4.304672100000000000000000000000000000000000000000000000000000000000000000000000000000000000000000000000000000000000000000000000000000000000000000000000000000000000000000000000000000000000000000000000000000000000000000000000000000000000000000000000000000000000000000000000000000000000000000000000000000e+08 4.770565777474567258980239811848146488881201548708972947161458488795634380312493169669685775074262900549838480031194712954651857251652325918282450949419336402061241295120686191960378784959945113208905846005419271683921913254298024789775833950959482181100384511775857793339589276933253453460700000000000e-07
1.291401630000000000000000000000000000000000000000000000000000000000000000000000000000000000000000000000000000000000000000000000000000000000000000000000000000000000000000000000000000000000000000000000000000000000000000000000000000000000000000000000000000000000000000000000000000000000000000000000000000e+09 3.517148046693606125121395616895267047523512984080709174636256076048695715511198550216055502168771297320309548782972579552088469658575981896109396216042075350733740532872728175291060778149021576581823814832958591352617483983795141967048477248457777053117278111814240629867183898127008466787600000000000e-07
3.874204890000000000000000000000000000000000000000000000000000000000000000000000000000000000000000000000000000000000000000000000000000000000000000000000000000000000000000000000000000000000000000000000000000000000000000000000000000000000000000000000000000000000000000000000000000000000000000000000000000e+09 6.618410935660961262933061378414087615319560320705710068271582331183765535258078657273146469928222960617174474118276521804033154991086365091366487178108694581086453401096369697535093988089889426649824283395634086503319319802128178552720846798697217518071317986945012065648537175870162632489300000000000e-07
1.162261467000000000000000000000000000000000000000000000000000000000000000000000000000000000000000000000000000000000000000000000000000000000000000000000000000000000000000000000000000000000000000000000000000000000000000000000000000000000000000000000000000000000000000000000000000000000000000000000000000e+10 8.406617601600515174751672927561083014917421494941594727946054184756906339384230598599791422262029507264600700746602886412819322757178524563081987716437419016836991150403185618972249859380418067785439215986175407339481763323443173978917950401837170851543369058306801045512983274113104125320700000000000e-07
3.486784401000000000000000000000000000000000000000000000000000000000000000000000000000000000000000000000000000000000000000000000000000000000000000000000000000000000000000000000000000000000000000000000000000000000000000000000000000000000000000000000000000000000000000000000000000000000000000000000000000e+10 1.251210078295501955505864744315556013387669754972466932745993004535483121377726982744442978797284842140737769987179520368424081044878172613503183418956151031078498522874176891502644206583729752243302517776462153080163500531012513719933111361607637911414174409562867972716112539413056412950800000000000e-06
1.046035320300000000000000000000000000000000000000000000000000000000000000000000000000000000000000000000000000000000000000000000000000000000000000000000000000000000000000000000000000000000000000000000000000000000000000000000000000000000000000000000000000000000000000000000000000000000000000000000000000e+11 1.177340018341274284609190514239556868737314294392636925469130316728347754315278580770047261071781588157974302916133955816596778186114053606950098225846409561262861489076158026303837435559806087012786163434392682702848117805167766745035821888353711776304805156637247262775735286180208967802700000000000e-05
3.138105960900000000000000000000000000000000000000000000000000000000000000000000000000000000000000000000000000000000000000000000000000000000000000000000000000000000000000000000000000000000000000000000000000000000000000000000000000000000000000000000000000000000000000000000000000000000000000000000000000e+11 2.725084331466551742412095244092455155237854374041441259257052317588883807389268154348696962614459754005131020811699809095640982678392388483752428379199268852033227978101873988912449323231827915330890721183993382111906570443094214189815153681567339495288856089564620968124140067880121202862700000000000e-05
9.414317882700000000000000000000000000000000000000000000000000000000000000000000000000000000000000000000000000000000000000000000000000000000000000000000000000000000000000000000000000000000000000000000000000000000000000000000000000000000000000000000000000000000000000000000000000000000000000000000000000e+11 1.038272461381388792544462812258845615713432527080587879808125135811293874263149830487926688603676500994278114413972939720587876817540642868252042417467379126050222414921187132997303466524938676193392316806729542467393651604263139959175007062868204264495549472068182201221265603282670843344400000000000e-04
2.824295364810000000000000000000000000000000000000000000000000000000000000000000000000000000000000000000000000000000000000000000000000000000000000000000000000000000000000000000000000000000000000000000000000000000000000000000000000000000000000000000000000000000000000000000000000000000000000000000000000e+12 1.964383469687564322689882846175535483625551222861534902955079974067835399627587617546969072394475092241065393059208422693582811319839277710091178872386225611856566671344184923855060204693707436094149860129253937424246634096918403637092386031171234319886837263936356496747781358268045113603000000000000e-04
8.472886094430000000000000000000000000000000000000000000000000000000000000000000000000000000000000000000000000000000000000000000000000000000000000000000000000000000000000000000000000000000000000000000000000000000000000000000000000000000000000000000000000000000000000000000000000000000000000000000000000e+12 8.360787095099828248676496742405244476411027548156540278474720824675441966549626579728765571691773565246031773819338530351378003526138964993429327787523919092741541624178564592773147023236431180604307129371182451267067326158559784806840748129435225971492450607420212245561029855912569112986400000000000e-04
2.541865828329000000000000000000000000000000000000000000000000000000000000000000000000000000000000000000000000000000000000000000000000000000000000000000000000000000000000000000000000000000000000000000000000000000000000000000000000000000000000000000000000000000000000000000000000000000000000000000000000e+13 7.524936673299822443285905901077196791348661637703162282178073554617384011675544192126346825661945384118275901832333192173875199242677681212123385190133221696887131267195691319611433396737184593773877405188193038550955166785197789641115229427295370702332574087857291936147598853301537762018600000000000e-04
7.625597484987000000000000000000000000000000000000000000000000000000000000000000000000000000000000000000000000000000000000000000000000000000000000000000000000000000000000000000000000000000000000000000000000000000000000000000000000000000000000000000000000000000000000000000000000000000000000000000000000e+13 1.063985461597633296448988999659869255668249835652484854280659316492552086913148583157143112536092007238313040753961508897481290729811424002866814644193307992575597027136247719282290941777446846377886196014746521343820524572248630043317789426295778165711635283347807827317479097397799154255700000000000e-02
2.287679245496100000000000000000000000000000000000000000000000000000000000000000000000000000000000000000000000000000000000000000000000000000000000000000000000000000000000000000000000000000000000000000000000000000000000000000000000000000000000000000000000000000000000000000000000000000000000000000000000e+14 4.859925799901984268213206075848734776955281671698301460231627475636846144819364121264120895557118138959465012424288319284327859794519299082264070642520356256443067648707910187690142040886723276761075161277918202674731223992803499961201245094770243523126471468811088700595348495206651047486300000000000e-02
6.863037736488300000000000000000000000000000000000000000000000000000000000000000000000000000000000000000000000000000000000000000000000000000000000000000000000000000000000000000000000000000000000000000000000000000000000000000000000000000000000000000000000000000000000000000000000000000000000000000000000e+14 3.444756868581047743156248417653612823539456751769682760631408580747088966925303311743936219916419036437531480237319420069263246982989466794074668781790654863356015083794924650254583666887032229228662076983167973851308005738344267502080426820623916586583630428447768483448280777107138228918500000000000e-02
2.058911320946490000000000000000000000000000000000000000000000000000000000000000000000000000000000000000000000000000000000000000000000000000000000000000000000000000000000000000000000000000000000000000000000000000000000000000000000000000000000000000000000000000000000000000000000000000000000000000000000e+15 6.257859041530777734804228092767510135777170062211534364856126700918364382765590662438700434481770651945576014291362111999394821430795109368339093991264088898061590340409324225221357445864196409973827739795664887112680116735224783117952272364803219322295454453665170092023578448909330043945700000000000e-02
6.176733962839470000000000000000000000000000000000000000000000000000000000000000000000000000000000000000000000000000000000000000000000000000000000000000000000000000000000000000000000000000000000000000000000000000000000000000000000000000000000000000000000000000000000000000000000000000000000000000000000e+15 6.229255298980365392990391417207054778255246574109641619724563344840390663358315320656394271685208014900917547796463468281229876739413209241104759256281104185054505425717830992831678758557002273883979199833538675703214976927415427082147091904664559710077925858001265852460419456879741153227000000000000e-01
