1.000000000000000000000000000000000000000000000000000000000000000000000000000000000000000000000000000000000000000000000000000000000000000000000000000000000000000000000000000000000000000000000000000000000000000000000000000000000000000000000000000000000000000000000000000000000000000000000000000000000000e+00 1.355075122224615283245689886596040209761610304840377444533282643484237236414198831197419317572575736268444142489735914831516525423167001642019659361296375149777629139799177592279042012840196971869177437448838366922075517187984551689707210105098327497618220555762436917551032225131704230245100000000000e-07
3.000000000000000000000000000000000000000000000000000000000000000000000000000000000000000000000000000000000000000000000000000000000000000000000000000000000000000000000000000000000000000000000000000000000000000000000000000000000000000000000000000000000000000000000000000000000000000000000000000000000000e+00 1.690181148445102554699410705805185498171593165514575671388501779211920345609397666007281538858365346814489502775099892379356495957722219178878607724129019601088960117612389035758633472969394732673885597317124795166861301286114455239665235852868176645470696337761089036114751045620266590386700000000000e-07
9.000000000000000000000000000000000000000000000000000000000000000000000000000000000000000000000000000000000000000000000000000000000000000000000000000000000000000000000000000000000000000000000000000000000000000000000000000000000000000000000000000000000000000000000000000000000000000000000000000000000000e+00 1.148530336224851304397275538763651160099836793552230829617303278538110264948880293415213406948298097762147815059066662118214367734721069615864217753682573640456120653335579617202158405916111937839680223414923156626389185497049678447183451658592775315403528701487614673691296534831058843821200000000000e-07
2.700000000000000000000000000000000000000000000000000000000000000000000000000000000000000000000000000000000000000000000000000000000000000000000000000000000000000000000000000000000000000000000000000000000000000000000000000000000000000000000000000000000000000000000000000000000000000000000000000000000000e+01 3.023362557554650714587241906868482091916169218857519318646982467757325534870250378024098556334025540331582357840590870330905222011568935270286917338062643691969822902925506375725618226027291182675823553364902227064574558419129164157109512458683173349862653558117860872894521823233694953809600000000000e-07
8.100000000000000000000000000000000000000000000000000000000000000000000000000000000000000000000000000000000000000000000000000000000000000000000000000000000000000000000000000000000000000000000000000000000000000000000000000000000000000000000000000000000000000000000000000000000000000000000000000000000000e+01 7.193834013473593929937616888535910060822940583762573363038659016373172316858491304376246776397980560897184445473140987588638892688115606442511266318888695324705482090216390004539471127953313149535941562986982429142335706375233697100895761311694435715220687732892012588546025455612776134848400000000000e-07
2.430000000000000000000000000000000000000000000000000000000000000000000000000000000000000000000000000000000000000000000000000000000000000000000000000000000000000000000000000000000000000000000000000000000000000000000000000000000000000000000000000000000000000000000000000000000000000000000000000000000000e+02 1.206019784206623810381125934522338900246475854133030139947855604092079508907157604691184691982938811493286422049948552695572901131612532221291504844641614381024688957566511785447059394235685887830389540154745388400135731279241100672063005364642250933213284070452821755164548869738021747187400000000000e-06
7.290000000000000000000000000000000000000000000000000000000000000000000000000000000000000000000000000000000000000000000000000000000000000000000000000000000000000000000000000000000000000000000000000000000000000000000000000000000000000000000000000000000000000000000000000000000000000000000000000000000000e+02 5.402793197789468319055349989076077642139809451428850414401577703518125726376950378514955981742335598922273633662821796210637487203414520554955396921475051018220758204940425666664727428658394495126377664859244805396833024615654263462140944759087069472985558190762847638355848655250214687463700000000000e-06
2.187000000000000000000000000000000000000000000000000000000000000000000000000000000000000000000000000000000000000000000000000000000000000000000000000000000000000000000000000000000000000000000000000000000000000000000000000000000000000000000000000000000000000000000000000000000000000000000000000000000000e+03 7.202820221369695254921857774703210702674056274605424028868993607578407336946445155591657540488382565472146265897709349738697984455040878815751553325245631198521127067945041926815596356860147130915068477327172858502036347109661545537058795876680219527858306022548313165462631362946378815859800000000000e-06
6.561000000000000000000000000000000000000000000000000000000000000000000000000000000000000000000000000000000000000000000000000000000000000000000000000000000000000000000000000000000000000000000000000000000000000000000000000000000000000000000000000000000000000000000000000000000000000000000000000000000000e+03 3.785790235849134681218963169916427851085242109354170112790833697124984563967428418609399114171312254973973030977674902634125629069633392188664220748102176885435498289173085608146326980518741979629294514681234616887665841483835544378479174410319965930254227454802523107512994417557160416008400000000000e-05
1.968300000000000000000000000000000000000000000000000000000000000000000000000000000000000000000000000000000000000000000000000000000000000000000000000000000000000000000000000000000000000000000000000000000000000000000000000000000000000000000000000000000000000000000000000000000000000000000000000000000000e+04 5.222871564684334545986379557514031049028646772898475865234560018827949834561176399859285748953330842480083436138283016525348801443716576320673994649601103475326699779650826247446209216506056103863374870257319924157620495800163197327537062301765533261348059718658560900673360488380712193473100000000000e-05
5.904900000000000000000000000000000000000000000000000000000000000000000000000000000000000000000000000000000000000000000000000000000000000000000000000000000000000000000000000000000000000000000000000000000000000000000000000000000000000000000000000000000000000000000000000000000000000000000000000000000000e+04 4.177263378475476400233126726397147377969170652303494901504295586413842194334792102850712324749672956880636062110813533235383900754401172565451964828203532269270553852240933724524888033498669623640229806978972339590790212900570766234905177545201598962583635149899618746726463308106847895055200000000000e-04
1.771470000000000000000000000000000000000000000000000000000000000000000000000000000000000000000000000000000000000000000000000000000000000000000000000000000000000000000000000000000000000000000000000000000000000000000000000000000000000000000000000000000000000000000000000000000000000000000000000000000000e+05 5.424804292716394500165274810154248754224349218608847533694231132240150084195421407738295241400831202173332474624233518870301642379243141211934139932108398405171254602321978502560471105139513042894550224946706511109568943943816245015781752803539646072099074223282500018983820300851837255997300000000000e-04
5.314410000000000000000000000000000000000000000000000000000000000000000000000000000000000000000000000000000000000000000000000000000000000000000000000000000000000000000000000000000000000000000000000000000000000000000000000000000000000000000000000000000000000000000000000000000000000000000000000000000000e+05 1.981079224521584951836842705841358199538430697082156685634576804593586498575664135055705870896038272093499512686787667716145046228572132908729576519786457627366948548081439550614414917872185460649993091329076976093418500414737461809249425187919734740412636160872322150930641406048194258187200000000000e-03
1.594323000000000000000000000000000000000000000000000000000000000000000000000000000000000000000000000000000000000000000000000000000000000000000000000000000000000000000000000000000000000000000000000000000000000000000000000000000000000000000000000000000000000000000000000000000000000000000000000000000000e+06 2.611597631305724180015934579821638418765689427976909565922281792100983532069576239627063464755622717429987828092905729663373334406406264197979659608951613734196653478133593427415818271023396483195939218260963323394143118573762747636153292708359766505923365173927800562427151656658405806077300000000000e-03
4.782969000000000000000000000000000000000000000000000000000000000000000000000000000000000000000000000000000000000000000000000000000000000000000000000000000000000000000000000000000000000000000000000000000000000000000000000000000000000000000000000000000000000000000000000000000000000000000000000000000000e+06 4.474889665622487538980027716413653905365790088186458738066141005675175643903814525395924415913135223626149023667541800093083390368890630740399634553545618747581229627333809558492131455669671926383416072897817923262819925787394115726839136606466545035945008171135016058048855490935694120008300000000000e-02
1.434890700000000000000000000000000000000000000000000000000000000000000000000000000000000000000000000000000000000000000000000000000000000000000000000000000000000000000000000000000000000000000000000000000000000000000000000000000000000000000000000000000000000000000000000000000000000000000000000000000000e+07 1.202241474137121808479119969151089618548337141563702705936896206682760857956545961100446773080424668410807959142525672840686698387739921037470241635637294014525913542481851358804114031823012614793130760998268516087337562898299439426175708783456023121774564820580608470852826938093187616191800000000000e-01
4.304672100000000000000000000000000000000000000000000000000000000000000000000000000000000000000000000000000000000000000000000000000000000000000000000000000000000000000000000000000000000000000000000000000000000000000000000000000000000000000000000000000000000000000000000000000000000000000000000000000000e+07 1.332494599283655636861505987185562150716578094969936883656306024004595450127291689877237654152969042682477925191408776524555112712713273915914098362113336011094920189214472825725986984823173312719407120797966457732096649768335905486265303696812506439050228041121446716409271480941896771319200000000000e-01
1.291401630000000000000000000000000000000000000000000000000000000000000000000000000000000000000000000000000000000000000000000000000000000000000000000000000000000000000000000000000000000000000000000000000000000000000000000000000000000000000000000000000000000000000000000000000000000000000000000000000000e+08 5.045335479252589524878019262315468763643030587848495345414413588575949425664607212103629909635437196929474875226031475157284174779306847319347921816174247424259646869733216937730608197488493022088510025873088659688376681460456274368667197178008515510074853124742085442553903268246850337164600000000000e-01
3.874204890000000000000000000000000000000000000000000000000000000000000000000000000000000000000000000000000000000000000000000000000000000000000000000000000000000000000000000000000000000000000000000000000000000000000000000000000000000000000000000000000000000000000000000000000000000000000000000000000000e+08 1.123161472559340366782440024918552790911992265638712438607791395853220730682362414039028908755079061377573073611880407541081763605597614326101525693014576126840077092262291407423709290739867143416850663155183995192341929226124038763087061137184645221895530854413059222484940073468559731415900000000000e-01
1.162261467000000000000000000000000000000000000000000000000000000000000000000000000000000000000000000000000000000000000000000000000000000000000000000000000000000000000000000000000000000000000000000000000000000000000000000000000000000000000000000000000000000000000000000000000000000000000000000000000000e+09 7.931100935097557140561316857741082164022094551742598417739107793446722458480450396696265156969535035369352330584219826420661657486410262468403082838368435492279171611257024645050996746081313053875365759724605562670910762459811820317958651128146623811324299661820557357439845993959774186360900000000000e-01
3.486784401000000000000000000000000000000000000000000000000000000000000000000000000000000000000000000000000000000000000000000000000000000000000000000000000000000000000000000000000000000000000000000000000000000000000000000000000000000000000000000000000000000000000000000000000000000000000000000000000000e+09 5.590315728109134294060201798223396303509013010589770789576423682083974309461491859510175107957160449548531956215057102873807292407576374077806327786696600977998737205793240902617617812414462516342180183215556575405376287309226384022428590715731432438997690876156838128918001137450813182125000000000000e-01
1.046035320300000000000000000000000000000000000000000000000000000000000000000000000000000000000000000000000000000000000000000000000000000000000000000000000000000000000000000000000000000000000000000000000000000000000000000000000000000000000000000000000000000000000000000000000000000000000000000000000000e+10 6.729191265972039889632323878442578099143780008222001045998414191859751323537697429748330997509350004043460634916589884487666213489962419655806601402823876604902936164156707570569054870774598825497782229522196306604564586267129569757231165990990473682747490561061801916373904824940905469542900000000000e-01
3.138105960900000000000000000000000000000000000000000000000000000000000000000000000000000000000000000000000000000000000000000000000000000000000000000000000000000000000000000000000000000000000000000000000000000000000000000000000000000000000000000000000000000000000000000000000000000000000000000000000000e+10 8.800351631832339532037384352973311243710129683985379201393962005943826194916256366359768069881000562476489403684985635153831699811365535470924658008728405688886617229470473693749523909722743758485994389362880465208714745934232599869779422242773301727983126344582455260215464101220939323462800000000000e-01
9.414317882700000000000000000000000000000000000000000000000000000000000000000000000000000000000000000000000000000000000000000000000000000000000000000000000000000000000000000000000000000000000000000000000000000000000000000000000000000000000000000000000000000000000000000000000000000000000000000000000000e+10 6.016332772604779151462257421087908384323998796936216445258828101090149912032097079123988711709082626340534003751783782645612968824534358746807467714107315791822345817686737350719010596690984174478676752410221468795522370606196854120406510180975142472430702091174384807793923391738186631008200000000000e-01
2.824295364810000000000000000000000000000000000000000000000000000000000000000000000000000000000000000000000000000000000000000000000000000000000000000000000000000000000000000000000000000000000000000000000000000000000000000000000000000000000000000000000000000000000000000000000000000000000000000000000000e+11 7.674131310064960463857638246865488206182033975706385051866013050284156567774858033039482199639548566767582089478369470297175697145676032693828570184731468175770609807171980797775670771217042727289115248200758877435480762117022384169453155773006334360300787967602526482522839752321140805716300000000000e-01
8.472886094430000000000000000000000000000000000000000000000000000000000000000000000000000000000000000000000000000000000000000000000000000000000000000000000000000000000000000000000000000000000000000000000000000000000000000000000000000000000000000000000000000000000000000000000000000000000000000000000000e+11 8.638932241661705574189729928580439828896186877313492305161204536582960767321280309646571642151085811328677769853221988344668517565484971665733518462970757125755697942499361419517743666128655029293103208073415333252769123773859096696310613117718332711602918653253601213120583700843620617951200000000000e-01
2.541865828329000000000000000000000000000000000000000000000000000000000000000000000000000000000000000000000000000000000000000000000000000000000000000000000000000000000000000000000000000000000000000000000000000000000000000000000000000000000000000000000000000000000000000000000000000000000000000000000000e+12 9.450644028468142781787305724753137173413364439395912499521548995945782190865614894575111668146800371071590336993811899259670345292625184653586262942195929029779299130734854233471934215677287487687091370826607686010486827401932532052027830758638464943703224217278020583214521317302078494909200000000000e-01
7.625597484987000000000000000000000000000000000000000000000000000000000000000000000000000000000000000000000000000000000000000000000000000000000000000000000000000000000000000000000000000000000000000000000000000000000000000000000000000000000000000000000000000000000000000000000000000000000000000000000000e+12 9.251993946070318303928516168240383802115872775401417190706599429243605517158054830303825248982282226712364258139012184980249411211783553366238207530133823987331940246331214365594036485348979781142927794786315208266643666382056933715215683134955993070918940918741752013403636011176297979581800000000000e-01
2.287679245496100000000000000000000000000000000000000000000000000000000000000000000000000000000000000000000000000000000000000000000000000000000000000000000000000000000000000000000000000000000000000000000000000000000000000000000000000000000000000000000000000000000000000000000000000000000000000000000000e+13 9.427722301188513825050077314637473746650862682184941938528086373182876813669364285676957466139915650992746217463701957081755859342736828318294171498920692662064509278867957976383654544671976209097266813201818944198864808844167821691659967127900837141083147505284694884511800501059837688986800000000000e-01
6.863037736488300000000000000000000000000000000000000000000000000000000000000000000000000000000000000000000000000000000000000000000000000000000000000000000000000000000000000000000000000000000000000000000000000000000000000000000000000000000000000000000000000000000000000000000000000000000000000000000000e+13 7.551158084065526631824350430057931511482331231786446900646831122977397299014501531297637472074792896149684091322697320708206988463564369580196965212347355216138880824686059392200779761753469928809175727181810639836128054856645780122095316133994794291076281390651595721824851069300715810683300000000000e-01
2.058911320946490000000000000000000000000000000000000000000000000000000000000000000000000000000000000000000000000000000000000000000000000000000000000000000000000000000000000000000000000000000000000000000000000000000000000000000000000000000000000000000000000000000000000000000000000000000000000000000000e+14 9.513761661521728508060591931112750149486195400006163219792447155163675967137396954697166011219899156579718954799355011611590318991407396100316989993519803963532394865192110193159711941608294508113606002169226127446015833406457982894513230756034349044699750079923022102034048510783587583078900000000000e-01
6.176733962839470000000000000000000000000000000000000000000000000000000000000000000000000000000000000000000000000000000000000000000000000000000000000000000000000000000000000000000000000000000000000000000000000000000000000000000000000000000000000000000000000000000000000000000000000000000000000000000000e+14 6.906517111798166312945484979625310000583233977937901498030143593141517709885487981112713927877243162794273182759570410738502797582191222027499745777507222849993992067044465560337765965156770576250682478600129466075168119471820701747253601109204647829006909625164462508764182880398897601520300000000000e-01
1.853020188851841000000000000000000000000000000000000000000000000000000000000000000000000000000000000000000000000000000000000000000000000000000000000000000000000000000000000000000000000000000000000000000000000000000000000000000000000000000000000000000000000000000000000000000000000000000000000000000000e+15 9.301362857049935410647317598631982786593765860243851402495443056800553821202213129872880046722896501238490318551043218130484665864853624409808688803245434127484813201681027755529389446241934395417467598035674167060695972722794983277873425915676668802793570333055438439037893611878089491713400000000000e-01
5.559060566555523000000000000000000000000000000000000000000000000000000000000000000000000000000000000000000000000000000000000000000000000000000000000000000000000000000000000000000000000000000000000000000000000000000000000000000000000000000000000000000000000000000000000000000000000000000000000000000000e+15 8.286167815305698879205489262928441940144766400314361962971288038566440942957807461757411710001686425933347662254568769408361371713574541277416699804609787763435437270428359727934537490635184153848104930596520799773435856442815663311640570167803171142587305881973735411812381062630092274119700000000000e-01
